951,20,820,715,467,362,1.0,-1,-1,-1
952,20,831,699,440,364,1.0,-1,-1,-1
953,20,850,694,396,340,1.0,-1,-1,-1
954,20,858,679,389,339,1.0,-1,-1,-1
955,20,853,638,424,382,1.0,-1,-1,-1
956,20,877,659,401,304,1.0,-1,-1,-1
957,20,883,617,442,358,1.0,-1,-1,-1
958,20,911,631,453,296,1.0,-1,-1,-1
959,20,945,631,420,279,1.0,-1,-1,-1
960,20,1005,613,425,275,1.0,-1,-1,-1
961,20,1053,578,433,329,1.0,-1,-1,-1
962,20,1088,600,420,261,1.0,-1,-1,-1
963,20,1163,553,462,331,1.0,-1,-1,-1
964,20,1211,581,454,247,1.0,-1,-1,-1
965,20,1271,530,520,306,1.0,-1,-1,-1
966,20,1351,543,466,248,1.0,-1,-1,-1
967,20,1434,529,454,243,1.0,-1,-1,-1
