951,7,820,715,467,362,1.0,-1,-1,-1
952,7,831,699,440,364,1.0,-1,-1,-1
953,7,850,694,396,340,1.0,-1,-1,-1
954,7,858,679,389,339,1.0,-1,-1,-1
955,7,853,638,424,382,1.0,-1,-1,-1
956,7,877,659,401,304,1.0,-1,-1,-1
957,7,883,617,442,358,1.0,-1,-1,-1
958,7,911,631,453,296,1.0,-1,-1,-1
959,7,945,631,420,279,1.0,-1,-1,-1
960,7,1005,613,425,275,1.0,-1,-1,-1
961,7,1053,578,433,329,1.0,-1,-1,-1
962,7,1088,600,420,261,1.0,-1,-1,-1
963,7,1163,553,462,331,1.0,-1,-1,-1
964,7,1211,581,454,247,1.0,-1,-1,-1
965,7,1271,530,520,306,1.0,-1,-1,-1
966,7,1351,543,466,248,1.0,-1,-1,-1
967,7,1434,529,454,243,1.0,-1,-1,-1
