951,8,820,715,467,362,1.0,-1,-1,-1
952,8,831,699,440,364,1.0,-1,-1,-1
953,8,850,694,396,340,1.0,-1,-1,-1
954,8,858,679,389,339,1.0,-1,-1,-1
955,8,853,638,424,382,1.0,-1,-1,-1
956,8,877,659,401,304,1.0,-1,-1,-1
957,8,883,617,442,358,1.0,-1,-1,-1
958,8,911,631,453,296,1.0,-1,-1,-1
959,8,945,631,420,279,1.0,-1,-1,-1
960,8,1005,613,425,275,1.0,-1,-1,-1
961,8,1053,578,433,329,1.0,-1,-1,-1
962,8,1088,600,420,261,1.0,-1,-1,-1
963,8,1163,553,462,331,1.0,-1,-1,-1
964,8,1211,581,454,247,1.0,-1,-1,-1
965,8,1271,530,520,306,1.0,-1,-1,-1
966,8,1351,543,466,248,1.0,-1,-1,-1
967,8,1434,529,454,243,1.0,-1,-1,-1
