32,41,783,785,388,293,1.0,-1,-1,-1
33,41,795,750,376,307,1.0,-1,-1,-1
34,41,808,716,363,307,1.0,-1,-1,-1
35,41,818,706,354,287,1.0,-1,-1,-1
36,41,825,661,346,284,1.0,-1,-1,-1
37,41,834,643,334,280,1.0,-1,-1,-1
38,41,843,613,320,256,1.0,-1,-1,-1
39,41,852,595,310,260,1.0,-1,-1,-1
40,41,860,579,301,255,1.0,-1,-1,-1
41,41,870,554,294,238,1.0,-1,-1,-1
42,41,880,543,282,234,1.0,-1,-1,-1
43,41,887,527,272,229,1.0,-1,-1,-1
44,41,893,515,263,221,1.0,-1,-1,-1
45,41,892,488,265,224,1.0,-1,-1,-1
46,41,898,480,256,217,1.0,-1,-1,-1
47,41,905,466,246,217,1.0,-1,-1,-1
48,41,913,453,235,213,1.0,-1,-1,-1
49,41,917,445,227,209,1.0,-1,-1,-1
50,41,921,420,237,214,1.0,-1,-1,-1
51,41,929,421,217,198,1.0,-1,-1,-1
52,41,921,424,218,181,1.0,-1,-1,-1
53,41,930,396,214,186,1.0,-1,-1,-1
54,41,933,392,210,186,1.0,-1,-1,-1
55,41,937,386,203,185,1.0,-1,-1,-1
56,41,944,370,198,166,1.0,-1,-1,-1
57,41,943,362,196,181,1.0,-1,-1,-1
58,41,944,361,194,176,1.0,-1,-1,-1
59,41,944,359,193,166,1.0,-1,-1,-1
60,41,946,357,192,160,1.0,-1,-1,-1
61,41,950,358,190,151,1.0,-1,-1,-1
62,41,955,334,186,165,1.0,-1,-1,-1
63,41,957,332,184,155,1.0,-1,-1,-1
64,41,958,327,181,151,1.0,-1,-1,-1
65,41,960,327,178,142,1.0,-1,-1,-1
66,41,961,306,178,155,1.0,-1,-1,-1
67,41,962,304,176,155,1.0,-1,-1,-1
68,41,964,307,174,143,1.0,-1,-1,-1
69,41,969,308,170,131,1.0,-1,-1,-1
70,41,973,304,165,128,1.0,-1,-1,-1
71,41,974,299,160,129,1.0,-1,-1,-1
72,41,974,295,158,130,1.0,-1,-1,-1
73,41,971,277,164,134,1.0,-1,-1,-1
74,41,974,275,161,130,1.0,-1,-1,-1
75,41,977,271,158,128,1.0,-1,-1,-1
76,41,980,264,155,130,1.0,-1,-1,-1
77,41,980,260,153,133,1.0,-1,-1,-1
78,41,981,256,149,134,1.0,-1,-1,-1
79,41,982,246,152,131,1.0,-1,-1,-1
80,41,983,243,151,132,1.0,-1,-1,-1
81,41,985,241,148,129,1.0,-1,-1,-1
82,41,988,236,144,129,1.0,-1,-1,-1
83,41,989,232,141,127,1.0,-1,-1,-1
84,41,988,226,141,132,1.0,-1,-1,-1
85,41,985,223,142,133,1.0,-1,-1,-1
86,41,984,220,142,134,1.0,-1,-1,-1
87,41,985,219,141,132,1.0,-1,-1,-1
88,41,988,219,136,118,1.0,-1,-1,-1
89,41,989,219,136,115,1.0,-1,-1,-1
90,41,989,217,136,112,1.0,-1,-1,-1
91,41,988,213,135,111,1.0,-1,-1,-1
92,41,987,210,134,109,1.0,-1,-1,-1
93,41,987,206,134,110,1.0,-1,-1,-1
94,41,987,202,134,112,1.0,-1,-1,-1
95,41,988,210,133,97,1.0,-1,-1,-1
96,41,990,207,132,97,1.0,-1,-1,-1
97,41,990,204,132,98,1.0,-1,-1,-1
98,41,989,202,133,98,1.0,-1,-1,-1
99,41,988,200,133,99,1.0,-1,-1,-1
100,41,988,199,132,98,1.0,-1,-1,-1
101,41,990,198,130,99,1.0,-1,-1,-1
102,41,992,189,123,96,1.0,-1,-1,-1
103,41,992,188,125,94,1.0,-1,-1,-1
104,41,992,186,125,95,1.0,-1,-1,-1
105,41,992,185,124,94,1.0,-1,-1,-1
106,41,992,181,123,95,1.0,-1,-1,-1
107,41,993,180,121,93,1.0,-1,-1,-1
108,41,994,176,120,94,1.0,-1,-1,-1
109,41,994,175,120,94,1.0,-1,-1,-1
109,42,796,745,379,276,1.0,-1,-1,-1
110,41,993,172,122,94,1.0,-1,-1,-1
110,42,800,710,374,317,1.0,-1,-1,-1
111,41,993,170,122,94,1.0,-1,-1,-1
111,42,809,674,363,277,1.0,-1,-1,-1
112,41,993,167,120,96,1.0,-1,-1,-1
112,42,814,647,356,301,1.0,-1,-1,-1
113,41,994,165,117,97,1.0,-1,-1,-1
113,42,823,630,347,292,1.0,-1,-1,-1
114,41,995,162,116,100,1.0,-1,-1,-1
114,42,833,594,338,279,1.0,-1,-1,-1
115,41,997,161,113,100,1.0,-1,-1,-1
115,42,845,579,324,266,1.0,-1,-1,-1
116,41,999,160,111,100,1.0,-1,-1,-1
116,42,853,570,314,254,1.0,-1,-1,-1
117,41,999,161,108,98,1.0,-1,-1,-1
117,42,863,538,303,246,1.0,-1,-1,-1
118,41,1001,158,103,89,1.0,-1,-1,-1
118,42,868,522,295,237,1.0,-1,-1,-1
119,41,999,158,105,89,1.0,-1,-1,-1
119,42,871,508,292,232,1.0,-1,-1,-1
120,41,999,158,105,88,1.0,-1,-1,-1
120,42,875,483,288,233,1.0,-1,-1,-1
121,42,885,473,274,226,1.0,-1,-1,-1
122,42,895,460,261,218,1.0,-1,-1,-1
123,42,903,449,250,211,1.0,-1,-1,-1
124,42,897,429,254,205,1.0,-1,-1,-1
125,42,904,424,244,202,1.0,-1,-1,-1
126,42,904,425,247,179,1.0,-1,-1,-1
127,42,914,400,227,197,1.0,-1,-1,-1
128,42,912,396,235,179,1.0,-1,-1,-1
129,42,926,382,220,186,1.0,-1,-1,-1
130,42,921,386,220,172,1.0,-1,-1,-1
131,42,932,364,211,173,1.0,-1,-1,-1
132,42,933,354,207,176,1.0,-1,-1,-1
133,42,934,349,205,174,1.0,-1,-1,-1
134,42,939,338,199,164,1.0,-1,-1,-1
135,42,941,330,194,168,1.0,-1,-1,-1
136,42,942,324,192,165,1.0,-1,-1,-1
137,43,880,120,105,91,1.0,-1,-1,-1
137,42,942,320,192,160,1.0,-1,-1,-1
138,43,878,120,107,92,1.0,-1,-1,-1
138,42,943,320,190,154,1.0,-1,-1,-1
139,43,875,119,110,93,1.0,-1,-1,-1
139,42,947,306,183,152,1.0,-1,-1,-1
140,43,875,118,109,95,1.0,-1,-1,-1
140,42,947,301,181,153,1.0,-1,-1,-1
141,43,874,115,110,98,1.0,-1,-1,-1
141,42,947,299,181,146,1.0,-1,-1,-1
142,43,873,114,111,101,1.0,-1,-1,-1
142,42,949,297,178,139,1.0,-1,-1,-1
143,43,871,113,113,103,1.0,-1,-1,-1
143,42,952,296,174,133,1.0,-1,-1,-1
144,43,870,112,114,105,1.0,-1,-1,-1
144,42,954,294,169,132,1.0,-1,-1,-1
145,43,871,112,113,105,1.0,-1,-1,-1
145,42,955,276,166,136,1.0,-1,-1,-1
146,43,866,125,103,100,1.0,-1,-1,-1
146,42,955,272,164,134,1.0,-1,-1,-1
147,43,862,121,113,108,1.0,-1,-1,-1
147,42,958,270,160,130,1.0,-1,-1,-1
148,43,860,118,117,115,1.0,-1,-1,-1
148,42,960,266,157,128,1.0,-1,-1,-1
149,43,858,117,121,118,1.0,-1,-1,-1
149,42,962,262,154,128,1.0,-1,-1,-1
150,43,861,114,117,120,1.0,-1,-1,-1
150,42,963,259,153,127,1.0,-1,-1,-1
151,43,858,114,120,121,1.0,-1,-1,-1
151,42,963,249,153,123,1.0,-1,-1,-1
152,43,855,116,124,122,1.0,-1,-1,-1
152,42,962,246,154,125,1.0,-1,-1,-1
153,43,852,118,125,122,1.0,-1,-1,-1
153,42,963,241,153,126,1.0,-1,-1,-1
154,43,852,121,125,121,1.0,-1,-1,-1
154,42,964,236,150,127,1.0,-1,-1,-1
155,43,850,125,125,118,1.0,-1,-1,-1
155,42,968,231,146,128,1.0,-1,-1,-1
156,43,848,128,125,118,1.0,-1,-1,-1
156,42,970,228,141,129,1.0,-1,-1,-1
157,43,844,131,127,117,1.0,-1,-1,-1
157,42,972,224,139,130,1.0,-1,-1,-1
158,43,842,133,129,119,1.0,-1,-1,-1
158,42,972,221,136,129,1.0,-1,-1,-1
159,43,839,136,131,119,1.0,-1,-1,-1
159,42,971,216,139,122,1.0,-1,-1,-1
160,43,838,138,132,121,1.0,-1,-1,-1
160,42,972,215,137,121,1.0,-1,-1,-1
161,43,839,139,130,122,1.0,-1,-1,-1
161,42,974,218,137,113,1.0,-1,-1,-1
161,44,760,763,419,315,1.0,-1,-1,-1
162,43,838,140,130,123,1.0,-1,-1,-1
162,42,975,214,136,112,1.0,-1,-1,-1
162,44,779,713,391,320,1.0,-1,-1,-1
163,43,837,140,130,124,1.0,-1,-1,-1
163,42,974,208,137,113,1.0,-1,-1,-1
163,44,782,664,409,348,1.0,-1,-1,-1
164,43,833,142,132,122,1.0,-1,-1,-1
164,42,974,202,137,117,1.0,-1,-1,-1
164,44,800,651,367,293,1.0,-1,-1,-1
165,43,831,142,132,122,1.0,-1,-1,-1
165,42,974,197,137,119,1.0,-1,-1,-1
165,44,813,635,349,284,1.0,-1,-1,-1
166,43,824,149,138,127,1.0,-1,-1,-1
166,42,975,194,137,120,1.0,-1,-1,-1
166,44,817,596,348,274,1.0,-1,-1,-1
167,43,822,150,139,127,1.0,-1,-1,-1
167,42,976,193,136,118,1.0,-1,-1,-1
167,44,826,578,338,269,1.0,-1,-1,-1
168,43,820,151,141,128,1.0,-1,-1,-1
168,42,977,193,135,114,1.0,-1,-1,-1
168,44,837,548,328,247,1.0,-1,-1,-1
169,43,819,154,143,127,1.0,-1,-1,-1
169,42,978,193,135,110,1.0,-1,-1,-1
169,44,851,537,310,242,1.0,-1,-1,-1
170,43,818,155,143,128,1.0,-1,-1,-1
170,42,976,193,141,109,1.0,-1,-1,-1
170,44,858,517,300,240,1.0,-1,-1,-1
171,43,817,156,142,132,1.0,-1,-1,-1
171,42,984,184,127,109,1.0,-1,-1,-1
171,44,861,506,295,235,1.0,-1,-1,-1
172,43,811,164,143,126,1.0,-1,-1,-1
172,42,982,187,132,100,1.0,-1,-1,-1
172,44,867,479,290,230,1.0,-1,-1,-1
173,43,810,166,145,128,1.0,-1,-1,-1
173,42,980,186,134,96,1.0,-1,-1,-1
173,44,877,467,277,221,1.0,-1,-1,-1
174,43,809,168,146,131,1.0,-1,-1,-1
174,42,982,186,132,95,1.0,-1,-1,-1
174,44,887,454,266,213,1.0,-1,-1,-1
175,43,805,169,149,133,1.0,-1,-1,-1
175,42,984,183,129,95,1.0,-1,-1,-1
175,44,894,447,257,204,1.0,-1,-1,-1
176,43,802,171,152,132,1.0,-1,-1,-1
176,42,986,180,125,95,1.0,-1,-1,-1
176,44,891,425,259,208,1.0,-1,-1,-1
177,43,801,184,145,131,1.0,-1,-1,-1
177,42,987,175,125,98,1.0,-1,-1,-1
177,44,897,413,252,206,1.0,-1,-1,-1
178,43,798,190,147,127,1.0,-1,-1,-1
178,42,987,173,123,97,1.0,-1,-1,-1
178,44,902,401,245,200,1.0,-1,-1,-1
179,43,794,197,150,122,1.0,-1,-1,-1
179,42,986,171,124,98,1.0,-1,-1,-1
179,44,908,391,236,194,1.0,-1,-1,-1
180,43,791,203,152,120,1.0,-1,-1,-1
180,42,985,168,127,98,1.0,-1,-1,-1
180,44,912,387,228,185,1.0,-1,-1,-1
181,43,786,204,157,123,1.0,-1,-1,-1
181,42,985,165,130,100,1.0,-1,-1,-1
181,44,917,382,224,182,1.0,-1,-1,-1
182,43,781,203,161,126,1.0,-1,-1,-1
182,42,985,162,130,102,1.0,-1,-1,-1
182,44,919,366,220,174,1.0,-1,-1,-1
183,43,775,202,166,126,1.0,-1,-1,-1
183,42,987,160,127,103,1.0,-1,-1,-1
183,44,925,358,211,177,1.0,-1,-1,-1
184,43,770,202,170,129,1.0,-1,-1,-1
184,42,987,158,125,106,1.0,-1,-1,-1
184,44,927,349,217,178,1.0,-1,-1,-1
185,43,768,214,167,144,1.0,-1,-1,-1
185,42,987,157,124,106,1.0,-1,-1,-1
185,44,929,338,217,161,1.0,-1,-1,-1
186,43,758,221,171,139,1.0,-1,-1,-1
186,42,988,156,122,107,1.0,-1,-1,-1
186,44,932,329,209,170,1.0,-1,-1,-1
187,43,753,222,178,144,1.0,-1,-1,-1
187,42,993,156,115,95,1.0,-1,-1,-1
187,44,936,323,204,166,1.0,-1,-1,-1
188,43,750,225,184,145,1.0,-1,-1,-1
188,42,994,156,115,94,1.0,-1,-1,-1
188,44,938,319,202,161,1.0,-1,-1,-1
189,43,747,225,187,151,1.0,-1,-1,-1
189,42,993,155,115,93,1.0,-1,-1,-1
189,44,942,307,199,154,1.0,-1,-1,-1
190,43,743,226,189,155,1.0,-1,-1,-1
190,42,993,154,115,90,1.0,-1,-1,-1
190,44,945,301,194,156,1.0,-1,-1,-1
191,43,738,228,192,160,1.0,-1,-1,-1
191,42,992,152,116,90,1.0,-1,-1,-1
191,44,945,296,192,153,1.0,-1,-1,-1
192,43,733,228,193,162,1.0,-1,-1,-1
192,42,992,150,116,89,1.0,-1,-1,-1
192,44,946,291,189,148,1.0,-1,-1,-1
193,43,725,240,192,173,1.0,-1,-1,-1
193,42,992,147,116,89,1.0,-1,-1,-1
193,44,949,290,185,142,1.0,-1,-1,-1
194,43,722,242,191,176,1.0,-1,-1,-1
194,42,991,145,117,89,1.0,-1,-1,-1
194,44,953,278,181,138,1.0,-1,-1,-1
195,43,719,246,194,179,1.0,-1,-1,-1
195,42,991,143,117,90,1.0,-1,-1,-1
195,44,955,273,178,138,1.0,-1,-1,-1
196,43,711,251,193,186,1.0,-1,-1,-1
196,42,990,142,119,89,1.0,-1,-1,-1
196,44,957,269,175,137,1.0,-1,-1,-1
197,43,703,256,204,183,1.0,-1,-1,-1
197,42,990,140,119,89,1.0,-1,-1,-1
197,44,960,266,169,132,1.0,-1,-1,-1
198,43,695,268,208,187,1.0,-1,-1,-1
198,42,989,139,121,88,1.0,-1,-1,-1
198,44,962,262,163,131,1.0,-1,-1,-1
199,43,686,271,214,193,1.0,-1,-1,-1
199,42,988,138,122,87,1.0,-1,-1,-1
199,44,962,259,159,130,1.0,-1,-1,-1
200,43,680,275,219,196,1.0,-1,-1,-1
200,42,988,137,122,88,1.0,-1,-1,-1
200,44,963,250,161,124,1.0,-1,-1,-1
201,43,675,280,221,197,1.0,-1,-1,-1
201,42,989,136,122,89,1.0,-1,-1,-1
201,44,963,247,159,126,1.0,-1,-1,-1
202,43,662,297,223,204,1.0,-1,-1,-1
202,42,990,135,122,89,1.0,-1,-1,-1
202,44,967,243,154,127,1.0,-1,-1,-1
203,43,651,302,226,206,1.0,-1,-1,-1
203,42,991,134,121,88,1.0,-1,-1,-1
203,44,970,238,150,126,1.0,-1,-1,-1
204,43,640,311,234,207,1.0,-1,-1,-1
204,42,991,134,119,86,1.0,-1,-1,-1
204,44,972,232,144,127,1.0,-1,-1,-1
205,43,633,320,236,209,1.0,-1,-1,-1
205,42,992,133,116,85,1.0,-1,-1,-1
205,44,972,226,142,129,1.0,-1,-1,-1
206,43,625,329,243,213,1.0,-1,-1,-1
206,42,993,133,114,84,1.0,-1,-1,-1
206,44,971,221,140,132,1.0,-1,-1,-1
207,43,621,335,242,219,1.0,-1,-1,-1
207,42,993,133,113,84,1.0,-1,-1,-1
207,44,971,220,140,130,1.0,-1,-1,-1
208,43,607,344,250,221,1.0,-1,-1,-1
208,42,994,133,112,84,1.0,-1,-1,-1
208,44,969,218,145,117,1.0,-1,-1,-1
209,43,598,356,254,236,1.0,-1,-1,-1
209,42,996,133,111,84,1.0,-1,-1,-1
209,44,971,217,142,116,1.0,-1,-1,-1
210,43,584,361,264,247,1.0,-1,-1,-1
210,42,996,132,111,83,1.0,-1,-1,-1
210,44,973,213,138,115,1.0,-1,-1,-1
211,43,568,372,273,252,1.0,-1,-1,-1
211,42,996,132,112,84,1.0,-1,-1,-1
211,44,974,207,135,117,1.0,-1,-1,-1
212,43,552,385,281,258,1.0,-1,-1,-1
212,42,995,133,113,83,1.0,-1,-1,-1
212,44,975,200,134,120,1.0,-1,-1,-1
213,43,539,392,287,265,1.0,-1,-1,-1
213,44,971,200,143,116,1.0,-1,-1,-1
214,43,524,411,301,277,1.0,-1,-1,-1
214,44,971,197,142,116,1.0,-1,-1,-1
215,43,495,421,318,283,1.0,-1,-1,-1
215,44,972,195,141,114,1.0,-1,-1,-1
216,43,479,432,327,297,1.0,-1,-1,-1
216,44,973,194,141,111,1.0,-1,-1,-1
217,43,459,445,340,303,1.0,-1,-1,-1
217,44,973,193,139,108,1.0,-1,-1,-1
218,43,435,462,351,328,1.0,-1,-1,-1
218,44,982,184,128,112,1.0,-1,-1,-1
219,43,406,478,354,332,1.0,-1,-1,-1
219,44,980,183,130,108,1.0,-1,-1,-1
220,43,389,494,366,337,1.0,-1,-1,-1
220,44,979,180,131,108,1.0,-1,-1,-1
221,43,364,535,378,339,1.0,-1,-1,-1
221,45,854,135,100,92,1.0,-1,-1,-1
221,44,980,176,131,109,1.0,-1,-1,-1
222,43,329,538,402,371,1.0,-1,-1,-1
222,45,852,136,102,93,1.0,-1,-1,-1
222,44,982,170,130,111,1.0,-1,-1,-1
223,43,298,549,411,385,1.0,-1,-1,-1
223,45,850,137,107,94,1.0,-1,-1,-1
223,44,978,178,140,101,1.0,-1,-1,-1
224,43,263,595,422,406,1.0,-1,-1,-1
224,45,847,138,109,94,1.0,-1,-1,-1
224,44,979,174,138,100,1.0,-1,-1,-1
225,43,243,619,430,420,1.0,-1,-1,-1
225,45,844,138,112,95,1.0,-1,-1,-1
225,44,979,171,137,100,1.0,-1,-1,-1
226,43,193,664,453,407,1.0,-1,-1,-1
226,45,843,139,111,95,1.0,-1,-1,-1
226,44,979,168,137,100,1.0,-1,-1,-1
227,45,842,140,113,97,1.0,-1,-1,-1
227,44,980,168,135,99,1.0,-1,-1,-1
228,45,842,141,113,97,1.0,-1,-1,-1
228,44,982,166,134,99,1.0,-1,-1,-1
229,45,841,143,115,98,1.0,-1,-1,-1
229,44,984,166,133,98,1.0,-1,-1,-1
230,45,839,144,115,98,1.0,-1,-1,-1
230,44,985,163,131,99,1.0,-1,-1,-1
231,45,837,144,116,99,1.0,-1,-1,-1
231,44,985,162,129,100,1.0,-1,-1,-1
232,45,836,146,118,100,1.0,-1,-1,-1
232,44,985,160,127,101,1.0,-1,-1,-1
233,45,834,147,118,101,1.0,-1,-1,-1
233,44,990,153,119,98,1.0,-1,-1,-1
234,45,834,148,119,101,1.0,-1,-1,-1
234,44,990,154,119,95,1.0,-1,-1,-1
235,45,834,150,118,100,1.0,-1,-1,-1
235,44,991,153,118,94,1.0,-1,-1,-1
236,45,836,152,112,99,1.0,-1,-1,-1
236,44,993,153,116,91,1.0,-1,-1,-1
237,45,839,153,106,98,1.0,-1,-1,-1
237,44,992,151,115,90,1.0,-1,-1,-1
238,45,833,157,111,107,1.0,-1,-1,-1
238,44,991,150,115,88,1.0,-1,-1,-1
239,45,824,157,117,111,1.0,-1,-1,-1
239,44,990,150,115,85,1.0,-1,-1,-1
240,45,822,157,120,114,1.0,-1,-1,-1
240,44,990,149,115,85,1.0,-1,-1,-1
241,45,821,159,120,113,1.0,-1,-1,-1
241,44,991,147,115,85,1.0,-1,-1,-1
242,45,821,160,119,113,1.0,-1,-1,-1
242,44,991,144,115,86,1.0,-1,-1,-1
243,45,819,166,119,106,1.0,-1,-1,-1
243,44,992,142,113,86,1.0,-1,-1,-1
244,45,816,169,121,104,1.0,-1,-1,-1
244,44,992,142,112,86,1.0,-1,-1,-1
245,45,813,172,124,101,1.0,-1,-1,-1
245,44,991,141,112,86,1.0,-1,-1,-1
246,45,811,175,126,102,1.0,-1,-1,-1
246,44,991,139,114,86,1.0,-1,-1,-1
247,45,810,177,127,103,1.0,-1,-1,-1
247,44,991,138,114,86,1.0,-1,-1,-1
248,45,809,180,128,104,1.0,-1,-1,-1
248,44,992,137,114,85,1.0,-1,-1,-1
249,45,808,182,131,106,1.0,-1,-1,-1
249,44,994,137,112,83,1.0,-1,-1,-1
250,45,807,186,131,104,1.0,-1,-1,-1
251,45,806,188,130,105,1.0,-1,-1,-1
252,45,804,188,130,106,1.0,-1,-1,-1
253,45,804,189,129,107,1.0,-1,-1,-1
254,45,799,190,134,114,1.0,-1,-1,-1
255,45,797,190,137,116,1.0,-1,-1,-1
256,45,795,190,138,119,1.0,-1,-1,-1
257,45,793,191,140,120,1.0,-1,-1,-1
258,45,790,194,141,120,1.0,-1,-1,-1
259,45,789,197,141,117,1.0,-1,-1,-1
260,45,787,202,142,115,1.0,-1,-1,-1
261,45,790,204,133,121,1.0,-1,-1,-1
262,45,789,209,133,120,1.0,-1,-1,-1
263,45,786,212,134,121,1.0,-1,-1,-1
263,46,877,121,102,90,1.0,-1,-1,-1
264,45,784,214,136,122,1.0,-1,-1,-1
264,46,875,120,103,93,1.0,-1,-1,-1
265,45,780,215,141,122,1.0,-1,-1,-1
265,46,874,119,104,96,1.0,-1,-1,-1
266,45,773,215,145,126,1.0,-1,-1,-1
266,46,874,118,105,97,1.0,-1,-1,-1
267,45,772,216,143,140,1.0,-1,-1,-1
267,46,869,120,101,95,1.0,-1,-1,-1
268,45,770,219,144,138,1.0,-1,-1,-1
268,46,868,120,103,95,1.0,-1,-1,-1
269,45,766,225,147,134,1.0,-1,-1,-1
269,46,866,118,105,98,1.0,-1,-1,-1
270,45,761,228,151,133,1.0,-1,-1,-1
270,46,865,118,106,100,1.0,-1,-1,-1
270,47,769,776,394,302,1.0,-1,-1,-1
271,45,756,232,154,135,1.0,-1,-1,-1
271,46,865,125,103,99,1.0,-1,-1,-1
271,47,762,739,380,295,1.0,-1,-1,-1
272,45,752,235,154,139,1.0,-1,-1,-1
272,46,862,123,107,104,1.0,-1,-1,-1
272,47,785,711,369,311,1.0,-1,-1,-1
273,45,748,239,154,140,1.0,-1,-1,-1
273,46,859,121,111,109,1.0,-1,-1,-1
273,47,792,675,361,277,1.0,-1,-1,-1
274,45,746,243,153,138,1.0,-1,-1,-1
274,46,857,121,113,110,1.0,-1,-1,-1
274,47,800,652,348,284,1.0,-1,-1,-1
275,45,743,254,150,137,1.0,-1,-1,-1
275,46,856,122,112,109,1.0,-1,-1,-1
275,47,812,636,335,275,1.0,-1,-1,-1
276,45,740,257,153,137,1.0,-1,-1,-1
276,46,855,126,114,106,1.0,-1,-1,-1
276,47,819,600,329,265,1.0,-1,-1,-1
277,45,735,259,159,138,1.0,-1,-1,-1
277,46,851,129,116,105,1.0,-1,-1,-1
277,47,826,582,321,260,1.0,-1,-1,-1
278,45,727,261,164,145,1.0,-1,-1,-1
278,46,848,129,120,106,1.0,-1,-1,-1
278,47,832,570,315,255,1.0,-1,-1,-1
279,45,724,264,166,150,1.0,-1,-1,-1
279,46,845,131,122,106,1.0,-1,-1,-1
279,47,844,541,296,239,1.0,-1,-1,-1
280,45,719,267,169,155,1.0,-1,-1,-1
280,46,843,132,122,106,1.0,-1,-1,-1
280,47,852,525,286,231,1.0,-1,-1,-1
281,45,713,271,173,155,1.0,-1,-1,-1
281,46,840,129,127,119,1.0,-1,-1,-1
281,47,856,513,284,224,1.0,-1,-1,-1
282,45,705,286,175,148,1.0,-1,-1,-1
282,46,840,131,126,119,1.0,-1,-1,-1
282,47,862,484,275,231,1.0,-1,-1,-1
283,45,699,286,179,153,1.0,-1,-1,-1
283,46,840,133,125,119,1.0,-1,-1,-1
283,47,869,474,269,223,1.0,-1,-1,-1
284,45,692,288,182,157,1.0,-1,-1,-1
284,46,839,133,124,120,1.0,-1,-1,-1
284,47,872,460,264,217,1.0,-1,-1,-1
285,45,688,292,185,161,1.0,-1,-1,-1
285,46,838,135,123,120,1.0,-1,-1,-1
285,47,877,448,259,211,1.0,-1,-1,-1
286,45,679,300,185,163,1.0,-1,-1,-1
286,46,836,137,123,121,1.0,-1,-1,-1
286,47,876,422,256,220,1.0,-1,-1,-1
287,45,677,304,185,163,1.0,-1,-1,-1
287,46,834,140,123,121,1.0,-1,-1,-1
287,47,883,414,248,219,1.0,-1,-1,-1
288,45,670,315,190,167,1.0,-1,-1,-1
288,46,832,142,123,121,1.0,-1,-1,-1
288,47,885,403,245,215,1.0,-1,-1,-1
289,45,667,317,188,172,1.0,-1,-1,-1
289,46,830,144,124,121,1.0,-1,-1,-1
289,47,888,393,242,210,1.0,-1,-1,-1
290,45,661,322,190,177,1.0,-1,-1,-1
290,46,829,145,125,120,1.0,-1,-1,-1
290,47,902,391,221,187,1.0,-1,-1,-1
291,45,653,326,195,180,1.0,-1,-1,-1
291,46,824,149,129,121,1.0,-1,-1,-1
291,47,907,384,214,185,1.0,-1,-1,-1
292,45,641,342,203,181,1.0,-1,-1,-1
292,46,823,148,130,123,1.0,-1,-1,-1
292,47,913,371,206,172,1.0,-1,-1,-1
293,45,635,338,211,195,1.0,-1,-1,-1
293,46,817,148,130,125,1.0,-1,-1,-1
293,47,917,363,202,176,1.0,-1,-1,-1
294,45,625,351,206,185,1.0,-1,-1,-1
294,46,816,149,132,127,1.0,-1,-1,-1
294,47,921,356,196,173,1.0,-1,-1,-1
295,45,615,358,212,186,1.0,-1,-1,-1
295,46,813,150,134,130,1.0,-1,-1,-1
295,47,923,353,196,168,1.0,-1,-1,-1
296,45,606,364,219,183,1.0,-1,-1,-1
296,46,811,154,135,128,1.0,-1,-1,-1
296,47,925,336,193,173,1.0,-1,-1,-1
297,45,593,373,227,198,1.0,-1,-1,-1
297,46,808,156,136,128,1.0,-1,-1,-1
297,47,930,331,189,172,1.0,-1,-1,-1
298,45,587,381,218,199,1.0,-1,-1,-1
298,46,804,159,138,128,1.0,-1,-1,-1
298,47,935,323,181,170,1.0,-1,-1,-1
299,45,571,385,240,213,1.0,-1,-1,-1
299,46,800,162,141,130,1.0,-1,-1,-1
299,47,936,318,179,164,1.0,-1,-1,-1
300,45,564,396,238,214,1.0,-1,-1,-1
300,46,797,165,141,133,1.0,-1,-1,-1
300,47,938,318,177,157,1.0,-1,-1,-1
301,45,559,407,234,215,1.0,-1,-1,-1
301,46,796,169,142,133,1.0,-1,-1,-1
301,47,940,301,174,164,1.0,-1,-1,-1
302,45,555,415,230,218,1.0,-1,-1,-1
302,46,795,172,141,133,1.0,-1,-1,-1
302,47,942,297,174,161,1.0,-1,-1,-1
303,45,538,425,238,213,1.0,-1,-1,-1
303,46,794,175,139,131,1.0,-1,-1,-1
303,47,943,293,173,155,1.0,-1,-1,-1
304,45,524,446,252,215,1.0,-1,-1,-1
304,46,790,184,143,128,1.0,-1,-1,-1
304,47,946,290,169,150,1.0,-1,-1,-1
305,45,507,460,265,217,1.0,-1,-1,-1
305,46,786,186,145,129,1.0,-1,-1,-1
305,47,948,288,164,146,1.0,-1,-1,-1
306,45,491,473,273,221,1.0,-1,-1,-1
306,46,788,182,136,139,1.0,-1,-1,-1
306,47,951,276,160,146,1.0,-1,-1,-1
307,45,474,481,280,232,1.0,-1,-1,-1
307,46,784,186,138,137,1.0,-1,-1,-1
307,47,951,271,160,146,1.0,-1,-1,-1
308,45,458,501,291,242,1.0,-1,-1,-1
308,46,781,190,141,136,1.0,-1,-1,-1
308,47,952,267,158,143,1.0,-1,-1,-1
309,45,446,513,287,240,1.0,-1,-1,-1
309,46,778,198,142,131,1.0,-1,-1,-1
309,47,951,265,159,151,1.0,-1,-1,-1
