0,215,490,476,523,350,1.0,-1,-1,-1
0,216,1120,70,207,139,1.0,-1,-1,-1
0,217,1416,498,352,254,1.0,-1,-1,-1
1,215,526,525,510,314,1.0,-1,-1,-1
1,216,1128,73,210,136,1.0,-1,-1,-1
1,217,1432,490,350,220,1.0,-1,-1,-1
2,215,561,544,528,322,1.0,-1,-1,-1
2,216,1140,62,202,132,1.0,-1,-1,-1
2,217,1420,480,353,232,1.0,-1,-1,-1
3,215,590,560,539,326,1.0,-1,-1,-1
3,216,1167,57,197,131,1.0,-1,-1,-1
3,217,1409,472,354,239,1.0,-1,-1,-1
4,215,661,577,534,329,1.0,-1,-1,-1
4,216,1181,53,187,128,1.0,-1,-1,-1
4,217,1397,466,357,246,1.0,-1,-1,-1
5,215,701,611,549,327,1.0,-1,-1,-1
5,216,1206,50,182,127,1.0,-1,-1,-1
5,217,1386,463,361,243,1.0,-1,-1,-1
6,215,710,622,591,328,1.0,-1,-1,-1
6,216,1219,45,167,126,1.0,-1,-1,-1
6,217,1379,458,362,244,1.0,-1,-1,-1
7,215,820,624,551,340,1.0,-1,-1,-1
7,216,1232,41,157,125,1.0,-1,-1,-1
7,217,1348,445,376,250,1.0,-1,-1,-1
8,215,866,638,550,347,1.0,-1,-1,-1
8,216,1243,38,149,124,1.0,-1,-1,-1
8,217,1334,435,376,256,1.0,-1,-1,-1
9,215,954,655,522,368,1.0,-1,-1,-1
9,216,1257,36,130,112,1.0,-1,-1,-1
9,217,1318,428,377,257,1.0,-1,-1,-1
10,215,1002,681,514,359,1.0,-1,-1,-1
10,216,1269,31,130,110,1.0,-1,-1,-1
10,217,1304,424,381,253,1.0,-1,-1,-1
11,215,1025,701,538,346,1.0,-1,-1,-1
11,216,1273,24,129,113,1.0,-1,-1,-1
11,217,1261,421,411,249,1.0,-1,-1,-1
12,215,1144,722,493,345,1.0,-1,-1,-1
12,216,1281,26,121,104,1.0,-1,-1,-1
12,217,1257,402,395,248,1.0,-1,-1,-1
13,215,1197,758,484,320,1.0,-1,-1,-1
13,216,1287,21,118,102,1.0,-1,-1,-1
13,217,1239,397,393,248,1.0,-1,-1,-1
14,215,1261,769,508,309,1.0,-1,-1,-1
14,216,1294,16,112,104,1.0,-1,-1,-1
14,217,1226,394,389,243,1.0,-1,-1,-1
15,216,1300,13,108,103,1.0,-1,-1,-1
15,217,1191,384,386,246,1.0,-1,-1,-1
16,216,1305,5,104,97,1.0,-1,-1,-1
16,217,1174,374,383,248,1.0,-1,-1,-1
17,216,1308,4,102,96,1.0,-1,-1,-1
17,217,1154,366,390,241,1.0,-1,-1,-1
18,216,1310,1,99,92,1.0,-1,-1,-1
18,217,1107,356,408,244,1.0,-1,-1,-1
19,217,1086,346,409,220,1.0,-1,-1,-1
20,217,1063,342,422,214,1.0,-1,-1,-1
21,217,1030,331,391,218,1.0,-1,-1,-1
22,217,1010,324,391,215,1.0,-1,-1,-1
23,217,967,313,380,217,1.0,-1,-1,-1
24,217,943,304,385,217,1.0,-1,-1,-1
25,217,895,297,389,212,1.0,-1,-1,-1
26,218,960,5,192,120,1.0,-1,-1,-1
26,217,870,294,396,206,1.0,-1,-1,-1
27,218,958,5,196,120,1.0,-1,-1,-1
27,217,848,282,405,197,1.0,-1,-1,-1
28,218,953,6,199,119,1.0,-1,-1,-1
28,217,812,277,372,196,1.0,-1,-1,-1
29,218,948,6,204,119,1.0,-1,-1,-1
29,217,788,271,382,191,1.0,-1,-1,-1
30,218,941,7,207,120,1.0,-1,-1,-1
30,217,746,264,366,190,1.0,-1,-1,-1
31,218,934,5,215,123,1.0,-1,-1,-1
31,217,724,258,367,188,1.0,-1,-1,-1
32,219,0,541,238,240,1.0,-1,-1,-1
32,218,919,9,212,124,1.0,-1,-1,-1
32,217,680,257,356,185,1.0,-1,-1,-1
33,219,0,542,250,235,1.0,-1,-1,-1
33,218,915,9,219,123,1.0,-1,-1,-1
33,217,657,254,357,178,1.0,-1,-1,-1
34,219,0,541,262,231,1.0,-1,-1,-1
34,218,907,10,228,122,1.0,-1,-1,-1
34,217,612,253,354,175,1.0,-1,-1,-1
35,219,0,541,273,229,1.0,-1,-1,-1
35,218,897,10,241,123,1.0,-1,-1,-1
35,217,588,252,356,166,1.0,-1,-1,-1
36,219,0,540,283,230,1.0,-1,-1,-1
36,218,889,8,245,125,1.0,-1,-1,-1
36,217,552,251,338,164,1.0,-1,-1,-1
37,219,17,541,285,228,1.0,-1,-1,-1
37,218,887,8,239,126,1.0,-1,-1,-1
37,217,533,250,332,160,1.0,-1,-1,-1
38,219,22,540,300,227,1.0,-1,-1,-1
38,218,864,7,245,135,1.0,-1,-1,-1
38,217,495,257,309,137,1.0,-1,-1,-1
39,219,29,538,313,230,1.0,-1,-1,-1
39,218,854,6,251,139,1.0,-1,-1,-1
39,217,470,247,326,160,1.0,-1,-1,-1
40,219,34,537,326,231,1.0,-1,-1,-1
40,218,848,3,254,142,1.0,-1,-1,-1
40,217,455,252,304,145,1.0,-1,-1,-1
41,219,33,535,345,237,1.0,-1,-1,-1
41,218,826,11,249,144,1.0,-1,-1,-1
41,217,428,251,285,149,1.0,-1,-1,-1
42,219,74,541,329,214,1.0,-1,-1,-1
42,218,817,11,256,144,1.0,-1,-1,-1
42,217,386,245,318,163,1.0,-1,-1,-1
43,219,84,540,343,214,1.0,-1,-1,-1
43,218,807,8,262,147,1.0,-1,-1,-1
43,217,372,253,260,147,1.0,-1,-1,-1
44,219,95,537,354,216,1.0,-1,-1,-1
44,218,789,16,249,145,1.0,-1,-1,-1
44,217,331,244,304,167,1.0,-1,-1,-1
45,219,92,532,380,224,1.0,-1,-1,-1
45,218,777,13,260,149,1.0,-1,-1,-1
45,217,332,254,253,153,1.0,-1,-1,-1
46,219,138,530,362,228,1.0,-1,-1,-1
46,218,754,36,244,133,1.0,-1,-1,-1
46,217,305,257,242,153,1.0,-1,-1,-1
47,219,153,530,371,232,1.0,-1,-1,-1
47,218,741,33,258,139,1.0,-1,-1,-1
47,217,275,262,235,150,1.0,-1,-1,-1
48,219,164,529,381,232,1.0,-1,-1,-1
48,218,727,31,270,144,1.0,-1,-1,-1
48,217,268,267,231,147,1.0,-1,-1,-1
49,219,207,524,383,246,1.0,-1,-1,-1
49,218,697,19,302,167,1.0,-1,-1,-1
49,217,238,273,228,150,1.0,-1,-1,-1
50,219,223,523,392,252,1.0,-1,-1,-1
50,218,682,20,304,168,1.0,-1,-1,-1
50,217,209,292,214,142,1.0,-1,-1,-1
50,220,0,434,223,184,1.0,-1,-1,-1
51,219,256,528,413,259,1.0,-1,-1,-1
51,218,667,21,313,168,1.0,-1,-1,-1
51,217,203,293,211,144,1.0,-1,-1,-1
51,220,1,425,232,187,1.0,-1,-1,-1
52,219,270,529,424,268,1.0,-1,-1,-1
52,218,639,28,313,167,1.0,-1,-1,-1
52,217,174,300,203,143,1.0,-1,-1,-1
52,220,13,415,242,191,1.0,-1,-1,-1
53,219,299,534,398,264,1.0,-1,-1,-1
53,218,623,30,317,169,1.0,-1,-1,-1
53,217,147,308,195,141,1.0,-1,-1,-1
53,220,25,406,251,194,1.0,-1,-1,-1
54,219,322,557,465,277,1.0,-1,-1,-1
54,218,604,33,320,171,1.0,-1,-1,-1
54,217,141,312,189,137,1.0,-1,-1,-1
54,220,37,397,261,197,1.0,-1,-1,-1
55,219,318,522,498,331,1.0,-1,-1,-1
55,218,592,36,320,175,1.0,-1,-1,-1
55,220,49,388,271,201,1.0,-1,-1,-1
56,219,387,539,485,326,1.0,-1,-1,-1
56,218,561,49,312,178,1.0,-1,-1,-1
56,220,61,378,280,204,1.0,-1,-1,-1
57,219,422,551,491,330,1.0,-1,-1,-1
57,218,546,51,308,182,1.0,-1,-1,-1
57,220,73,369,297,204,1.0,-1,-1,-1
58,219,452,565,503,326,1.0,-1,-1,-1
58,218,527,49,313,185,1.0,-1,-1,-1
58,220,86,359,313,204,1.0,-1,-1,-1
59,219,523,567,498,336,1.0,-1,-1,-1
59,218,494,62,306,187,1.0,-1,-1,-1
59,220,98,350,330,204,1.0,-1,-1,-1
60,219,558,576,509,342,1.0,-1,-1,-1
60,218,477,64,306,189,1.0,-1,-1,-1
60,220,109,348,342,205,1.0,-1,-1,-1
61,219,593,617,525,323,1.0,-1,-1,-1
61,218,454,69,314,182,1.0,-1,-1,-1
61,217,8,370,167,146,1.0,-1,-1,-1
61,220,160,331,338,211,1.0,-1,-1,-1
62,219,651,625,553,331,1.0,-1,-1,-1
62,218,412,72,321,184,1.0,-1,-1,-1
62,217,0,377,163,142,1.0,-1,-1,-1
62,220,178,323,342,209,1.0,-1,-1,-1
63,219,684,637,574,332,1.0,-1,-1,-1
63,218,392,83,321,200,1.0,-1,-1,-1
63,217,0,385,146,142,1.0,-1,-1,-1
63,220,220,306,348,209,1.0,-1,-1,-1
64,219,772,645,574,342,1.0,-1,-1,-1
64,218,375,86,320,200,1.0,-1,-1,-1
64,220,235,299,361,212,1.0,-1,-1,-1
65,219,817,656,558,351,1.0,-1,-1,-1
65,218,325,94,328,204,1.0,-1,-1,-1
65,220,273,294,391,209,1.0,-1,-1,-1
66,219,861,672,558,354,1.0,-1,-1,-1
66,218,314,102,311,204,1.0,-1,-1,-1
66,220,298,266,390,224,1.0,-1,-1,-1
67,219,956,688,535,365,1.0,-1,-1,-1
67,220,347,247,402,235,1.0,-1,-1,-1
68,219,1001,707,528,358,1.0,-1,-1,-1
68,220,370,235,398,236,1.0,-1,-1,-1
69,219,1083,755,552,323,1.0,-1,-1,-1
69,221,1642,624,276,245,1.0,-1,-1,-1
69,220,428,220,396,236,1.0,-1,-1,-1
70,219,1133,765,516,313,1.0,-1,-1,-1
70,218,235,152,296,204,1.0,-1,-1,-1
70,221,1631,615,287,249,1.0,-1,-1,-1
70,220,482,219,401,218,1.0,-1,-1,-1
71,218,206,156,287,212,1.0,-1,-1,-1
71,221,1613,594,306,267,1.0,-1,-1,-1
71,220,511,195,385,226,1.0,-1,-1,-1
72,218,191,162,284,217,1.0,-1,-1,-1
72,221,1597,577,319,278,1.0,-1,-1,-1
72,220,569,185,388,214,1.0,-1,-1,-1
73,218,171,168,288,223,1.0,-1,-1,-1
73,221,1574,561,336,289,1.0,-1,-1,-1
73,220,591,173,384,218,1.0,-1,-1,-1
74,218,138,186,271,220,1.0,-1,-1,-1
74,221,1549,552,354,291,1.0,-1,-1,-1
74,220,646,164,391,203,1.0,-1,-1,-1
75,218,125,193,270,219,1.0,-1,-1,-1
75,221,1540,530,345,291,1.0,-1,-1,-1
75,220,668,159,387,199,1.0,-1,-1,-1
76,218,101,206,270,219,1.0,-1,-1,-1
76,221,1512,524,346,285,1.0,-1,-1,-1
76,220,731,155,374,190,1.0,-1,-1,-1
77,218,87,241,235,187,1.0,-1,-1,-1
77,221,1491,513,360,291,1.0,-1,-1,-1
77,220,760,131,359,200,1.0,-1,-1,-1
78,218,52,249,256,199,1.0,-1,-1,-1
78,221,1463,500,377,293,1.0,-1,-1,-1
78,220,819,124,349,193,1.0,-1,-1,-1
79,218,36,255,256,203,1.0,-1,-1,-1
79,221,1441,492,398,293,1.0,-1,-1,-1
79,220,843,114,344,186,1.0,-1,-1,-1
80,218,6,271,248,203,1.0,-1,-1,-1
80,221,1413,483,380,296,1.0,-1,-1,-1
80,220,903,106,323,171,1.0,-1,-1,-1
81,218,18,283,220,181,1.0,-1,-1,-1
81,221,1399,458,376,274,1.0,-1,-1,-1
81,220,933,100,307,165,1.0,-1,-1,-1
82,218,0,291,223,188,1.0,-1,-1,-1
82,221,1385,444,370,288,1.0,-1,-1,-1
82,220,972,96,312,163,1.0,-1,-1,-1
83,221,1331,429,397,288,1.0,-1,-1,-1
83,220,1040,88,243,147,1.0,-1,-1,-1
84,221,1305,416,406,289,1.0,-1,-1,-1
84,220,1045,88,245,144,1.0,-1,-1,-1
85,221,1290,406,402,248,1.0,-1,-1,-1
85,220,1080,80,239,142,1.0,-1,-1,-1
86,221,1234,394,419,263,1.0,-1,-1,-1
86,220,1118,76,221,134,1.0,-1,-1,-1
87,221,1220,387,413,259,1.0,-1,-1,-1
87,220,1133,59,211,130,1.0,-1,-1,-1
88,221,1161,372,423,271,1.0,-1,-1,-1
88,220,1164,50,201,134,1.0,-1,-1,-1
89,221,1144,358,415,271,1.0,-1,-1,-1
89,220,1175,48,195,132,1.0,-1,-1,-1
90,221,1092,343,424,277,1.0,-1,-1,-1
90,220,1188,47,188,126,1.0,-1,-1,-1
91,221,1062,330,443,250,1.0,-1,-1,-1
91,220,1215,42,178,125,1.0,-1,-1,-1
92,221,1030,318,400,253,1.0,-1,-1,-1
92,220,1231,38,162,126,1.0,-1,-1,-1
93,221,1003,307,416,248,1.0,-1,-1,-1
93,220,1246,31,150,120,1.0,-1,-1,-1
94,221,955,290,398,253,1.0,-1,-1,-1
94,220,1262,24,146,120,1.0,-1,-1,-1
95,221,931,281,406,248,1.0,-1,-1,-1
95,220,1268,18,143,123,1.0,-1,-1,-1
96,221,877,277,404,242,1.0,-1,-1,-1
96,220,1282,14,132,120,1.0,-1,-1,-1
97,221,861,263,394,228,1.0,-1,-1,-1
97,220,1291,9,128,119,1.0,-1,-1,-1
98,221,817,254,373,229,1.0,-1,-1,-1
98,220,1298,15,124,106,1.0,-1,-1,-1
99,221,794,246,379,223,1.0,-1,-1,-1
99,220,1306,15,115,100,1.0,-1,-1,-1
100,221,743,240,373,216,1.0,-1,-1,-1
100,220,1316,7,113,96,1.0,-1,-1,-1
101,221,719,235,380,211,1.0,-1,-1,-1
101,220,1320,6,110,92,1.0,-1,-1,-1
102,221,671,231,370,206,1.0,-1,-1,-1
103,221,648,229,373,198,1.0,-1,-1,-1
104,221,603,226,361,195,1.0,-1,-1,-1
105,221,591,213,343,189,1.0,-1,-1,-1
106,221,544,215,334,185,1.0,-1,-1,-1
107,221,523,213,330,183,1.0,-1,-1,-1
108,221,483,216,320,180,1.0,-1,-1,-1
109,221,461,215,321,177,1.0,-1,-1,-1
110,221,411,217,324,173,1.0,-1,-1,-1
111,222,0,510,303,255,1.0,-1,-1,-1
111,221,397,218,312,171,1.0,-1,-1,-1
112,222,4,507,318,242,1.0,-1,-1,-1
112,221,370,216,326,170,1.0,-1,-1,-1
113,222,12,511,328,232,1.0,-1,-1,-1
113,221,342,222,297,172,1.0,-1,-1,-1
114,222,25,513,332,223,1.0,-1,-1,-1
114,221,329,244,265,154,1.0,-1,-1,-1
115,222,63,456,353,252,1.0,-1,-1,-1
115,221,298,244,255,157,1.0,-1,-1,-1
116,222,58,446,386,258,1.0,-1,-1,-1
116,221,260,235,287,182,1.0,-1,-1,-1
117,222,63,441,401,258,1.0,-1,-1,-1
117,221,260,245,246,162,1.0,-1,-1,-1
118,222,123,424,388,264,1.0,-1,-1,-1
118,221,231,249,241,166,1.0,-1,-1,-1
119,222,141,406,401,229,1.0,-1,-1,-1
119,221,196,246,270,181,1.0,-1,-1,-1
120,222,186,392,417,233,1.0,-1,-1,-1
120,221,194,262,229,167,1.0,-1,-1,-1
121,222,184,378,453,258,1.0,-1,-1,-1
121,223,0,470,192,177,1.0,-1,-1,-1
122,222,245,361,439,254,1.0,-1,-1,-1
122,223,0,466,196,181,1.0,-1,-1,-1
123,222,246,348,467,263,1.0,-1,-1,-1
123,223,0,463,200,182,1.0,-1,-1,-1
124,222,333,327,431,249,1.0,-1,-1,-1
124,223,0,461,206,182,1.0,-1,-1,-1
124,221,105,295,199,166,1.0,-1,-1,-1
125,222,331,317,462,261,1.0,-1,-1,-1
125,223,0,467,208,170,1.0,-1,-1,-1
125,221,104,304,181,157,1.0,-1,-1,-1
126,222,389,305,463,261,1.0,-1,-1,-1
126,223,22,450,198,141,1.0,-1,-1,-1
126,221,70,323,188,157,1.0,-1,-1,-1
127,222,435,271,440,331,1.0,-1,-1,-1
127,223,24,445,208,148,1.0,-1,-1,-1
127,221,44,335,185,152,1.0,-1,-1,-1
128,222,456,279,488,265,1.0,-1,-1,-1
128,223,26,439,216,159,1.0,-1,-1,-1
128,221,40,343,175,148,1.0,-1,-1,-1
129,222,505,278,412,255,1.0,-1,-1,-1
129,223,29,432,221,169,1.0,-1,-1,-1
130,222,548,251,469,249,1.0,-1,-1,-1
130,223,44,426,229,172,1.0,-1,-1,-1
131,222,602,237,487,250,1.0,-1,-1,-1
131,223,52,414,232,165,1.0,-1,-1,-1
132,222,689,224,439,245,1.0,-1,-1,-1
132,223,38,398,271,187,1.0,-1,-1,-1
133,222,692,215,463,250,1.0,-1,-1,-1
133,223,77,401,253,168,1.0,-1,-1,-1
134,222,761,207,450,247,1.0,-1,-1,-1
134,223,64,386,282,181,1.0,-1,-1,-1
135,222,792,188,428,237,1.0,-1,-1,-1
135,223,110,386,251,173,1.0,-1,-1,-1
136,222,853,177,413,231,1.0,-1,-1,-1
136,223,122,360,271,193,1.0,-1,-1,-1
137,222,892,167,378,227,1.0,-1,-1,-1
137,223,141,354,273,194,1.0,-1,-1,-1
138,222,949,156,374,220,1.0,-1,-1,-1
138,223,163,341,291,191,1.0,-1,-1,-1
139,222,980,151,353,212,1.0,-1,-1,-1
139,223,181,332,292,186,1.0,-1,-1,-1
140,222,1035,152,334,195,1.0,-1,-1,-1
140,223,200,323,298,180,1.0,-1,-1,-1
141,222,1074,145,297,186,1.0,-1,-1,-1
141,223,235,312,301,182,1.0,-1,-1,-1
142,222,1114,125,301,190,1.0,-1,-1,-1
142,223,257,305,299,185,1.0,-1,-1,-1
143,222,1151,109,301,190,1.0,-1,-1,-1
143,223,278,289,300,187,1.0,-1,-1,-1
144,222,1151,110,275,178,1.0,-1,-1,-1
144,223,314,275,318,187,1.0,-1,-1,-1
145,222,1184,108,256,168,1.0,-1,-1,-1
145,223,334,265,322,184,1.0,-1,-1,-1
145,224,1679,690,239,221,1.0,-1,-1,-1
146,222,1200,101,241,168,1.0,-1,-1,-1
146,223,381,253,328,176,1.0,-1,-1,-1
146,224,1660,681,258,219,1.0,-1,-1,-1
147,222,1235,94,223,167,1.0,-1,-1,-1
147,223,404,244,327,175,1.0,-1,-1,-1
147,224,1646,676,272,221,1.0,-1,-1,-1
148,222,1253,83,207,156,1.0,-1,-1,-1
148,223,451,237,337,172,1.0,-1,-1,-1
148,224,1616,665,280,229,1.0,-1,-1,-1
149,222,1280,76,192,155,1.0,-1,-1,-1
149,223,483,216,319,183,1.0,-1,-1,-1
149,224,1593,662,292,227,1.0,-1,-1,-1
150,222,1292,68,185,157,1.0,-1,-1,-1
150,223,534,205,327,178,1.0,-1,-1,-1
150,224,1566,659,305,226,1.0,-1,-1,-1
150,225,1068,0,133,110,1.0,-1,-1,-1
151,222,1306,64,176,152,1.0,-1,-1,-1
151,223,553,193,334,176,1.0,-1,-1,-1
151,224,1525,636,321,227,1.0,-1,-1,-1
151,225,1064,0,143,118,1.0,-1,-1,-1
152,222,1320,59,158,140,1.0,-1,-1,-1
152,223,606,182,331,168,1.0,-1,-1,-1
152,224,1501,629,332,230,1.0,-1,-1,-1
152,225,1058,0,147,120,1.0,-1,-1,-1
153,222,1334,54,154,142,1.0,-1,-1,-1
153,223,622,175,340,167,1.0,-1,-1,-1
153,224,1476,622,341,223,1.0,-1,-1,-1
153,225,1051,0,152,121,1.0,-1,-1,-1
154,222,1341,49,150,142,1.0,-1,-1,-1
154,223,685,169,323,165,1.0,-1,-1,-1
154,224,1427,612,345,222,1.0,-1,-1,-1
154,225,1046,0,155,121,1.0,-1,-1,-1
155,222,1350,43,145,140,1.0,-1,-1,-1
155,223,770,164,265,136,1.0,-1,-1,-1
155,224,1401,603,355,219,1.0,-1,-1,-1
155,225,1042,0,154,121,1.0,-1,-1,-1
156,222,1361,42,132,127,1.0,-1,-1,-1
156,223,769,145,304,165,1.0,-1,-1,-1
156,224,1345,589,363,220,1.0,-1,-1,-1
156,225,1038,0,156,120,1.0,-1,-1,-1
157,222,1367,40,129,123,1.0,-1,-1,-1
157,223,814,148,262,143,1.0,-1,-1,-1
157,224,1321,548,372,243,1.0,-1,-1,-1
157,225,1034,0,160,121,1.0,-1,-1,-1
158,222,1370,34,130,117,1.0,-1,-1,-1
158,223,835,119,313,161,1.0,-1,-1,-1
158,224,1268,534,364,245,1.0,-1,-1,-1
158,225,1030,0,163,120,1.0,-1,-1,-1
159,222,1373,32,127,116,1.0,-1,-1,-1
159,223,933,121,229,136,1.0,-1,-1,-1
159,226,0,577,213,185,1.0,-1,-1,-1
159,224,1241,521,378,248,1.0,-1,-1,-1
159,225,1025,0,159,122,1.0,-1,-1,-1
160,222,1376,25,123,117,1.0,-1,-1,-1
160,223,924,115,257,142,1.0,-1,-1,-1
160,226,0,572,214,188,1.0,-1,-1,-1
160,224,1179,516,385,232,1.0,-1,-1,-1
160,225,1022,0,163,121,1.0,-1,-1,-1
161,222,1382,22,121,109,1.0,-1,-1,-1
161,223,960,110,257,143,1.0,-1,-1,-1
161,226,0,571,220,187,1.0,-1,-1,-1
161,224,1125,479,362,220,1.0,-1,-1,-1
161,225,1018,0,167,122,1.0,-1,-1,-1
162,222,1384,15,119,113,1.0,-1,-1,-1
162,223,998,108,247,137,1.0,-1,-1,-1
162,226,0,570,225,187,1.0,-1,-1,-1
162,224,1089,464,399,231,1.0,-1,-1,-1
162,225,1012,0,174,123,1.0,-1,-1,-1
163,222,1387,11,114,111,1.0,-1,-1,-1
163,223,1042,97,229,128,1.0,-1,-1,-1
163,226,0,569,230,186,1.0,-1,-1,-1
163,224,1023,448,400,228,1.0,-1,-1,-1
163,225,1007,0,179,124,1.0,-1,-1,-1
164,222,1390,10,107,107,1.0,-1,-1,-1
164,223,1047,89,236,132,1.0,-1,-1,-1
164,226,0,569,235,186,1.0,-1,-1,-1
164,224,1002,440,412,227,1.0,-1,-1,-1
164,225,1002,0,183,124,1.0,-1,-1,-1
165,223,1087,84,214,130,1.0,-1,-1,-1
165,226,0,568,240,185,1.0,-1,-1,-1
165,224,942,411,401,227,1.0,-1,-1,-1
165,225,996,2,186,122,1.0,-1,-1,-1
166,223,1102,79,204,130,1.0,-1,-1,-1
166,226,0,565,246,188,1.0,-1,-1,-1
166,224,887,399,379,224,1.0,-1,-1,-1
166,225,991,3,187,121,1.0,-1,-1,-1
167,223,1134,80,195,122,1.0,-1,-1,-1
167,226,0,564,251,190,1.0,-1,-1,-1
167,224,859,388,400,223,1.0,-1,-1,-1
167,225,987,4,187,119,1.0,-1,-1,-1
168,223,1150,68,182,120,1.0,-1,-1,-1
168,226,0,563,251,191,1.0,-1,-1,-1
168,224,798,379,393,214,1.0,-1,-1,-1
168,225,984,5,187,118,1.0,-1,-1,-1
169,223,1175,65,179,117,1.0,-1,-1,-1
169,226,0,562,255,192,1.0,-1,-1,-1
169,224,739,355,380,205,1.0,-1,-1,-1
169,225,984,5,183,116,1.0,-1,-1,-1
170,223,1187,60,175,117,1.0,-1,-1,-1
170,226,2,561,256,192,1.0,-1,-1,-1
170,224,708,346,410,207,1.0,-1,-1,-1
170,225,973,4,179,125,1.0,-1,-1,-1
171,223,1215,56,164,113,1.0,-1,-1,-1
171,226,2,561,258,192,1.0,-1,-1,-1
171,224,661,336,373,202,1.0,-1,-1,-1
171,225,967,5,183,122,1.0,-1,-1,-1
172,223,1227,51,153,114,1.0,-1,-1,-1
172,226,3,562,257,191,1.0,-1,-1,-1
172,224,602,328,366,190,1.0,-1,-1,-1
172,225,961,7,188,120,1.0,-1,-1,-1
173,223,1239,46,148,114,1.0,-1,-1,-1
173,226,3,562,258,191,1.0,-1,-1,-1
173,224,576,318,377,188,1.0,-1,-1,-1
173,225,955,8,193,117,1.0,-1,-1,-1
174,223,1246,43,147,115,1.0,-1,-1,-1
174,226,2,561,259,192,1.0,-1,-1,-1
174,224,534,313,341,178,1.0,-1,-1,-1
174,225,950,7,198,118,1.0,-1,-1,-1
175,223,1273,44,127,94,1.0,-1,-1,-1
175,226,1,560,261,194,1.0,-1,-1,-1
175,224,468,293,354,179,1.0,-1,-1,-1
175,225,944,7,201,117,1.0,-1,-1,-1
176,223,1276,40,132,98,1.0,-1,-1,-1
176,226,0,560,262,195,1.0,-1,-1,-1
176,224,473,291,308,175,1.0,-1,-1,-1
176,225,941,9,202,116,1.0,-1,-1,-1
177,223,1286,36,125,96,1.0,-1,-1,-1
177,226,1,560,262,194,1.0,-1,-1,-1
177,224,406,284,323,177,1.0,-1,-1,-1
177,225,914,10,218,122,1.0,-1,-1,-1
178,223,1295,32,120,94,1.0,-1,-1,-1
178,226,1,561,261,193,1.0,-1,-1,-1
178,224,393,284,310,169,1.0,-1,-1,-1
178,225,904,11,226,122,1.0,-1,-1,-1
179,223,1300,25,120,96,1.0,-1,-1,-1
179,226,11,559,244,214,1.0,-1,-1,-1
179,224,370,296,255,151,1.0,-1,-1,-1
179,225,892,10,234,126,1.0,-1,-1,-1
180,223,1305,20,116,96,1.0,-1,-1,-1
180,226,2,562,259,190,1.0,-1,-1,-1
180,224,339,295,245,150,1.0,-1,-1,-1
180,225,873,11,230,133,1.0,-1,-1,-1
181,223,1311,16,115,96,1.0,-1,-1,-1
181,226,3,563,258,190,1.0,-1,-1,-1
181,224,307,295,235,150,1.0,-1,-1,-1
181,225,860,12,243,137,1.0,-1,-1,-1
182,223,1316,10,108,91,1.0,-1,-1,-1
182,226,3,563,258,189,1.0,-1,-1,-1
182,224,279,298,219,148,1.0,-1,-1,-1
182,225,851,15,244,136,1.0,-1,-1,-1
183,223,1317,8,107,90,1.0,-1,-1,-1
183,226,4,564,257,188,1.0,-1,-1,-1
183,224,248,306,212,141,1.0,-1,-1,-1
183,225,834,22,234,136,1.0,-1,-1,-1
184,223,1320,5,104,89,1.0,-1,-1,-1
184,226,4,564,257,188,1.0,-1,-1,-1
184,224,214,310,207,140,1.0,-1,-1,-1
184,225,822,23,244,135,1.0,-1,-1,-1
185,226,5,564,257,187,1.0,-1,-1,-1
185,224,209,314,200,139,1.0,-1,-1,-1
185,225,806,33,255,133,1.0,-1,-1,-1
186,226,5,564,257,187,1.0,-1,-1,-1
186,224,179,319,190,138,1.0,-1,-1,-1
186,225,779,36,248,133,1.0,-1,-1,-1
187,226,4,563,256,187,1.0,-1,-1,-1
187,224,144,329,191,138,1.0,-1,-1,-1
187,225,769,40,252,130,1.0,-1,-1,-1
188,226,5,563,256,187,1.0,-1,-1,-1
188,224,112,333,188,139,1.0,-1,-1,-1
188,225,741,41,262,134,1.0,-1,-1,-1
189,226,5,563,255,187,1.0,-1,-1,-1
189,224,106,339,180,139,1.0,-1,-1,-1
189,225,731,39,263,139,1.0,-1,-1,-1
190,226,5,564,255,186,1.0,-1,-1,-1
190,224,80,346,170,141,1.0,-1,-1,-1
190,225,703,37,267,148,1.0,-1,-1,-1
191,226,4,564,256,188,1.0,-1,-1,-1
191,224,48,369,161,129,1.0,-1,-1,-1
191,225,692,38,270,148,1.0,-1,-1,-1
192,226,3,563,257,189,1.0,-1,-1,-1
192,224,41,370,158,132,1.0,-1,-1,-1
192,225,665,50,265,146,1.0,-1,-1,-1
193,226,0,555,258,222,1.0,-1,-1,-1
193,225,656,54,265,139,1.0,-1,-1,-1
194,226,0,552,262,224,1.0,-1,-1,-1
194,225,626,72,257,136,1.0,-1,-1,-1
195,226,0,552,263,222,1.0,-1,-1,-1
195,225,590,77,265,138,1.0,-1,-1,-1
195,227,1092,0,136,97,1.0,-1,-1,-1
196,226,6,563,253,188,1.0,-1,-1,-1
196,225,555,63,305,173,1.0,-1,-1,-1
196,227,1088,0,139,97,1.0,-1,-1,-1
197,226,7,564,253,186,1.0,-1,-1,-1
197,225,545,77,275,152,1.0,-1,-1,-1
197,227,1086,0,138,98,1.0,-1,-1,-1
198,226,7,564,253,185,1.0,-1,-1,-1
198,225,514,84,274,153,1.0,-1,-1,-1
198,227,1084,0,138,111,1.0,-1,-1,-1
199,226,7,565,255,183,1.0,-1,-1,-1
199,225,486,77,292,172,1.0,-1,-1,-1
199,227,1081,0,139,111,1.0,-1,-1,-1
200,226,6,555,263,205,1.0,-1,-1,-1
200,225,458,90,305,173,1.0,-1,-1,-1
200,227,1079,0,140,110,1.0,-1,-1,-1
201,228,0,377,292,201,1.0,-1,-1,-1
201,226,9,556,262,205,1.0,-1,-1,-1
201,225,441,99,262,166,1.0,-1,-1,-1
201,227,1078,0,139,110,1.0,-1,-1,-1
202,228,11,369,300,207,1.0,-1,-1,-1
202,226,11,555,260,208,1.0,-1,-1,-1
202,225,412,95,278,179,1.0,-1,-1,-1
202,227,1072,0,132,114,1.0,-1,-1,-1
203,228,23,351,316,211,1.0,-1,-1,-1
203,226,12,554,258,209,1.0,-1,-1,-1
203,225,389,99,289,181,1.0,-1,-1,-1
203,227,1068,0,134,115,1.0,-1,-1,-1
204,228,36,342,328,218,1.0,-1,-1,-1
204,226,12,554,258,210,1.0,-1,-1,-1
204,225,341,110,284,179,1.0,-1,-1,-1
204,227,1068,0,141,120,1.0,-1,-1,-1
205,228,72,325,329,227,1.0,-1,-1,-1
205,226,12,556,260,209,1.0,-1,-1,-1
205,225,320,116,285,180,1.0,-1,-1,-1
205,227,1065,0,143,119,1.0,-1,-1,-1
206,228,85,314,339,232,1.0,-1,-1,-1
206,226,11,556,261,209,1.0,-1,-1,-1
206,225,281,126,285,181,1.0,-1,-1,-1
206,227,1063,0,144,120,1.0,-1,-1,-1
207,228,98,302,352,234,1.0,-1,-1,-1
207,226,12,557,261,209,1.0,-1,-1,-1
207,225,259,136,279,188,1.0,-1,-1,-1
207,227,1060,0,147,120,1.0,-1,-1,-1
208,228,135,289,364,236,1.0,-1,-1,-1
208,226,12,557,263,209,1.0,-1,-1,-1
208,225,236,146,273,195,1.0,-1,-1,-1
208,227,1059,0,148,118,1.0,-1,-1,-1
209,228,162,271,362,260,1.0,-1,-1,-1
209,226,24,559,247,189,1.0,-1,-1,-1
209,227,1050,0,159,127,1.0,-1,-1,-1
