12,94,1361,318,557,319,1.0,-1,-1,-1
13,94,1333,318,560,314,1.0,-1,-1,-1
14,94,1331,299,529,305,1.0,-1,-1,-1
15,94,1302,301,534,299,1.0,-1,-1,-1
16,94,1269,298,540,301,1.0,-1,-1,-1
17,94,1240,292,539,307,1.0,-1,-1,-1
18,94,1220,284,546,313,1.0,-1,-1,-1
19,94,1186,282,522,306,1.0,-1,-1,-1
20,94,1156,273,521,304,1.0,-1,-1,-1
21,94,1123,261,513,308,1.0,-1,-1,-1
22,94,1098,247,508,317,1.0,-1,-1,-1
23,94,1035,272,528,253,1.0,-1,-1,-1
24,94,1015,256,525,261,1.0,-1,-1,-1
25,94,993,244,507,291,1.0,-1,-1,-1
26,94,947,251,524,253,1.0,-1,-1,-1
27,94,890,248,536,243,1.0,-1,-1,-1
28,94,869,242,535,243,1.0,-1,-1,-1
29,94,834,237,499,234,1.0,-1,-1,-1
30,94,806,229,512,236,1.0,-1,-1,-1
31,94,765,225,502,233,1.0,-1,-1,-1
32,94,735,218,519,234,1.0,-1,-1,-1
33,94,703,213,484,230,1.0,-1,-1,-1
34,94,677,213,499,227,1.0,-1,-1,-1
35,94,672,214,467,222,1.0,-1,-1,-1
36,94,622,217,472,211,1.0,-1,-1,-1
37,94,610,201,449,214,1.0,-1,-1,-1
38,94,579,200,425,208,1.0,-1,-1,-1
39,94,559,196,422,205,1.0,-1,-1,-1
40,94,534,193,386,201,1.0,-1,-1,-1
41,94,512,192,392,196,1.0,-1,-1,-1
42,94,495,193,383,188,1.0,-1,-1,-1
43,94,465,194,361,180,1.0,-1,-1,-1
44,94,447,191,357,177,1.0,-1,-1,-1
45,94,425,188,363,173,1.0,-1,-1,-1
46,94,395,184,348,172,1.0,-1,-1,-1
47,94,382,181,335,169,1.0,-1,-1,-1
48,94,367,177,334,168,1.0,-1,-1,-1
49,94,349,180,293,155,1.0,-1,-1,-1
50,94,326,173,291,161,1.0,-1,-1,-1
51,94,316,180,277,148,1.0,-1,-1,-1
52,94,291,176,269,151,1.0,-1,-1,-1
53,94,267,174,257,151,1.0,-1,-1,-1
54,94,254,174,263,149,1.0,-1,-1,-1
55,94,235,172,255,151,1.0,-1,-1,-1
56,94,227,164,249,152,1.0,-1,-1,-1
57,94,225,164,237,148,1.0,-1,-1,-1
58,94,198,164,229,147,1.0,-1,-1,-1
59,94,191,164,228,144,1.0,-1,-1,-1
60,94,171,164,216,143,1.0,-1,-1,-1
61,94,161,165,215,139,1.0,-1,-1,-1
62,94,146,164,201,137,1.0,-1,-1,-1
63,94,137,161,200,134,1.0,-1,-1,-1
64,94,119,166,191,126,1.0,-1,-1,-1
65,94,111,168,188,121,1.0,-1,-1,-1
66,94,102,170,186,116,1.0,-1,-1,-1
67,94,87,172,175,113,1.0,-1,-1,-1
68,94,79,174,171,109,1.0,-1,-1,-1
69,94,70,171,172,110,1.0,-1,-1,-1
70,94,54,172,170,109,1.0,-1,-1,-1
71,94,50,170,160,109,1.0,-1,-1,-1
72,94,44,168,152,109,1.0,-1,-1,-1
73,94,27,169,154,108,1.0,-1,-1,-1
74,94,21,168,151,108,1.0,-1,-1,-1
75,94,13,164,149,110,1.0,-1,-1,-1
76,94,8,160,143,113,1.0,-1,-1,-1
77,94,0,161,149,113,1.0,-1,-1,-1
128,95,0,194,208,150,1.0,-1,-1,-1
129,95,18,195,199,152,1.0,-1,-1,-1
130,95,13,195,213,154,1.0,-1,-1,-1
131,95,10,197,230,154,1.0,-1,-1,-1
132,95,14,199,234,152,1.0,-1,-1,-1
133,95,18,198,237,154,1.0,-1,-1,-1
134,95,37,197,231,161,1.0,-1,-1,-1
135,95,33,200,246,169,1.0,-1,-1,-1
136,95,36,200,250,169,1.0,-1,-1,-1
137,95,43,203,249,166,1.0,-1,-1,-1
138,95,52,204,243,165,1.0,-1,-1,-1
139,95,57,205,240,164,1.0,-1,-1,-1
140,95,67,201,252,176,1.0,-1,-1,-1
141,95,66,202,259,175,1.0,-1,-1,-1
142,95,74,206,257,170,1.0,-1,-1,-1
143,95,83,208,251,167,1.0,-1,-1,-1
144,95,92,209,245,166,1.0,-1,-1,-1
145,95,98,209,258,173,1.0,-1,-1,-1
146,95,101,211,263,175,1.0,-1,-1,-1
147,95,103,205,272,178,1.0,-1,-1,-1
148,95,108,205,275,182,1.0,-1,-1,-1
149,95,114,206,276,183,1.0,-1,-1,-1
150,95,122,207,279,186,1.0,-1,-1,-1
151,95,127,209,285,186,1.0,-1,-1,-1
152,95,133,213,291,185,1.0,-1,-1,-1
153,95,136,216,298,183,1.0,-1,-1,-1
154,95,134,216,310,185,1.0,-1,-1,-1
155,95,166,212,285,192,1.0,-1,-1,-1
156,95,167,211,302,199,1.0,-1,-1,-1
157,95,172,210,317,203,1.0,-1,-1,-1
158,95,177,226,333,191,1.0,-1,-1,-1
159,95,184,227,341,191,1.0,-1,-1,-1
160,95,206,223,349,202,1.0,-1,-1,-1
161,95,215,221,352,211,1.0,-1,-1,-1
162,95,226,221,362,216,1.0,-1,-1,-1
163,95,233,223,382,222,1.0,-1,-1,-1
164,95,265,222,395,234,1.0,-1,-1,-1
165,95,274,222,409,242,1.0,-1,-1,-1
166,95,280,228,434,239,1.0,-1,-1,-1
167,95,318,232,446,249,1.0,-1,-1,-1
168,95,326,240,473,249,1.0,-1,-1,-1
169,95,380,245,469,254,1.0,-1,-1,-1
170,95,390,229,498,299,1.0,-1,-1,-1
171,95,426,234,510,306,1.0,-1,-1,-1
172,95,448,230,529,323,1.0,-1,-1,-1
173,95,514,238,541,334,1.0,-1,-1,-1
174,95,538,244,584,347,1.0,-1,-1,-1
175,95,594,258,652,347,1.0,-1,-1,-1
176,95,640,276,642,342,1.0,-1,-1,-1
177,95,707,269,717,352,1.0,-1,-1,-1
178,95,747,304,722,353,1.0,-1,-1,-1
179,95,839,304,764,386,1.0,-1,-1,-1
180,95,887,306,747,401,1.0,-1,-1,-1
181,95,971,322,765,422,1.0,-1,-1,-1
182,95,1054,338,783,444,1.0,-1,-1,-1
183,95,1138,354,781,466,1.0,-1,-1,-1
