0,95,1272,179,197,167,1.0,-1,-1,-1
0,102,1002,217,280,259,1.0,-1,-1,-1
0,120,1437,442,306,252,1.0,-1,-1,-1
0,109,506,765,364,304,1.0,-1,-1,-1
0,99,194,572,286,237,1.0,-1,-1,-1
0,174,351,309,263,238,1.0,-1,-1,-1
0,104,1382,86,308,130,1.0,-1,-1,-1
0,106,537,50,186,137,1.0,-1,-1,-1
1,95,1273,182,198,178,1.0,-1,-1,-1
1,102,1031,226,259,268,1.0,-1,-1,-1
1,120,1456,452,298,253,1.0,-1,-1,-1
1,109,503,760,388,318,1.0,-1,-1,-1
1,99,221,578,269,234,1.0,-1,-1,-1
1,174,382,331,237,235,1.0,-1,-1,-1
1,106,540,63,182,134,1.0,-1,-1,-1
2,95,1272,180,198,179,1.0,-1,-1,-1
2,102,1031,221,256,271,1.0,-1,-1,-1
2,120,1449,447,299,250,1.0,-1,-1,-1
2,109,495,774,396,304,1.0,-1,-1,-1
2,99,213,582,272,237,1.0,-1,-1,-1
2,174,378,334,238,237,1.0,-1,-1,-1
2,106,545,73,177,130,1.0,-1,-1,-1
3,95,1272,181,198,175,1.0,-1,-1,-1
3,102,1047,216,224,281,1.0,-1,-1,-1
3,120,1442,443,300,247,1.0,-1,-1,-1
3,109,486,792,404,286,1.0,-1,-1,-1
3,99,201,589,280,238,1.0,-1,-1,-1
3,174,374,336,239,239,1.0,-1,-1,-1
3,106,545,73,177,131,1.0,-1,-1,-1
4,95,1272,179,197,175,1.0,-1,-1,-1
4,102,1047,215,225,281,1.0,-1,-1,-1
4,120,1438,436,300,248,1.0,-1,-1,-1
4,99,189,597,287,240,1.0,-1,-1,-1
4,174,370,337,240,242,1.0,-1,-1,-1
4,106,547,73,177,131,1.0,-1,-1,-1
5,95,1272,178,197,174,1.0,-1,-1,-1
5,102,1046,213,225,282,1.0,-1,-1,-1
5,120,1432,426,303,254,1.0,-1,-1,-1
5,99,180,604,290,243,1.0,-1,-1,-1
5,174,362,359,243,225,1.0,-1,-1,-1
5,106,549,75,176,130,1.0,-1,-1,-1
6,95,1272,177,197,175,1.0,-1,-1,-1
6,102,1044,211,226,283,1.0,-1,-1,-1
6,120,1430,418,297,260,1.0,-1,-1,-1
6,99,171,610,293,246,1.0,-1,-1,-1
6,174,354,363,241,224,1.0,-1,-1,-1
6,106,553,76,170,130,1.0,-1,-1,-1
7,95,1262,177,199,171,1.0,-1,-1,-1
7,102,1043,210,227,282,1.0,-1,-1,-1
7,120,1428,415,290,260,1.0,-1,-1,-1
7,99,163,616,293,253,1.0,-1,-1,-1
7,174,346,369,242,224,1.0,-1,-1,-1
7,106,557,76,165,132,1.0,-1,-1,-1
8,95,1263,173,196,174,1.0,-1,-1,-1
8,102,1042,210,226,282,1.0,-1,-1,-1
8,120,1429,407,277,257,1.0,-1,-1,-1
8,99,155,620,296,259,1.0,-1,-1,-1
8,174,342,372,242,227,1.0,-1,-1,-1
8,106,560,76,162,133,1.0,-1,-1,-1
9,95,1263,172,196,175,1.0,-1,-1,-1
9,102,1043,210,224,280,1.0,-1,-1,-1
9,120,1428,407,277,252,1.0,-1,-1,-1
9,99,138,624,302,261,1.0,-1,-1,-1
9,174,338,375,243,232,1.0,-1,-1,-1
9,106,562,78,160,132,1.0,-1,-1,-1
10,95,1264,170,194,177,1.0,-1,-1,-1
10,102,1027,212,255,274,1.0,-1,-1,-1
10,120,1427,408,276,244,1.0,-1,-1,-1
10,99,134,641,306,262,1.0,-1,-1,-1
10,174,336,378,245,236,1.0,-1,-1,-1
10,106,563,79,159,132,1.0,-1,-1,-1
11,95,1264,170,195,176,1.0,-1,-1,-1
11,102,1026,211,259,273,1.0,-1,-1,-1
11,120,1425,407,275,237,1.0,-1,-1,-1
11,99,128,650,303,261,1.0,-1,-1,-1
11,174,333,382,248,238,1.0,-1,-1,-1
11,106,565,82,157,130,1.0,-1,-1,-1
12,95,1265,170,194,173,1.0,-1,-1,-1
12,102,1025,209,262,276,1.0,-1,-1,-1
12,120,1423,405,272,231,1.0,-1,-1,-1
12,99,117,660,306,262,1.0,-1,-1,-1
12,174,329,386,250,239,1.0,-1,-1,-1
12,106,565,83,156,130,1.0,-1,-1,-1
13,95,1264,171,194,170,1.0,-1,-1,-1
13,102,1027,207,262,277,1.0,-1,-1,-1
13,120,1423,399,267,231,1.0,-1,-1,-1
13,99,102,667,316,267,1.0,-1,-1,-1
13,174,325,389,253,242,1.0,-1,-1,-1
13,106,566,84,155,130,1.0,-1,-1,-1
14,95,1264,172,193,167,1.0,-1,-1,-1
14,102,1028,208,258,275,1.0,-1,-1,-1
14,120,1415,393,262,230,1.0,-1,-1,-1
14,99,89,675,323,269,1.0,-1,-1,-1
14,174,323,394,254,243,1.0,-1,-1,-1
14,106,566,85,155,131,1.0,-1,-1,-1
15,95,1263,173,194,165,1.0,-1,-1,-1
15,102,1028,209,254,270,1.0,-1,-1,-1
15,120,1416,387,257,230,1.0,-1,-1,-1
15,99,78,683,325,274,1.0,-1,-1,-1
15,174,306,402,261,241,1.0,-1,-1,-1
15,106,565,87,157,131,1.0,-1,-1,-1
16,95,1263,172,195,166,1.0,-1,-1,-1
16,102,1027,210,253,268,1.0,-1,-1,-1
16,120,1414,382,256,229,1.0,-1,-1,-1
16,99,70,687,325,278,1.0,-1,-1,-1
16,174,303,405,261,246,1.0,-1,-1,-1
16,106,564,90,159,133,1.0,-1,-1,-1
17,95,1261,173,196,164,1.0,-1,-1,-1
17,102,1025,211,255,264,1.0,-1,-1,-1
17,120,1411,377,255,228,1.0,-1,-1,-1
17,99,41,699,345,292,1.0,-1,-1,-1
17,174,298,404,264,254,1.0,-1,-1,-1
17,106,562,92,160,134,1.0,-1,-1,-1
18,95,1260,171,198,163,1.0,-1,-1,-1
18,102,1025,211,257,264,1.0,-1,-1,-1
18,120,1408,374,254,225,1.0,-1,-1,-1
18,99,37,709,343,291,1.0,-1,-1,-1
18,174,298,417,259,261,1.0,-1,-1,-1
18,106,562,94,161,136,1.0,-1,-1,-1
19,95,1260,172,197,162,1.0,-1,-1,-1
19,102,1024,210,257,263,1.0,-1,-1,-1
19,120,1405,370,253,223,1.0,-1,-1,-1
19,99,28,721,344,289,1.0,-1,-1,-1
19,174,295,424,259,260,1.0,-1,-1,-1
19,106,561,95,161,135,1.0,-1,-1,-1
20,95,1259,169,199,165,1.0,-1,-1,-1
20,102,1022,209,256,265,1.0,-1,-1,-1
20,120,1402,367,252,222,1.0,-1,-1,-1
20,99,16,734,351,291,1.0,-1,-1,-1
20,174,290,432,260,257,1.0,-1,-1,-1
20,106,561,97,160,135,1.0,-1,-1,-1
21,95,1257,167,199,167,1.0,-1,-1,-1
21,102,1021,209,255,264,1.0,-1,-1,-1
21,120,1398,364,252,222,1.0,-1,-1,-1
21,99,5,743,354,297,1.0,-1,-1,-1
21,174,283,439,265,257,1.0,-1,-1,-1
21,104,825,125,223,144,1.0,-1,-1,-1
21,106,561,98,158,136,1.0,-1,-1,-1
21,177,1370,84,260,170,1.0,-1,-1,-1
22,95,1256,165,201,168,1.0,-1,-1,-1
22,102,1021,208,256,265,1.0,-1,-1,-1
22,120,1394,361,251,223,1.0,-1,-1,-1
22,99,0,748,356,305,1.0,-1,-1,-1
22,174,274,443,270,259,1.0,-1,-1,-1
22,104,808,129,213,146,1.0,-1,-1,-1
22,106,560,99,156,135,1.0,-1,-1,-1
22,177,1375,83,264,171,1.0,-1,-1,-1
23,95,1255,166,202,166,1.0,-1,-1,-1
23,102,1022,206,256,266,1.0,-1,-1,-1
23,120,1389,347,247,228,1.0,-1,-1,-1
23,99,0,766,351,309,1.0,-1,-1,-1
23,174,265,447,277,263,1.0,-1,-1,-1
23,104,801,128,209,149,1.0,-1,-1,-1
23,106,556,104,162,140,1.0,-1,-1,-1
23,177,1381,83,268,172,1.0,-1,-1,-1
24,95,1255,166,201,166,1.0,-1,-1,-1
24,102,1022,204,256,267,1.0,-1,-1,-1
24,120,1386,344,243,229,1.0,-1,-1,-1
24,99,0,773,348,305,1.0,-1,-1,-1
24,174,259,454,279,266,1.0,-1,-1,-1
24,104,791,141,207,140,1.0,-1,-1,-1
24,106,554,107,165,138,1.0,-1,-1,-1
24,177,1401,81,272,171,1.0,-1,-1,-1
25,95,1256,150,197,176,1.0,-1,-1,-1
25,102,1021,204,256,266,1.0,-1,-1,-1
25,120,1384,341,241,226,1.0,-1,-1,-1
25,174,250,459,283,274,1.0,-1,-1,-1
25,104,777,146,199,139,1.0,-1,-1,-1
25,106,551,111,167,136,1.0,-1,-1,-1
25,177,1422,80,276,170,1.0,-1,-1,-1
26,95,1257,148,197,180,1.0,-1,-1,-1
26,102,1021,203,255,266,1.0,-1,-1,-1
26,120,1381,336,240,224,1.0,-1,-1,-1
26,174,241,463,287,279,1.0,-1,-1,-1
26,104,771,147,198,139,1.0,-1,-1,-1
26,106,550,115,168,134,1.0,-1,-1,-1
26,177,1443,78,280,169,1.0,-1,-1,-1
27,95,1258,147,197,182,1.0,-1,-1,-1
27,102,1021,201,253,267,1.0,-1,-1,-1
27,120,1380,332,241,222,1.0,-1,-1,-1
27,174,233,466,291,282,1.0,-1,-1,-1
27,104,765,149,192,141,1.0,-1,-1,-1
27,106,549,119,168,133,1.0,-1,-1,-1
27,177,1464,77,284,168,1.0,-1,-1,-1
28,95,1258,148,196,181,1.0,-1,-1,-1
28,102,1021,198,250,268,1.0,-1,-1,-1
28,120,1377,328,241,222,1.0,-1,-1,-1
28,174,228,482,293,280,1.0,-1,-1,-1
28,104,760,152,189,143,1.0,-1,-1,-1
28,106,549,122,167,133,1.0,-1,-1,-1
28,177,1485,76,288,167,1.0,-1,-1,-1
29,95,1257,148,196,179,1.0,-1,-1,-1
29,102,1021,199,249,265,1.0,-1,-1,-1
29,120,1377,326,239,221,1.0,-1,-1,-1
29,174,216,487,290,274,1.0,-1,-1,-1
29,104,752,156,185,146,1.0,-1,-1,-1
29,106,548,124,166,135,1.0,-1,-1,-1
29,177,1506,74,293,167,1.0,-1,-1,-1
30,95,1256,147,197,178,1.0,-1,-1,-1
30,102,1022,200,250,261,1.0,-1,-1,-1
30,120,1374,323,237,220,1.0,-1,-1,-1
30,174,214,489,284,281,1.0,-1,-1,-1
30,104,752,160,183,147,1.0,-1,-1,-1
30,106,547,126,166,137,1.0,-1,-1,-1
30,177,1527,73,297,166,1.0,-1,-1,-1
31,95,1255,146,197,177,1.0,-1,-1,-1
31,102,1023,202,250,258,1.0,-1,-1,-1
31,120,1371,320,237,219,1.0,-1,-1,-1
31,174,204,493,289,285,1.0,-1,-1,-1
31,104,750,164,182,145,1.0,-1,-1,-1
31,106,541,126,167,143,1.0,-1,-1,-1
31,177,1548,72,301,165,1.0,-1,-1,-1
32,95,1255,145,196,177,1.0,-1,-1,-1
32,102,1022,202,250,256,1.0,-1,-1,-1
32,120,1369,317,237,219,1.0,-1,-1,-1
32,174,191,497,297,293,1.0,-1,-1,-1
32,104,748,168,180,141,1.0,-1,-1,-1
32,106,541,129,165,143,1.0,-1,-1,-1
32,177,1569,70,305,164,1.0,-1,-1,-1
33,95,1254,144,195,177,1.0,-1,-1,-1
33,102,1020,200,250,258,1.0,-1,-1,-1
33,120,1367,316,234,216,1.0,-1,-1,-1
33,174,179,504,306,296,1.0,-1,-1,-1
33,104,744,182,181,137,1.0,-1,-1,-1
33,106,541,132,164,141,1.0,-1,-1,-1
33,177,1590,69,309,163,1.0,-1,-1,-1
34,95,1254,143,194,177,1.0,-1,-1,-1
34,102,1019,198,250,259,1.0,-1,-1,-1
34,120,1367,316,231,212,1.0,-1,-1,-1
34,174,168,507,312,306,1.0,-1,-1,-1
34,104,744,183,179,140,1.0,-1,-1,-1
34,106,539,133,164,141,1.0,-1,-1,-1
34,177,1611,68,308,163,1.0,-1,-1,-1
35,95,1254,142,192,178,1.0,-1,-1,-1
35,102,1018,195,250,263,1.0,-1,-1,-1
35,120,1356,309,231,212,1.0,-1,-1,-1
35,174,161,513,312,311,1.0,-1,-1,-1
35,104,742,184,178,143,1.0,-1,-1,-1
35,106,535,140,173,144,1.0,-1,-1,-1
36,95,1255,142,191,178,1.0,-1,-1,-1
36,102,1016,195,252,263,1.0,-1,-1,-1
36,120,1357,305,228,213,1.0,-1,-1,-1
36,174,155,517,310,317,1.0,-1,-1,-1
36,104,741,187,178,146,1.0,-1,-1,-1
36,106,535,142,172,146,1.0,-1,-1,-1
37,95,1255,141,190,178,1.0,-1,-1,-1
37,102,1015,194,253,264,1.0,-1,-1,-1
37,120,1357,300,227,214,1.0,-1,-1,-1
37,174,151,523,308,314,1.0,-1,-1,-1
37,104,741,191,178,149,1.0,-1,-1,-1
37,106,534,144,172,147,1.0,-1,-1,-1
38,95,1255,142,190,176,1.0,-1,-1,-1
38,102,1016,194,253,263,1.0,-1,-1,-1
38,120,1357,297,225,216,1.0,-1,-1,-1
38,174,139,537,324,317,1.0,-1,-1,-1
38,104,740,196,177,152,1.0,-1,-1,-1
38,106,533,147,173,147,1.0,-1,-1,-1
39,95,1255,142,191,175,1.0,-1,-1,-1
39,102,1015,196,252,259,1.0,-1,-1,-1
39,120,1353,294,227,216,1.0,-1,-1,-1
39,174,122,542,322,317,1.0,-1,-1,-1
39,104,739,199,177,152,1.0,-1,-1,-1
39,106,530,150,174,147,1.0,-1,-1,-1
40,178,389,53,239,125,1.0,-1,-1,-1
40,95,1254,141,191,173,1.0,-1,-1,-1
40,102,1014,197,253,256,1.0,-1,-1,-1
40,120,1351,293,228,215,1.0,-1,-1,-1
40,174,114,546,324,323,1.0,-1,-1,-1
40,104,736,212,181,146,1.0,-1,-1,-1
40,106,528,154,174,147,1.0,-1,-1,-1
41,178,389,53,241,126,1.0,-1,-1,-1
41,95,1253,140,192,173,1.0,-1,-1,-1
41,102,1012,198,255,253,1.0,-1,-1,-1
41,120,1348,292,232,212,1.0,-1,-1,-1
41,174,105,553,323,327,1.0,-1,-1,-1
41,104,734,214,182,146,1.0,-1,-1,-1
41,106,525,159,174,147,1.0,-1,-1,-1
42,178,398,51,251,129,1.0,-1,-1,-1
42,95,1252,139,192,173,1.0,-1,-1,-1
42,102,1011,198,257,252,1.0,-1,-1,-1
42,120,1345,293,233,208,1.0,-1,-1,-1
42,174,95,559,326,333,1.0,-1,-1,-1
42,104,732,217,183,146,1.0,-1,-1,-1
42,106,525,163,173,147,1.0,-1,-1,-1
43,178,400,52,252,128,1.0,-1,-1,-1
43,95,1251,139,192,174,1.0,-1,-1,-1
43,102,1010,179,251,262,1.0,-1,-1,-1
43,120,1331,279,240,214,1.0,-1,-1,-1
43,174,84,565,330,344,1.0,-1,-1,-1
43,104,732,221,184,147,1.0,-1,-1,-1
43,106,524,164,172,150,1.0,-1,-1,-1
44,178,404,52,252,128,1.0,-1,-1,-1
44,95,1252,138,192,173,1.0,-1,-1,-1
44,102,1011,178,249,262,1.0,-1,-1,-1
44,120,1327,280,243,211,1.0,-1,-1,-1
44,174,75,571,330,352,1.0,-1,-1,-1
44,104,730,224,185,149,1.0,-1,-1,-1
44,106,521,174,174,148,1.0,-1,-1,-1
45,178,411,52,247,130,1.0,-1,-1,-1
45,95,1253,139,190,171,1.0,-1,-1,-1
45,102,1012,178,247,261,1.0,-1,-1,-1
45,120,1327,277,241,213,1.0,-1,-1,-1
45,174,69,575,328,357,1.0,-1,-1,-1
45,104,728,228,186,154,1.0,-1,-1,-1
45,106,520,176,175,149,1.0,-1,-1,-1
46,178,419,51,242,132,1.0,-1,-1,-1
46,95,1254,138,188,171,1.0,-1,-1,-1
46,102,1013,177,246,261,1.0,-1,-1,-1
46,120,1336,292,233,180,1.0,-1,-1,-1
46,174,60,598,335,345,1.0,-1,-1,-1
46,104,727,231,188,157,1.0,-1,-1,-1
46,106,519,180,174,146,1.0,-1,-1,-1
47,178,424,51,239,132,1.0,-1,-1,-1
47,95,1255,137,188,173,1.0,-1,-1,-1
47,102,1013,177,247,260,1.0,-1,-1,-1
47,120,1339,288,228,182,1.0,-1,-1,-1
47,174,37,605,341,346,1.0,-1,-1,-1
47,104,724,247,194,150,1.0,-1,-1,-1
47,106,518,184,175,145,1.0,-1,-1,-1
48,178,448,51,232,133,1.0,-1,-1,-1
48,95,1254,136,191,174,1.0,-1,-1,-1
48,102,1013,177,247,260,1.0,-1,-1,-1
48,120,1340,286,224,182,1.0,-1,-1,-1
48,174,26,612,344,350,1.0,-1,-1,-1
48,104,724,250,195,149,1.0,-1,-1,-1
48,106,517,186,175,147,1.0,-1,-1,-1
49,178,445,52,239,131,1.0,-1,-1,-1
49,95,1252,135,196,173,1.0,-1,-1,-1
49,102,1013,178,248,260,1.0,-1,-1,-1
49,120,1339,283,222,183,1.0,-1,-1,-1
49,174,16,621,344,350,1.0,-1,-1,-1
49,104,723,255,195,146,1.0,-1,-1,-1
49,106,516,187,175,151,1.0,-1,-1,-1
50,178,445,53,240,130,1.0,-1,-1,-1
50,95,1251,135,200,171,1.0,-1,-1,-1
50,102,1012,179,248,259,1.0,-1,-1,-1
50,120,1339,280,218,183,1.0,-1,-1,-1
50,174,3,629,348,356,1.0,-1,-1,-1
50,104,722,258,193,148,1.0,-1,-1,-1
50,106,516,189,176,155,1.0,-1,-1,-1
51,178,450,52,237,131,1.0,-1,-1,-1
51,95,1250,137,201,168,1.0,-1,-1,-1
51,102,1012,179,248,259,1.0,-1,-1,-1
51,120,1337,277,219,185,1.0,-1,-1,-1
51,174,0,635,350,366,1.0,-1,-1,-1
51,104,722,260,193,152,1.0,-1,-1,-1
51,106,516,191,176,159,1.0,-1,-1,-1
52,178,457,52,232,133,1.0,-1,-1,-1
52,95,1250,140,200,165,1.0,-1,-1,-1
52,102,1012,179,248,258,1.0,-1,-1,-1
52,120,1339,273,214,186,1.0,-1,-1,-1
52,174,0,639,349,373,1.0,-1,-1,-1
52,104,721,263,191,157,1.0,-1,-1,-1
52,106,514,194,176,160,1.0,-1,-1,-1
53,178,463,52,227,136,1.0,-1,-1,-1
53,95,1250,142,199,162,1.0,-1,-1,-1
53,102,1012,178,247,258,1.0,-1,-1,-1
53,120,1325,272,220,184,1.0,-1,-1,-1
53,104,720,266,192,161,1.0,-1,-1,-1
53,106,514,197,175,158,1.0,-1,-1,-1
54,178,466,53,228,137,1.0,-1,-1,-1
54,95,1250,143,197,161,1.0,-1,-1,-1
54,102,1012,178,247,257,1.0,-1,-1,-1
54,120,1325,270,219,183,1.0,-1,-1,-1
54,104,719,270,193,159,1.0,-1,-1,-1
54,106,509,211,181,153,1.0,-1,-1,-1
55,178,468,53,226,137,1.0,-1,-1,-1
55,95,1250,143,194,161,1.0,-1,-1,-1
55,102,1012,178,248,256,1.0,-1,-1,-1
55,120,1323,268,222,184,1.0,-1,-1,-1
55,104,717,281,198,160,1.0,-1,-1,-1
55,106,508,214,183,153,1.0,-1,-1,-1
56,178,483,53,228,140,1.0,-1,-1,-1
56,95,1250,144,191,160,1.0,-1,-1,-1
56,102,1012,179,247,255,1.0,-1,-1,-1
56,120,1324,267,218,183,1.0,-1,-1,-1
56,104,716,283,198,162,1.0,-1,-1,-1
56,106,506,216,184,154,1.0,-1,-1,-1
57,178,481,53,232,141,1.0,-1,-1,-1
57,95,1249,143,190,160,1.0,-1,-1,-1
57,102,1012,179,248,253,1.0,-1,-1,-1
57,120,1324,256,213,188,1.0,-1,-1,-1
57,104,717,287,196,161,1.0,-1,-1,-1
57,106,506,217,184,155,1.0,-1,-1,-1
58,178,479,53,237,140,1.0,-1,-1,-1
58,95,1248,144,192,159,1.0,-1,-1,-1
58,102,1013,179,246,252,1.0,-1,-1,-1
58,120,1322,255,214,188,1.0,-1,-1,-1
58,104,717,292,195,161,1.0,-1,-1,-1
58,106,505,219,182,156,1.0,-1,-1,-1
59,178,478,53,239,140,1.0,-1,-1,-1
59,95,1247,144,193,158,1.0,-1,-1,-1
59,102,1013,179,247,252,1.0,-1,-1,-1
59,120,1320,253,213,190,1.0,-1,-1,-1
59,104,716,298,196,161,1.0,-1,-1,-1
59,106,505,224,181,157,1.0,-1,-1,-1
60,178,480,53,235,139,1.0,-1,-1,-1
60,95,1246,143,193,159,1.0,-1,-1,-1
60,102,1014,178,245,252,1.0,-1,-1,-1
60,120,1319,251,213,190,1.0,-1,-1,-1
60,104,714,303,202,162,1.0,-1,-1,-1
60,106,504,226,182,160,1.0,-1,-1,-1
61,178,483,54,232,139,1.0,-1,-1,-1
61,95,1246,141,190,161,1.0,-1,-1,-1
61,102,1014,178,245,253,1.0,-1,-1,-1
61,120,1320,249,208,190,1.0,-1,-1,-1
61,104,712,308,207,158,1.0,-1,-1,-1
61,106,502,229,184,162,1.0,-1,-1,-1
61,179,1382,95,230,157,1.0,-1,-1,-1
62,178,485,54,228,138,1.0,-1,-1,-1
62,102,1014,178,245,253,1.0,-1,-1,-1
62,120,1319,248,206,186,1.0,-1,-1,-1
62,104,707,314,206,166,1.0,-1,-1,-1
62,106,500,230,187,162,1.0,-1,-1,-1
62,179,1401,94,234,155,1.0,-1,-1,-1
63,178,486,55,227,138,1.0,-1,-1,-1
63,102,1013,177,245,253,1.0,-1,-1,-1
63,120,1317,245,205,184,1.0,-1,-1,-1
63,104,707,317,205,167,1.0,-1,-1,-1
63,106,499,245,189,157,1.0,-1,-1,-1
63,179,1421,93,237,152,1.0,-1,-1,-1
64,178,487,54,226,139,1.0,-1,-1,-1
64,102,1013,177,245,254,1.0,-1,-1,-1
64,120,1315,243,204,181,1.0,-1,-1,-1
64,104,709,321,202,167,1.0,-1,-1,-1
64,106,499,247,189,158,1.0,-1,-1,-1
64,179,1440,92,241,150,1.0,-1,-1,-1
65,178,489,54,225,139,1.0,-1,-1,-1
65,102,1013,177,245,254,1.0,-1,-1,-1
65,120,1312,239,205,180,1.0,-1,-1,-1
65,104,708,325,202,172,1.0,-1,-1,-1
65,106,494,250,187,159,1.0,-1,-1,-1
65,179,1459,91,244,147,1.0,-1,-1,-1
66,178,490,55,225,139,1.0,-1,-1,-1
66,102,1013,176,245,254,1.0,-1,-1,-1
66,120,1310,237,204,180,1.0,-1,-1,-1
66,104,707,329,203,176,1.0,-1,-1,-1
66,106,492,253,189,160,1.0,-1,-1,-1
66,179,1479,90,248,145,1.0,-1,-1,-1
67,178,491,54,223,140,1.0,-1,-1,-1
67,102,1012,176,245,254,1.0,-1,-1,-1
67,120,1308,234,205,180,1.0,-1,-1,-1
67,104,705,333,206,178,1.0,-1,-1,-1
67,106,488,257,190,162,1.0,-1,-1,-1
67,179,1507,87,252,146,1.0,-1,-1,-1
68,178,494,54,220,140,1.0,-1,-1,-1
68,102,1012,176,245,255,1.0,-1,-1,-1
68,120,1308,234,202,176,1.0,-1,-1,-1
68,104,706,336,205,177,1.0,-1,-1,-1
68,106,484,260,193,165,1.0,-1,-1,-1
68,179,1536,85,257,147,1.0,-1,-1,-1
69,178,497,54,216,141,1.0,-1,-1,-1
69,102,1012,175,245,255,1.0,-1,-1,-1
69,120,1312,225,195,173,1.0,-1,-1,-1
69,104,706,346,205,175,1.0,-1,-1,-1
69,106,481,263,193,168,1.0,-1,-1,-1
69,179,1565,83,262,148,1.0,-1,-1,-1
70,178,498,54,214,140,1.0,-1,-1,-1
70,102,1012,175,245,255,1.0,-1,-1,-1
70,120,1312,224,194,173,1.0,-1,-1,-1
70,104,705,347,207,178,1.0,-1,-1,-1
70,106,478,265,192,170,1.0,-1,-1,-1
70,179,1594,81,266,149,1.0,-1,-1,-1
71,180,1545,573,373,340,1.0,-1,-1,-1
71,178,497,54,217,140,1.0,-1,-1,-1
71,102,1011,174,245,256,1.0,-1,-1,-1
71,120,1296,224,201,174,1.0,-1,-1,-1
71,104,701,352,213,178,1.0,-1,-1,-1
71,106,473,281,196,160,1.0,-1,-1,-1
71,179,1623,79,271,150,1.0,-1,-1,-1
72,180,1533,565,385,338,1.0,-1,-1,-1
72,178,497,54,219,140,1.0,-1,-1,-1
72,102,1011,174,245,256,1.0,-1,-1,-1
72,120,1296,221,200,174,1.0,-1,-1,-1
72,104,699,358,218,178,1.0,-1,-1,-1
72,106,469,283,199,160,1.0,-1,-1,-1
72,179,1652,77,267,151,1.0,-1,-1,-1
73,180,1526,553,390,341,1.0,-1,-1,-1
73,178,495,53,221,141,1.0,-1,-1,-1
73,102,1011,174,245,256,1.0,-1,-1,-1
73,120,1297,218,197,174,1.0,-1,-1,-1
73,104,698,364,221,179,1.0,-1,-1,-1
73,106,464,285,202,161,1.0,-1,-1,-1
74,180,1515,541,398,342,1.0,-1,-1,-1
74,178,494,52,222,141,1.0,-1,-1,-1
74,102,1011,173,245,257,1.0,-1,-1,-1
74,120,1296,215,197,172,1.0,-1,-1,-1
74,104,696,368,224,180,1.0,-1,-1,-1
74,106,460,286,201,164,1.0,-1,-1,-1
75,180,1509,531,400,343,1.0,-1,-1,-1
75,178,492,52,225,142,1.0,-1,-1,-1
75,102,1010,173,245,257,1.0,-1,-1,-1
75,120,1294,213,198,169,1.0,-1,-1,-1
75,104,695,372,226,177,1.0,-1,-1,-1
75,106,458,289,200,169,1.0,-1,-1,-1
76,180,1492,528,393,335,1.0,-1,-1,-1
76,178,493,52,224,142,1.0,-1,-1,-1
76,102,1010,173,245,257,1.0,-1,-1,-1
76,120,1292,212,200,166,1.0,-1,-1,-1
76,104,698,381,221,181,1.0,-1,-1,-1
76,106,457,293,199,171,1.0,-1,-1,-1
77,180,1493,511,373,331,1.0,-1,-1,-1
77,178,496,52,218,143,1.0,-1,-1,-1
77,102,1010,172,245,257,1.0,-1,-1,-1
77,120,1292,211,199,164,1.0,-1,-1,-1
77,104,697,385,222,181,1.0,-1,-1,-1
77,106,452,297,194,172,1.0,-1,-1,-1
77,181,898,22,242,162,1.0,-1,-1,-1
78,180,1488,504,365,326,1.0,-1,-1,-1
78,178,500,51,211,144,1.0,-1,-1,-1
78,102,1010,172,245,258,1.0,-1,-1,-1
78,120,1291,210,199,164,1.0,-1,-1,-1
78,104,696,390,225,182,1.0,-1,-1,-1
78,106,450,298,195,174,1.0,-1,-1,-1
78,181,881,20,246,160,1.0,-1,-1,-1
79,180,1478,497,363,320,1.0,-1,-1,-1
79,178,502,51,208,144,1.0,-1,-1,-1
79,102,1009,172,245,258,1.0,-1,-1,-1
79,120,1289,208,200,164,1.0,-1,-1,-1
79,104,693,397,230,183,1.0,-1,-1,-1
79,106,446,300,197,173,1.0,-1,-1,-1
79,181,864,18,250,159,1.0,-1,-1,-1
80,180,1469,484,360,320,1.0,-1,-1,-1
80,178,502,51,207,145,1.0,-1,-1,-1
80,102,1009,171,245,258,1.0,-1,-1,-1
80,120,1287,207,200,164,1.0,-1,-1,-1
80,104,690,402,236,185,1.0,-1,-1,-1
80,106,439,315,203,166,1.0,-1,-1,-1
80,181,847,16,255,158,1.0,-1,-1,-1
81,180,1460,473,361,321,1.0,-1,-1,-1
81,178,502,51,206,145,1.0,-1,-1,-1
81,102,1009,171,245,259,1.0,-1,-1,-1
81,120,1286,207,201,162,1.0,-1,-1,-1
81,104,686,399,241,204,1.0,-1,-1,-1
81,106,437,318,201,165,1.0,-1,-1,-1
81,181,815,14,259,158,1.0,-1,-1,-1
82,180,1455,464,358,320,1.0,-1,-1,-1
82,178,502,51,206,146,1.0,-1,-1,-1
82,102,1009,171,245,259,1.0,-1,-1,-1
82,120,1284,205,200,164,1.0,-1,-1,-1
82,104,684,405,245,207,1.0,-1,-1,-1
82,106,433,321,200,164,1.0,-1,-1,-1
82,181,784,13,264,158,1.0,-1,-1,-1
83,180,1441,466,359,310,1.0,-1,-1,-1
83,178,503,51,206,145,1.0,-1,-1,-1
83,102,1008,170,245,259,1.0,-1,-1,-1
83,120,1284,203,197,165,1.0,-1,-1,-1
83,104,680,409,250,212,1.0,-1,-1,-1
83,106,428,322,200,171,1.0,-1,-1,-1
83,181,753,12,268,158,1.0,-1,-1,-1
84,180,1441,447,349,323,1.0,-1,-1,-1
84,178,503,52,205,144,1.0,-1,-1,-1
84,102,1008,170,245,259,1.0,-1,-1,-1
84,120,1284,191,196,173,1.0,-1,-1,-1
84,104,676,416,255,212,1.0,-1,-1,-1
84,106,424,325,201,178,1.0,-1,-1,-1
84,181,722,11,273,158,1.0,-1,-1,-1
85,180,1438,443,347,323,1.0,-1,-1,-1
85,178,503,53,205,144,1.0,-1,-1,-1
85,102,1008,170,245,260,1.0,-1,-1,-1
85,120,1282,190,198,174,1.0,-1,-1,-1
85,104,674,422,258,212,1.0,-1,-1,-1
85,106,419,328,204,183,1.0,-1,-1,-1
85,181,691,9,277,158,1.0,-1,-1,-1
86,180,1431,439,343,314,1.0,-1,-1,-1
86,178,503,54,208,142,1.0,-1,-1,-1
86,102,1008,169,245,260,1.0,-1,-1,-1
86,120,1281,188,198,175,1.0,-1,-1,-1
86,104,672,428,259,209,1.0,-1,-1,-1
86,106,411,334,203,179,1.0,-1,-1,-1
86,181,660,8,282,158,1.0,-1,-1,-1
87,180,1426,434,335,307,1.0,-1,-1,-1
87,178,502,54,209,140,1.0,-1,-1,-1
87,102,1007,169,245,260,1.0,-1,-1,-1
87,120,1280,187,198,175,1.0,-1,-1,-1
87,104,678,443,251,205,1.0,-1,-1,-1
87,106,407,346,210,173,1.0,-1,-1,-1
87,181,628,7,286,158,1.0,-1,-1,-1
88,180,1419,428,327,298,1.0,-1,-1,-1
88,178,504,54,208,140,1.0,-1,-1,-1
88,102,1007,169,245,261,1.0,-1,-1,-1
88,120,1279,186,197,174,1.0,-1,-1,-1
88,104,676,445,251,209,1.0,-1,-1,-1
88,106,405,346,209,175,1.0,-1,-1,-1
89,180,1415,419,320,297,1.0,-1,-1,-1
89,178,506,53,204,141,1.0,-1,-1,-1
89,102,1007,168,245,261,1.0,-1,-1,-1
89,120,1277,185,199,173,1.0,-1,-1,-1
89,104,672,452,254,212,1.0,-1,-1,-1
89,106,402,348,209,178,1.0,-1,-1,-1
90,180,1410,412,315,294,1.0,-1,-1,-1
90,178,508,52,202,141,1.0,-1,-1,-1
90,102,1007,168,245,261,1.0,-1,-1,-1
90,120,1275,183,199,174,1.0,-1,-1,-1
90,104,667,458,260,216,1.0,-1,-1,-1
90,106,398,352,209,176,1.0,-1,-1,-1
91,180,1404,406,317,292,1.0,-1,-1,-1
91,178,509,54,200,139,1.0,-1,-1,-1
91,102,1007,168,246,262,1.0,-1,-1,-1
91,120,1273,180,200,175,1.0,-1,-1,-1
91,104,660,464,266,221,1.0,-1,-1,-1
91,106,392,355,212,179,1.0,-1,-1,-1
92,180,1386,406,320,280,1.0,-1,-1,-1
92,178,512,59,197,135,1.0,-1,-1,-1
92,102,1007,167,245,261,1.0,-1,-1,-1
92,120,1272,178,200,175,1.0,-1,-1,-1
92,104,655,469,271,226,1.0,-1,-1,-1
92,106,385,360,217,179,1.0,-1,-1,-1
93,180,1386,390,316,287,1.0,-1,-1,-1
93,178,514,63,195,132,1.0,-1,-1,-1
93,102,1007,167,245,261,1.0,-1,-1,-1
93,120,1273,177,200,173,1.0,-1,-1,-1
93,104,653,475,271,229,1.0,-1,-1,-1
93,106,379,363,221,183,1.0,-1,-1,-1
94,180,1388,391,310,279,1.0,-1,-1,-1
94,178,518,62,193,133,1.0,-1,-1,-1
94,102,1007,166,245,260,1.0,-1,-1,-1
94,120,1272,176,201,171,1.0,-1,-1,-1
94,104,652,482,270,230,1.0,-1,-1,-1
94,106,376,368,222,182,1.0,-1,-1,-1
95,180,1386,390,307,271,1.0,-1,-1,-1
95,178,524,61,189,134,1.0,-1,-1,-1
95,102,1007,166,244,260,1.0,-1,-1,-1
95,120,1272,174,200,171,1.0,-1,-1,-1
95,104,648,488,271,231,1.0,-1,-1,-1
95,106,374,379,224,187,1.0,-1,-1,-1
96,180,1384,386,302,266,1.0,-1,-1,-1
96,178,527,60,186,136,1.0,-1,-1,-1
96,102,1007,165,244,260,1.0,-1,-1,-1
96,120,1272,172,199,171,1.0,-1,-1,-1
96,104,640,491,276,234,1.0,-1,-1,-1
96,106,375,381,219,188,1.0,-1,-1,-1
97,180,1382,380,294,263,1.0,-1,-1,-1
97,178,530,60,183,137,1.0,-1,-1,-1
97,102,1007,165,244,259,1.0,-1,-1,-1
97,120,1273,171,197,170,1.0,-1,-1,-1
97,104,636,510,282,226,1.0,-1,-1,-1
97,106,375,384,218,193,1.0,-1,-1,-1
98,180,1381,374,285,261,1.0,-1,-1,-1
98,178,532,59,183,140,1.0,-1,-1,-1
98,102,1007,164,244,259,1.0,-1,-1,-1
98,120,1273,170,196,170,1.0,-1,-1,-1
98,104,632,516,289,228,1.0,-1,-1,-1
98,106,368,394,211,186,1.0,-1,-1,-1
99,180,1377,369,281,261,1.0,-1,-1,-1
99,178,542,58,179,144,1.0,-1,-1,-1
99,102,1007,164,243,258,1.0,-1,-1,-1
99,120,1273,169,197,170,1.0,-1,-1,-1
99,104,628,525,294,230,1.0,-1,-1,-1
99,106,360,398,219,189,1.0,-1,-1,-1
100,180,1372,364,280,261,1.0,-1,-1,-1
100,178,542,58,179,144,1.0,-1,-1,-1
100,102,1007,163,243,258,1.0,-1,-1,-1
100,120,1272,166,197,173,1.0,-1,-1,-1
100,104,624,534,293,233,1.0,-1,-1,-1
100,106,352,402,225,188,1.0,-1,-1,-1
101,180,1368,357,278,262,1.0,-1,-1,-1
101,178,543,57,181,145,1.0,-1,-1,-1
101,102,1007,163,243,258,1.0,-1,-1,-1
101,120,1262,167,199,168,1.0,-1,-1,-1
101,104,621,543,291,232,1.0,-1,-1,-1
101,106,348,414,230,188,1.0,-1,-1,-1
102,180,1366,351,275,262,1.0,-1,-1,-1
102,178,545,72,187,132,1.0,-1,-1,-1
102,102,1007,162,243,257,1.0,-1,-1,-1
102,120,1261,165,200,170,1.0,-1,-1,-1
102,104,618,550,289,235,1.0,-1,-1,-1
102,106,341,416,237,187,1.0,-1,-1,-1
103,180,1363,347,271,261,1.0,-1,-1,-1
103,178,548,72,186,132,1.0,-1,-1,-1
103,102,1007,162,242,257,1.0,-1,-1,-1
103,120,1261,165,200,170,1.0,-1,-1,-1
103,104,612,555,291,238,1.0,-1,-1,-1
103,106,335,403,243,215,1.0,-1,-1,-1
104,180,1355,330,272,262,1.0,-1,-1,-1
104,178,551,71,182,134,1.0,-1,-1,-1
104,102,1007,161,242,256,1.0,-1,-1,-1
104,120,1261,165,199,171,1.0,-1,-1,-1
104,104,608,557,293,245,1.0,-1,-1,-1
104,106,332,408,245,216,1.0,-1,-1,-1
105,180,1354,329,268,261,1.0,-1,-1,-1
105,178,556,71,179,135,1.0,-1,-1,-1
105,102,1007,161,242,256,1.0,-1,-1,-1
105,120,1261,164,198,170,1.0,-1,-1,-1
105,104,605,576,294,246,1.0,-1,-1,-1
105,106,329,412,245,217,1.0,-1,-1,-1
106,180,1353,327,266,259,1.0,-1,-1,-1
106,178,558,70,177,137,1.0,-1,-1,-1
106,102,1007,160,242,256,1.0,-1,-1,-1
106,120,1260,139,190,182,1.0,-1,-1,-1
106,104,600,584,298,247,1.0,-1,-1,-1
106,106,311,421,253,212,1.0,-1,-1,-1
107,180,1355,324,260,255,1.0,-1,-1,-1
107,178,562,71,175,137,1.0,-1,-1,-1
107,102,1007,160,241,255,1.0,-1,-1,-1
107,120,1262,141,188,180,1.0,-1,-1,-1
107,104,595,595,304,247,1.0,-1,-1,-1
107,106,309,426,253,211,1.0,-1,-1,-1
108,180,1354,320,258,253,1.0,-1,-1,-1
108,178,563,73,174,136,1.0,-1,-1,-1
108,102,1007,159,241,255,1.0,-1,-1,-1
108,120,1262,145,187,175,1.0,-1,-1,-1
108,104,573,607,317,246,1.0,-1,-1,-1
108,106,315,442,243,212,1.0,-1,-1,-1
109,180,1337,313,264,250,1.0,-1,-1,-1
109,178,564,76,174,134,1.0,-1,-1,-1
109,102,1007,159,241,255,1.0,-1,-1,-1
109,120,1262,147,186,172,1.0,-1,-1,-1
109,104,571,616,318,252,1.0,-1,-1,-1
109,106,312,445,245,215,1.0,-1,-1,-1
110,180,1336,309,261,246,1.0,-1,-1,-1
110,178,565,77,175,133,1.0,-1,-1,-1
110,102,1007,158,241,254,1.0,-1,-1,-1
110,120,1262,147,186,172,1.0,-1,-1,-1
110,104,564,621,327,259,1.0,-1,-1,-1
110,106,309,453,247,216,1.0,-1,-1,-1
111,180,1333,306,261,242,1.0,-1,-1,-1
111,178,565,78,175,134,1.0,-1,-1,-1
111,102,1007,158,240,254,1.0,-1,-1,-1
111,120,1262,144,186,176,1.0,-1,-1,-1
111,104,558,635,334,269,1.0,-1,-1,-1
111,106,305,461,249,218,1.0,-1,-1,-1
112,180,1329,303,260,239,1.0,-1,-1,-1
112,178,566,79,175,135,1.0,-1,-1,-1
112,102,1007,157,240,253,1.0,-1,-1,-1
112,120,1263,145,184,175,1.0,-1,-1,-1
112,104,553,642,336,270,1.0,-1,-1,-1
112,106,298,471,255,220,1.0,-1,-1,-1
113,180,1324,300,260,234,1.0,-1,-1,-1
113,178,565,80,174,136,1.0,-1,-1,-1
113,102,1007,157,240,253,1.0,-1,-1,-1
113,120,1264,146,183,172,1.0,-1,-1,-1
113,104,548,651,338,271,1.0,-1,-1,-1
113,106,290,476,258,222,1.0,-1,-1,-1
114,180,1324,296,258,231,1.0,-1,-1,-1
114,178,566,82,171,136,1.0,-1,-1,-1
114,102,1007,156,240,253,1.0,-1,-1,-1
114,120,1264,149,183,170,1.0,-1,-1,-1
114,104,544,660,341,274,1.0,-1,-1,-1
114,106,281,481,261,223,1.0,-1,-1,-1
115,180,1322,296,259,226,1.0,-1,-1,-1
115,178,566,83,169,137,1.0,-1,-1,-1
115,102,1007,156,239,252,1.0,-1,-1,-1
115,120,1264,145,183,173,1.0,-1,-1,-1
115,104,535,672,348,276,1.0,-1,-1,-1
115,106,271,485,266,223,1.0,-1,-1,-1
116,180,1319,294,259,222,1.0,-1,-1,-1
116,178,566,87,168,135,1.0,-1,-1,-1
116,102,1007,155,239,252,1.0,-1,-1,-1
116,120,1264,140,182,177,1.0,-1,-1,-1
116,104,527,680,353,283,1.0,-1,-1,-1
116,106,263,489,272,226,1.0,-1,-1,-1
117,180,1317,293,253,219,1.0,-1,-1,-1
117,178,566,90,168,135,1.0,-1,-1,-1
117,102,1007,155,239,251,1.0,-1,-1,-1
117,120,1264,135,180,181,1.0,-1,-1,-1
117,104,524,703,352,286,1.0,-1,-1,-1
117,106,258,509,271,225,1.0,-1,-1,-1
118,180,1315,291,251,218,1.0,-1,-1,-1
118,178,566,93,167,134,1.0,-1,-1,-1
118,102,1007,154,239,251,1.0,-1,-1,-1
118,120,1264,135,181,181,1.0,-1,-1,-1
118,104,518,711,355,290,1.0,-1,-1,-1
118,106,254,516,265,223,1.0,-1,-1,-1
119,180,1312,290,248,217,1.0,-1,-1,-1
119,178,565,95,168,137,1.0,-1,-1,-1
119,102,1007,154,238,251,1.0,-1,-1,-1
119,120,1263,134,181,181,1.0,-1,-1,-1
119,104,507,726,366,292,1.0,-1,-1,-1
119,106,249,524,264,222,1.0,-1,-1,-1
120,180,1303,274,252,227,1.0,-1,-1,-1
120,178,563,97,167,138,1.0,-1,-1,-1
120,102,1007,153,238,250,1.0,-1,-1,-1
120,120,1263,134,182,180,1.0,-1,-1,-1
120,104,497,738,375,299,1.0,-1,-1,-1
120,106,244,532,268,221,1.0,-1,-1,-1
121,180,1301,274,251,226,1.0,-1,-1,-1
121,178,560,105,166,139,1.0,-1,-1,-1
121,102,1007,153,238,250,1.0,-1,-1,-1
121,120,1262,134,182,180,1.0,-1,-1,-1
121,104,493,758,371,315,1.0,-1,-1,-1
121,106,238,538,275,224,1.0,-1,-1,-1
122,180,1301,272,249,227,1.0,-1,-1,-1
122,178,558,107,167,139,1.0,-1,-1,-1
122,102,1007,153,238,250,1.0,-1,-1,-1
122,120,1262,133,183,180,1.0,-1,-1,-1
122,104,484,762,382,316,1.0,-1,-1,-1
122,106,224,547,280,224,1.0,-1,-1,-1
123,180,1299,270,251,226,1.0,-1,-1,-1
123,178,555,110,169,137,1.0,-1,-1,-1
123,102,1007,152,237,250,1.0,-1,-1,-1
123,120,1262,133,183,180,1.0,-1,-1,-1
123,104,476,774,394,304,1.0,-1,-1,-1
123,106,218,553,286,228,1.0,-1,-1,-1
124,180,1296,268,254,222,1.0,-1,-1,-1
124,178,553,112,169,136,1.0,-1,-1,-1
124,102,1007,151,237,250,1.0,-1,-1,-1
124,120,1261,133,184,180,1.0,-1,-1,-1
124,106,214,557,289,232,1.0,-1,-1,-1
125,180,1294,265,256,219,1.0,-1,-1,-1
125,178,550,114,169,136,1.0,-1,-1,-1
125,102,1007,150,237,250,1.0,-1,-1,-1
125,120,1261,133,184,179,1.0,-1,-1,-1
125,106,207,559,293,238,1.0,-1,-1,-1
126,180,1292,261,253,218,1.0,-1,-1,-1
126,178,548,115,169,138,1.0,-1,-1,-1
126,102,1007,150,236,250,1.0,-1,-1,-1
126,120,1260,132,185,179,1.0,-1,-1,-1
126,106,194,567,304,251,1.0,-1,-1,-1
127,180,1291,257,250,218,1.0,-1,-1,-1
127,178,546,118,171,139,1.0,-1,-1,-1
127,102,1007,149,236,250,1.0,-1,-1,-1
127,120,1260,132,185,179,1.0,-1,-1,-1
127,106,189,568,304,255,1.0,-1,-1,-1
128,180,1289,255,247,215,1.0,-1,-1,-1
128,178,544,123,173,138,1.0,-1,-1,-1
128,102,1007,148,236,250,1.0,-1,-1,-1
128,120,1260,132,186,179,1.0,-1,-1,-1
128,106,181,575,306,254,1.0,-1,-1,-1
129,180,1288,254,244,210,1.0,-1,-1,-1
129,178,533,120,179,145,1.0,-1,-1,-1
129,102,1007,148,235,250,1.0,-1,-1,-1
129,120,1259,131,186,179,1.0,-1,-1,-1
129,106,176,587,308,250,1.0,-1,-1,-1
130,180,1290,253,236,210,1.0,-1,-1,-1
130,178,532,124,179,144,1.0,-1,-1,-1
130,102,1007,147,235,250,1.0,-1,-1,-1
130,120,1259,131,187,178,1.0,-1,-1,-1
130,106,169,596,308,252,1.0,-1,-1,-1
131,180,1280,249,236,211,1.0,-1,-1,-1
131,178,532,126,178,143,1.0,-1,-1,-1
131,102,1007,146,235,251,1.0,-1,-1,-1
131,106,162,604,308,255,1.0,-1,-1,-1
132,180,1281,245,232,214,1.0,-1,-1,-1
132,178,530,128,177,144,1.0,-1,-1,-1
132,102,1007,146,234,251,1.0,-1,-1,-1
132,106,152,610,312,263,1.0,-1,-1,-1
133,180,1280,240,230,215,1.0,-1,-1,-1
133,178,529,129,176,145,1.0,-1,-1,-1
133,102,1008,145,234,251,1.0,-1,-1,-1
133,106,143,616,318,269,1.0,-1,-1,-1
134,180,1281,236,228,215,1.0,-1,-1,-1
134,178,525,129,178,146,1.0,-1,-1,-1
134,102,1008,144,234,251,1.0,-1,-1,-1
134,182,1149,796,407,282,1.0,-1,-1,-1
134,106,126,621,320,268,1.0,-1,-1,-1
135,180,1273,238,240,200,1.0,-1,-1,-1
135,178,524,142,179,143,1.0,-1,-1,-1
135,102,1008,144,233,251,1.0,-1,-1,-1
135,182,1144,785,406,293,1.0,-1,-1,-1
135,106,118,638,323,277,1.0,-1,-1,-1
136,180,1274,235,238,200,1.0,-1,-1,-1
136,178,522,142,181,145,1.0,-1,-1,-1
136,102,1008,143,233,251,1.0,-1,-1,-1
136,182,1140,774,406,304,1.0,-1,-1,-1
136,106,106,649,326,273,1.0,-1,-1,-1
137,180,1277,234,229,198,1.0,-1,-1,-1
137,178,521,145,180,146,1.0,-1,-1,-1
137,102,1008,142,233,251,1.0,-1,-1,-1
137,182,1134,764,409,314,1.0,-1,-1,-1
137,106,93,660,332,273,1.0,-1,-1,-1
138,180,1278,231,225,196,1.0,-1,-1,-1
138,178,521,149,179,144,1.0,-1,-1,-1
138,102,1008,142,232,251,1.0,-1,-1,-1
138,182,1117,756,404,322,1.0,-1,-1,-1
138,106,83,669,337,276,1.0,-1,-1,-1
139,180,1278,229,220,196,1.0,-1,-1,-1
139,178,522,153,177,143,1.0,-1,-1,-1
139,102,1008,141,232,251,1.0,-1,-1,-1
139,182,1115,752,397,323,1.0,-1,-1,-1
139,106,74,677,337,282,1.0,-1,-1,-1
140,180,1277,227,218,196,1.0,-1,-1,-1
140,178,522,155,177,145,1.0,-1,-1,-1
140,102,1008,140,232,252,1.0,-1,-1,-1
140,182,1104,740,396,321,1.0,-1,-1,-1
140,106,64,682,338,290,1.0,-1,-1,-1
141,180,1279,213,211,185,1.0,-1,-1,-1
141,178,522,158,177,146,1.0,-1,-1,-1
141,102,1008,140,231,252,1.0,-1,-1,-1
141,182,1093,739,393,311,1.0,-1,-1,-1
141,106,28,697,367,297,1.0,-1,-1,-1
142,180,1278,211,211,186,1.0,-1,-1,-1
142,178,522,161,176,147,1.0,-1,-1,-1
142,102,1008,139,231,252,1.0,-1,-1,-1
142,182,1077,735,400,306,1.0,-1,-1,-1
142,106,22,707,361,295,1.0,-1,-1,-1
143,180,1276,208,212,186,1.0,-1,-1,-1
143,178,522,164,176,147,1.0,-1,-1,-1
143,102,1008,138,231,252,1.0,-1,-1,-1
143,182,1065,728,404,305,1.0,-1,-1,-1
143,106,11,723,359,294,1.0,-1,-1,-1
144,180,1275,206,212,187,1.0,-1,-1,-1
144,178,519,176,182,147,1.0,-1,-1,-1
144,102,1009,138,231,252,1.0,-1,-1,-1
144,182,1022,719,435,303,1.0,-1,-1,-1
144,106,0,735,362,299,1.0,-1,-1,-1
145,180,1273,203,213,188,1.0,-1,-1,-1
145,178,518,175,183,150,1.0,-1,-1,-1
145,102,1009,137,230,252,1.0,-1,-1,-1
145,182,998,709,443,306,1.0,-1,-1,-1
145,106,0,744,365,305,1.0,-1,-1,-1
146,180,1271,201,213,189,1.0,-1,-1,-1
146,178,517,177,185,151,1.0,-1,-1,-1
146,102,1009,136,230,252,1.0,-1,-1,-1
146,182,977,669,456,360,1.0,-1,-1,-1
147,180,1270,198,214,189,1.0,-1,-1,-1
147,178,517,179,186,151,1.0,-1,-1,-1
147,102,1009,135,230,252,1.0,-1,-1,-1
147,182,940,700,452,297,1.0,-1,-1,-1
147,183,907,32,231,151,1.0,-1,-1,-1
148,180,1268,196,214,190,1.0,-1,-1,-1
148,178,518,182,187,150,1.0,-1,-1,-1
148,102,1009,135,229,252,1.0,-1,-1,-1
148,182,908,697,476,295,1.0,-1,-1,-1
148,183,897,30,234,151,1.0,-1,-1,-1
149,180,1267,193,215,191,1.0,-1,-1,-1
149,178,518,184,187,150,1.0,-1,-1,-1
149,102,1009,134,229,253,1.0,-1,-1,-1
149,182,864,663,521,336,1.0,-1,-1,-1
149,183,887,29,238,151,1.0,-1,-1,-1
150,180,1265,190,216,191,1.0,-1,-1,-1
150,178,519,186,186,153,1.0,-1,-1,-1
150,102,1009,133,229,253,1.0,-1,-1,-1
150,182,821,662,528,330,1.0,-1,-1,-1
150,183,862,27,241,151,1.0,-1,-1,-1
151,180,1264,188,216,192,1.0,-1,-1,-1
151,178,520,189,185,155,1.0,-1,-1,-1
151,102,1009,133,228,253,1.0,-1,-1,-1
151,182,794,658,524,333,1.0,-1,-1,-1
151,183,837,25,245,152,1.0,-1,-1,-1
152,180,1262,185,217,193,1.0,-1,-1,-1
152,178,521,193,185,156,1.0,-1,-1,-1
152,102,1009,132,228,253,1.0,-1,-1,-1
152,182,735,662,534,321,1.0,-1,-1,-1
152,183,812,23,249,153,1.0,-1,-1,-1
153,180,1261,183,217,193,1.0,-1,-1,-1
153,178,522,197,184,156,1.0,-1,-1,-1
153,102,1009,131,228,253,1.0,-1,-1,-1
153,182,681,660,563,315,1.0,-1,-1,-1
153,183,788,21,253,154,1.0,-1,-1,-1
154,180,1259,180,218,194,1.0,-1,-1,-1
154,178,518,208,190,156,1.0,-1,-1,-1
154,102,1009,131,227,253,1.0,-1,-1,-1
154,182,637,659,567,310,1.0,-1,-1,-1
154,183,763,19,257,155,1.0,-1,-1,-1
155,180,1258,178,218,195,1.0,-1,-1,-1
155,178,519,208,191,157,1.0,-1,-1,-1
155,102,1010,130,227,253,1.0,-1,-1,-1
155,182,584,681,545,268,1.0,-1,-1,-1
155,183,738,17,260,156,1.0,-1,-1,-1
156,180,1256,175,219,195,1.0,-1,-1,-1
156,178,517,211,194,157,1.0,-1,-1,-1
156,102,1010,129,227,253,1.0,-1,-1,-1
156,182,518,656,597,303,1.0,-1,-1,-1
156,183,714,15,264,157,1.0,-1,-1,-1
157,180,1254,173,219,196,1.0,-1,-1,-1
157,178,517,214,196,157,1.0,-1,-1,-1
157,102,1010,129,226,253,1.0,-1,-1,-1
157,182,474,653,601,306,1.0,-1,-1,-1
157,183,689,13,268,158,1.0,-1,-1,-1
158,180,1253,170,220,197,1.0,-1,-1,-1
158,178,517,217,196,157,1.0,-1,-1,-1
158,102,1010,128,226,254,1.0,-1,-1,-1
158,182,416,650,596,305,1.0,-1,-1,-1
158,183,664,11,272,159,1.0,-1,-1,-1
159,180,1251,167,221,197,1.0,-1,-1,-1
159,178,517,219,197,160,1.0,-1,-1,-1
159,102,1010,127,226,254,1.0,-1,-1,-1
159,182,373,649,605,304,1.0,-1,-1,-1
159,183,640,10,276,160,1.0,-1,-1,-1
159,184,1584,68,316,140,1.0,-1,-1,-1
160,180,1250,165,221,198,1.0,-1,-1,-1
160,178,516,221,198,163,1.0,-1,-1,-1
160,102,1010,127,225,254,1.0,-1,-1,-1
160,182,330,649,605,304,1.0,-1,-1,-1
160,184,1564,68,314,139,1.0,-1,-1,-1
161,180,1248,162,222,199,1.0,-1,-1,-1
161,178,516,225,199,165,1.0,-1,-1,-1
161,102,1010,126,225,254,1.0,-1,-1,-1
161,182,255,650,622,305,1.0,-1,-1,-1
161,184,1545,69,313,139,1.0,-1,-1,-1
162,180,1247,160,222,199,1.0,-1,-1,-1
162,178,518,229,195,163,1.0,-1,-1,-1
162,102,1010,125,225,254,1.0,-1,-1,-1
162,182,212,653,631,295,1.0,-1,-1,-1
162,184,1526,70,311,139,1.0,-1,-1,-1
163,180,1245,157,223,200,1.0,-1,-1,-1
163,178,521,233,190,159,1.0,-1,-1,-1
163,102,1010,125,224,254,1.0,-1,-1,-1
163,182,172,655,628,297,1.0,-1,-1,-1
163,184,1507,70,310,138,1.0,-1,-1,-1
164,180,1244,155,223,201,1.0,-1,-1,-1
164,178,520,246,195,156,1.0,-1,-1,-1
164,102,1010,124,224,254,1.0,-1,-1,-1
164,182,107,657,627,297,1.0,-1,-1,-1
164,184,1488,71,308,138,1.0,-1,-1,-1
165,180,1242,152,224,201,1.0,-1,-1,-1
165,178,520,248,195,156,1.0,-1,-1,-1
165,102,1010,123,224,254,1.0,-1,-1,-1
165,182,62,664,645,289,1.0,-1,-1,-1
165,184,1469,72,307,138,1.0,-1,-1,-1
166,180,1241,150,224,202,1.0,-1,-1,-1
166,178,518,250,195,157,1.0,-1,-1,-1
166,102,1011,123,224,255,1.0,-1,-1,-1
166,182,19,666,646,290,1.0,-1,-1,-1
166,185,449,28,262,152,1.0,-1,-1,-1
166,184,1450,73,305,138,1.0,-1,-1,-1
167,180,1239,147,225,203,1.0,-1,-1,-1
167,178,516,253,196,159,1.0,-1,-1,-1
167,102,1010,122,224,254,1.0,-1,-1,-1
167,182,0,666,632,296,1.0,-1,-1,-1
167,185,454,28,254,154,1.0,-1,-1,-1
167,184,1431,73,304,137,1.0,-1,-1,-1
168,180,1238,145,226,204,1.0,-1,-1,-1
168,178,515,256,197,163,1.0,-1,-1,-1
168,102,1010,122,224,254,1.0,-1,-1,-1
168,185,473,27,249,158,1.0,-1,-1,-1
168,184,1412,74,302,137,1.0,-1,-1,-1
169,180,1238,143,225,203,1.0,-1,-1,-1
169,178,513,259,200,166,1.0,-1,-1,-1
169,102,1010,122,224,253,1.0,-1,-1,-1
169,185,472,28,251,157,1.0,-1,-1,-1
169,184,1393,75,301,137,1.0,-1,-1,-1
170,180,1238,142,224,202,1.0,-1,-1,-1
170,178,510,263,202,168,1.0,-1,-1,-1
170,102,1010,122,225,253,1.0,-1,-1,-1
170,185,475,30,250,155,1.0,-1,-1,-1
171,180,1238,141,223,202,1.0,-1,-1,-1
171,178,506,265,204,168,1.0,-1,-1,-1
171,102,1010,122,225,252,1.0,-1,-1,-1
171,185,474,31,253,155,1.0,-1,-1,-1
172,180,1238,140,222,201,1.0,-1,-1,-1
172,178,506,277,203,164,1.0,-1,-1,-1
172,102,1009,122,225,252,1.0,-1,-1,-1
172,185,474,32,256,156,1.0,-1,-1,-1
173,180,1238,138,222,201,1.0,-1,-1,-1
173,178,504,279,203,164,1.0,-1,-1,-1
173,102,1009,122,226,252,1.0,-1,-1,-1
173,185,474,31,257,158,1.0,-1,-1,-1
174,180,1238,137,221,200,1.0,-1,-1,-1
174,178,504,282,203,163,1.0,-1,-1,-1
174,102,1009,122,226,251,1.0,-1,-1,-1
174,186,1222,776,443,302,1.0,-1,-1,-1
174,185,477,31,255,159,1.0,-1,-1,-1
175,180,1238,136,220,200,1.0,-1,-1,-1
175,178,502,285,204,161,1.0,-1,-1,-1
175,102,1009,122,226,251,1.0,-1,-1,-1
175,186,1219,762,427,316,1.0,-1,-1,-1
175,185,482,30,253,159,1.0,-1,-1,-1
176,180,1238,135,219,199,1.0,-1,-1,-1
176,178,501,287,202,164,1.0,-1,-1,-1
176,102,1009,121,227,250,1.0,-1,-1,-1
176,186,1190,730,442,342,1.0,-1,-1,-1
176,185,484,30,252,159,1.0,-1,-1,-1
177,180,1238,133,219,199,1.0,-1,-1,-1
177,178,498,288,204,168,1.0,-1,-1,-1
177,102,1009,121,227,250,1.0,-1,-1,-1
177,186,1199,732,431,319,1.0,-1,-1,-1
177,185,487,32,251,158,1.0,-1,-1,-1
178,180,1238,132,218,198,1.0,-1,-1,-1
178,178,496,289,204,173,1.0,-1,-1,-1
178,102,1008,121,227,250,1.0,-1,-1,-1
178,186,1188,717,410,316,1.0,-1,-1,-1
178,185,490,33,251,158,1.0,-1,-1,-1
179,180,1238,131,217,198,1.0,-1,-1,-1
179,178,492,293,209,176,1.0,-1,-1,-1
179,102,1008,121,228,249,1.0,-1,-1,-1
179,186,1185,707,405,306,1.0,-1,-1,-1
179,185,489,35,255,157,1.0,-1,-1,-1
180,180,1238,130,216,197,1.0,-1,-1,-1
180,178,489,296,214,175,1.0,-1,-1,-1
180,102,1008,121,228,249,1.0,-1,-1,-1
180,186,1182,697,396,300,1.0,-1,-1,-1
180,185,491,34,254,159,1.0,-1,-1,-1
181,180,1238,129,216,197,1.0,-1,-1,-1
181,178,484,307,219,177,1.0,-1,-1,-1
181,102,1008,121,228,248,1.0,-1,-1,-1
181,186,1167,680,403,288,1.0,-1,-1,-1
181,185,522,33,229,160,1.0,-1,-1,-1
182,180,1237,128,216,196,1.0,-1,-1,-1
182,178,483,307,221,180,1.0,-1,-1,-1
182,102,1008,121,228,248,1.0,-1,-1,-1
182,186,1163,671,395,290,1.0,-1,-1,-1
182,185,526,34,225,162,1.0,-1,-1,-1
183,180,1237,127,216,196,1.0,-1,-1,-1
183,178,480,314,215,172,1.0,-1,-1,-1
183,102,1008,121,229,247,1.0,-1,-1,-1
183,186,1157,660,389,286,1.0,-1,-1,-1
183,185,532,34,217,163,1.0,-1,-1,-1
184,180,1237,126,216,196,1.0,-1,-1,-1
184,178,479,316,214,175,1.0,-1,-1,-1
184,102,1007,121,229,247,1.0,-1,-1,-1
184,186,1150,646,388,286,1.0,-1,-1,-1
184,185,536,35,211,164,1.0,-1,-1,-1
185,180,1237,125,216,196,1.0,-1,-1,-1
185,178,477,319,214,178,1.0,-1,-1,-1
185,102,1007,121,229,247,1.0,-1,-1,-1
185,186,1145,635,387,284,1.0,-1,-1,-1
185,185,541,33,205,166,1.0,-1,-1,-1
186,180,1237,124,216,196,1.0,-1,-1,-1
186,178,476,323,212,181,1.0,-1,-1,-1
186,102,1007,120,230,246,1.0,-1,-1,-1
186,186,1135,631,374,275,1.0,-1,-1,-1
186,185,541,33,206,167,1.0,-1,-1,-1
187,180,1236,123,216,196,1.0,-1,-1,-1
187,178,473,327,214,181,1.0,-1,-1,-1
187,102,1007,120,230,246,1.0,-1,-1,-1
187,186,1140,613,359,276,1.0,-1,-1,-1
187,185,543,34,204,168,1.0,-1,-1,-1
188,180,1236,123,216,196,1.0,-1,-1,-1
188,178,469,330,216,180,1.0,-1,-1,-1
188,102,1007,120,230,245,1.0,-1,-1,-1
188,186,1142,608,349,267,1.0,-1,-1,-1
188,185,541,33,206,171,1.0,-1,-1,-1
189,180,1236,122,216,196,1.0,-1,-1,-1
189,178,464,334,220,174,1.0,-1,-1,-1
189,102,1007,120,231,245,1.0,-1,-1,-1
189,186,1143,599,340,262,1.0,-1,-1,-1
189,185,542,34,205,174,1.0,-1,-1,-1
190,180,1236,121,216,196,1.0,-1,-1,-1
190,178,461,344,225,179,1.0,-1,-1,-1
190,102,1006,120,231,245,1.0,-1,-1,-1
190,186,1143,588,332,262,1.0,-1,-1,-1
190,185,543,35,205,175,1.0,-1,-1,-1
191,180,1236,120,216,196,1.0,-1,-1,-1
191,178,456,345,226,181,1.0,-1,-1,-1
191,102,1006,120,231,244,1.0,-1,-1,-1
191,186,1141,576,327,263,1.0,-1,-1,-1
191,185,545,38,204,173,1.0,-1,-1,-1
192,180,1235,119,216,196,1.0,-1,-1,-1
192,178,449,346,231,186,1.0,-1,-1,-1
192,102,1006,120,232,244,1.0,-1,-1,-1
192,186,1137,567,328,263,1.0,-1,-1,-1
192,185,546,41,204,170,1.0,-1,-1,-1
193,180,1235,118,216,196,1.0,-1,-1,-1
193,178,446,349,232,191,1.0,-1,-1,-1
193,102,1006,120,232,243,1.0,-1,-1,-1
193,186,1134,552,329,254,1.0,-1,-1,-1
193,185,546,42,206,170,1.0,-1,-1,-1
194,180,1235,118,217,195,1.0,-1,-1,-1
194,178,442,352,236,195,1.0,-1,-1,-1
194,102,1006,120,232,243,1.0,-1,-1,-1
194,186,1134,550,327,246,1.0,-1,-1,-1
194,185,545,42,207,172,1.0,-1,-1,-1
195,180,1235,117,217,195,1.0,-1,-1,-1
195,178,436,361,225,186,1.0,-1,-1,-1
195,102,1006,120,233,243,1.0,-1,-1,-1
195,186,1135,543,322,241,1.0,-1,-1,-1
195,185,546,42,206,171,1.0,-1,-1,-1
195,184,828,105,236,145,1.0,-1,-1,-1
196,180,1235,116,217,195,1.0,-1,-1,-1
196,178,421,349,251,219,1.0,-1,-1,-1
196,102,1006,119,232,242,1.0,-1,-1,-1
196,120,1387,93,263,163,1.0,-1,-1,-1
196,186,1136,534,317,240,1.0,-1,-1,-1
196,185,547,43,203,171,1.0,-1,-1,-1
196,184,817,108,239,143,1.0,-1,-1,-1
197,180,1234,115,217,195,1.0,-1,-1,-1
197,178,418,369,246,210,1.0,-1,-1,-1
197,102,1006,119,232,242,1.0,-1,-1,-1
197,120,1394,92,267,162,1.0,-1,-1,-1
197,186,1138,525,314,241,1.0,-1,-1,-1
197,185,552,57,201,162,1.0,-1,-1,-1
197,184,798,109,231,143,1.0,-1,-1,-1
198,180,1234,114,217,195,1.0,-1,-1,-1
198,178,410,373,252,208,1.0,-1,-1,-1
198,102,1006,118,231,242,1.0,-1,-1,-1
198,120,1401,92,272,162,1.0,-1,-1,-1
198,186,1140,517,313,240,1.0,-1,-1,-1
198,185,553,59,201,161,1.0,-1,-1,-1
198,184,785,113,238,141,1.0,-1,-1,-1
199,180,1234,113,217,195,1.0,-1,-1,-1
199,178,406,377,253,209,1.0,-1,-1,-1
199,102,1006,118,231,241,1.0,-1,-1,-1
199,120,1420,90,276,161,1.0,-1,-1,-1
199,186,1140,509,313,240,1.0,-1,-1,-1
199,185,553,58,201,163,1.0,-1,-1,-1
199,184,781,116,227,139,1.0,-1,-1,-1
200,180,1234,113,217,195,1.0,-1,-1,-1
200,178,403,383,255,207,1.0,-1,-1,-1
200,102,1006,118,230,241,1.0,-1,-1,-1
200,120,1439,88,281,161,1.0,-1,-1,-1
200,186,1141,504,311,236,1.0,-1,-1,-1
200,185,554,59,199,163,1.0,-1,-1,-1
200,184,755,119,230,143,1.0,-1,-1,-1
201,180,1234,112,217,195,1.0,-1,-1,-1
201,178,401,388,253,205,1.0,-1,-1,-1
201,102,1006,117,230,241,1.0,-1,-1,-1
201,120,1459,86,286,161,1.0,-1,-1,-1
201,186,1146,483,300,242,1.0,-1,-1,-1
201,185,555,60,198,164,1.0,-1,-1,-1
201,184,746,120,229,143,1.0,-1,-1,-1
202,180,1233,111,217,195,1.0,-1,-1,-1
202,178,400,395,252,202,1.0,-1,-1,-1
202,102,1006,117,230,240,1.0,-1,-1,-1
202,120,1478,85,291,160,1.0,-1,-1,-1
202,186,1154,483,292,233,1.0,-1,-1,-1
202,185,557,61,194,165,1.0,-1,-1,-1
202,184,722,124,231,150,1.0,-1,-1,-1
203,180,1233,110,217,195,1.0,-1,-1,-1
203,178,397,401,252,202,1.0,-1,-1,-1
203,102,1006,117,229,240,1.0,-1,-1,-1
203,120,1497,83,296,160,1.0,-1,-1,-1
203,186,1159,478,287,229,1.0,-1,-1,-1
203,185,556,61,194,167,1.0,-1,-1,-1
203,184,711,126,234,150,1.0,-1,-1,-1
204,180,1233,109,217,195,1.0,-1,-1,-1
204,178,394,406,256,202,1.0,-1,-1,-1
204,102,1006,116,229,240,1.0,-1,-1,-1
204,120,1517,81,301,160,1.0,-1,-1,-1
204,186,1162,472,286,227,1.0,-1,-1,-1
204,185,556,61,192,168,1.0,-1,-1,-1
204,184,711,128,219,147,1.0,-1,-1,-1
205,180,1233,108,217,195,1.0,-1,-1,-1
205,178,379,412,263,204,1.0,-1,-1,-1
205,102,1006,116,228,239,1.0,-1,-1,-1
205,120,1536,79,306,160,1.0,-1,-1,-1
205,186,1164,466,284,227,1.0,-1,-1,-1
205,185,554,63,192,169,1.0,-1,-1,-1
205,184,687,139,218,145,1.0,-1,-1,-1
206,180,1233,108,218,195,1.0,-1,-1,-1
206,178,375,414,265,211,1.0,-1,-1,-1
206,102,1006,116,228,239,1.0,-1,-1,-1
206,120,1555,78,311,159,1.0,-1,-1,-1
206,186,1167,460,282,225,1.0,-1,-1,-1
206,185,554,63,191,170,1.0,-1,-1,-1
206,184,679,140,217,145,1.0,-1,-1,-1
207,180,1233,107,217,194,1.0,-1,-1,-1
207,178,370,414,266,217,1.0,-1,-1,-1
207,102,1006,115,227,239,1.0,-1,-1,-1
207,120,1575,76,316,159,1.0,-1,-1,-1
207,186,1169,455,280,222,1.0,-1,-1,-1
207,185,554,65,191,171,1.0,-1,-1,-1
207,184,661,145,205,142,1.0,-1,-1,-1
208,180,1233,107,217,194,1.0,-1,-1,-1
208,178,365,417,265,220,1.0,-1,-1,-1
208,102,1006,115,227,239,1.0,-1,-1,-1
208,120,1594,74,321,159,1.0,-1,-1,-1
208,186,1174,451,276,215,1.0,-1,-1,-1
208,184,651,146,212,143,1.0,-1,-1,-1
209,180,1233,107,216,193,1.0,-1,-1,-1
209,178,360,420,265,223,1.0,-1,-1,-1
209,102,1006,114,227,238,1.0,-1,-1,-1
209,120,1614,73,305,159,1.0,-1,-1,-1
209,186,1177,449,272,206,1.0,-1,-1,-1
209,184,644,148,211,143,1.0,-1,-1,-1
210,180,1233,107,216,193,1.0,-1,-1,-1
210,178,350,440,269,213,1.0,-1,-1,-1
210,102,1006,114,226,238,1.0,-1,-1,-1
210,186,1183,447,265,200,1.0,-1,-1,-1
210,184,630,155,202,140,1.0,-1,-1,-1
211,180,1233,107,216,193,1.0,-1,-1,-1
211,178,344,446,266,212,1.0,-1,-1,-1
211,102,1006,114,226,238,1.0,-1,-1,-1
211,186,1186,447,262,195,1.0,-1,-1,-1
211,184,624,156,204,145,1.0,-1,-1,-1
212,180,1233,107,215,192,1.0,-1,-1,-1
212,178,336,453,266,211,1.0,-1,-1,-1
212,102,1007,113,225,237,1.0,-1,-1,-1
212,186,1190,425,259,211,1.0,-1,-1,-1
212,184,616,158,204,149,1.0,-1,-1,-1
213,180,1233,107,215,192,1.0,-1,-1,-1
213,178,331,459,268,213,1.0,-1,-1,-1
213,102,1007,113,225,237,1.0,-1,-1,-1
213,186,1192,420,258,210,1.0,-1,-1,-1
213,184,608,163,205,149,1.0,-1,-1,-1
214,180,1233,107,215,192,1.0,-1,-1,-1
214,178,326,465,270,216,1.0,-1,-1,-1
214,102,1007,113,224,237,1.0,-1,-1,-1
214,186,1195,415,255,207,1.0,-1,-1,-1
214,184,604,169,185,142,1.0,-1,-1,-1
215,180,1233,107,214,191,1.0,-1,-1,-1
215,178,321,470,273,218,1.0,-1,-1,-1
215,102,1007,112,224,236,1.0,-1,-1,-1
215,186,1199,408,250,205,1.0,-1,-1,-1
215,184,588,173,204,150,1.0,-1,-1,-1
216,180,1233,107,214,191,1.0,-1,-1,-1
216,178,316,476,275,219,1.0,-1,-1,-1
216,102,1007,112,224,236,1.0,-1,-1,-1
216,186,1202,402,245,202,1.0,-1,-1,-1
216,185,539,84,198,146,1.0,-1,-1,-1
216,184,583,176,203,149,1.0,-1,-1,-1
217,180,1233,107,213,190,1.0,-1,-1,-1
217,178,314,480,272,222,1.0,-1,-1,-1
217,102,1007,112,223,236,1.0,-1,-1,-1
217,186,1202,394,245,200,1.0,-1,-1,-1
217,185,539,88,198,146,1.0,-1,-1,-1
217,184,578,180,201,148,1.0,-1,-1,-1
218,180,1233,107,213,190,1.0,-1,-1,-1
218,178,299,485,277,228,1.0,-1,-1,-1
218,102,1007,111,223,236,1.0,-1,-1,-1
218,186,1208,389,251,200,1.0,-1,-1,-1
218,185,538,91,197,146,1.0,-1,-1,-1
218,184,572,185,201,146,1.0,-1,-1,-1
219,180,1233,107,213,190,1.0,-1,-1,-1
219,178,294,487,278,234,1.0,-1,-1,-1
219,102,1007,111,222,235,1.0,-1,-1,-1
219,186,1208,383,252,199,1.0,-1,-1,-1
219,185,538,95,197,147,1.0,-1,-1,-1
219,184,559,192,198,144,1.0,-1,-1,-1
220,180,1233,107,212,189,1.0,-1,-1,-1
220,178,286,502,285,231,1.0,-1,-1,-1
220,102,1007,110,222,235,1.0,-1,-1,-1
220,186,1212,378,248,198,1.0,-1,-1,-1
220,185,537,98,197,147,1.0,-1,-1,-1
220,184,555,195,197,148,1.0,-1,-1,-1
221,180,1233,107,212,189,1.0,-1,-1,-1
221,178,280,506,287,230,1.0,-1,-1,-1
221,102,1007,110,221,235,1.0,-1,-1,-1
221,186,1214,374,247,196,1.0,-1,-1,-1
221,185,536,102,197,147,1.0,-1,-1,-1
221,184,552,197,193,152,1.0,-1,-1,-1
222,180,1233,107,212,189,1.0,-1,-1,-1
222,178,273,512,293,226,1.0,-1,-1,-1
222,102,1007,110,221,234,1.0,-1,-1,-1
222,186,1222,349,238,217,1.0,-1,-1,-1
222,185,536,106,197,147,1.0,-1,-1,-1
222,184,549,200,188,152,1.0,-1,-1,-1
223,180,1233,107,211,188,1.0,-1,-1,-1
223,178,264,520,301,224,1.0,-1,-1,-1
223,102,1007,109,221,234,1.0,-1,-1,-1
223,186,1213,364,258,182,1.0,-1,-1,-1
223,185,535,109,197,148,1.0,-1,-1,-1
223,184,543,210,188,149,1.0,-1,-1,-1
224,180,1233,106,211,188,1.0,-1,-1,-1
224,178,256,527,305,224,1.0,-1,-1,-1
224,102,1007,109,220,234,1.0,-1,-1,-1
224,186,1217,356,252,183,1.0,-1,-1,-1
224,185,537,111,195,149,1.0,-1,-1,-1
224,184,540,211,188,151,1.0,-1,-1,-1
225,180,1233,106,210,187,1.0,-1,-1,-1
225,178,250,534,305,225,1.0,-1,-1,-1
225,102,1007,109,220,233,1.0,-1,-1,-1
225,186,1220,350,248,182,1.0,-1,-1,-1
225,185,521,119,197,142,1.0,-1,-1,-1
225,184,537,212,188,154,1.0,-1,-1,-1
226,180,1233,106,210,187,1.0,-1,-1,-1
226,178,243,540,303,228,1.0,-1,-1,-1
226,102,1007,108,219,233,1.0,-1,-1,-1
226,186,1222,346,245,179,1.0,-1,-1,-1
226,185,521,114,197,156,1.0,-1,-1,-1
226,184,528,219,189,148,1.0,-1,-1,-1
227,180,1233,106,210,187,1.0,-1,-1,-1
227,178,234,548,305,228,1.0,-1,-1,-1
227,102,1007,108,219,233,1.0,-1,-1,-1
227,186,1226,337,241,172,1.0,-1,-1,-1
227,184,525,221,189,150,1.0,-1,-1,-1
228,180,1233,106,209,186,1.0,-1,-1,-1
228,178,226,554,308,231,1.0,-1,-1,-1
228,102,1008,108,219,233,1.0,-1,-1,-1
228,186,1231,332,237,178,1.0,-1,-1,-1
228,184,522,223,189,153,1.0,-1,-1,-1
229,180,1233,106,209,186,1.0,-1,-1,-1
229,178,220,559,313,236,1.0,-1,-1,-1
229,102,1007,106,218,233,1.0,-1,-1,-1
229,186,1237,328,231,182,1.0,-1,-1,-1
229,184,519,225,189,156,1.0,-1,-1,-1
230,180,1233,106,209,186,1.0,-1,-1,-1
230,178,208,561,310,240,1.0,-1,-1,-1
230,102,1007,105,218,233,1.0,-1,-1,-1
230,186,1241,326,228,183,1.0,-1,-1,-1
230,185,514,117,201,163,1.0,-1,-1,-1
230,184,518,227,187,158,1.0,-1,-1,-1
231,180,1233,106,208,185,1.0,-1,-1,-1
231,178,209,570,305,249,1.0,-1,-1,-1
231,102,1007,104,218,233,1.0,-1,-1,-1
231,186,1245,322,222,184,1.0,-1,-1,-1
231,185,512,120,202,160,1.0,-1,-1,-1
231,184,517,231,185,157,1.0,-1,-1,-1
232,180,1233,106,208,185,1.0,-1,-1,-1
232,178,207,574,301,250,1.0,-1,-1,-1
232,102,1007,103,217,233,1.0,-1,-1,-1
232,186,1250,319,218,182,1.0,-1,-1,-1
232,187,1603,49,316,159,1.0,-1,-1,-1
232,184,516,234,183,155,1.0,-1,-1,-1
233,180,1233,106,207,184,1.0,-1,-1,-1
233,178,198,580,305,250,1.0,-1,-1,-1
233,102,1007,102,217,233,1.0,-1,-1,-1
233,186,1253,316,215,179,1.0,-1,-1,-1
233,187,1576,49,336,158,1.0,-1,-1,-1
233,184,510,247,189,152,1.0,-1,-1,-1
234,180,1233,106,207,184,1.0,-1,-1,-1
234,178,188,588,315,250,1.0,-1,-1,-1
234,102,1007,101,217,234,1.0,-1,-1,-1
234,186,1261,314,219,176,1.0,-1,-1,-1
234,187,1550,50,336,158,1.0,-1,-1,-1
234,184,508,247,189,154,1.0,-1,-1,-1
235,180,1233,106,207,184,1.0,-1,-1,-1
235,178,177,593,325,252,1.0,-1,-1,-1
235,102,1007,100,216,234,1.0,-1,-1,-1
235,186,1261,313,220,173,1.0,-1,-1,-1
235,187,1524,50,335,158,1.0,-1,-1,-1
235,184,505,249,190,155,1.0,-1,-1,-1
235,188,850,20,260,159,1.0,-1,-1,-1
236,180,1233,106,206,183,1.0,-1,-1,-1
236,178,167,598,334,259,1.0,-1,-1,-1
236,102,1006,99,216,234,1.0,-1,-1,-1
236,186,1262,310,219,174,1.0,-1,-1,-1
236,187,1498,51,335,158,1.0,-1,-1,-1
236,184,502,252,190,156,1.0,-1,-1,-1
236,188,827,18,263,160,1.0,-1,-1,-1
237,180,1233,106,206,183,1.0,-1,-1,-1
237,178,155,603,340,270,1.0,-1,-1,-1
237,102,1006,98,216,234,1.0,-1,-1,-1
237,186,1262,309,219,172,1.0,-1,-1,-1
237,187,1472,51,334,158,1.0,-1,-1,-1
237,184,500,254,189,160,1.0,-1,-1,-1
237,188,803,16,266,160,1.0,-1,-1,-1
238,180,1233,106,206,183,1.0,-1,-1,-1
238,178,144,607,344,280,1.0,-1,-1,-1
238,102,1006,97,215,234,1.0,-1,-1,-1
238,186,1266,299,213,173,1.0,-1,-1,-1
238,185,497,144,208,175,1.0,-1,-1,-1
238,187,1446,52,334,157,1.0,-1,-1,-1
238,184,490,262,194,159,1.0,-1,-1,-1
238,188,780,14,269,160,1.0,-1,-1,-1
239,180,1233,106,205,182,1.0,-1,-1,-1
239,178,135,613,346,283,1.0,-1,-1,-1
239,102,1006,95,215,235,1.0,-1,-1,-1
239,186,1268,296,209,175,1.0,-1,-1,-1
239,187,1420,52,333,157,1.0,-1,-1,-1
239,184,488,262,196,165,1.0,-1,-1,-1
239,188,756,12,272,160,1.0,-1,-1,-1
240,180,1233,106,205,182,1.0,-1,-1,-1
240,178,126,627,357,286,1.0,-1,-1,-1
240,102,1006,94,215,235,1.0,-1,-1,-1
240,186,1270,294,205,175,1.0,-1,-1,-1
240,187,1394,53,333,157,1.0,-1,-1,-1
240,184,487,264,196,168,1.0,-1,-1,-1
240,188,733,10,275,161,1.0,-1,-1,-1
241,180,1234,106,205,182,1.0,-1,-1,-1
241,178,117,638,340,277,1.0,-1,-1,-1
241,102,1006,93,214,235,1.0,-1,-1,-1
241,186,1273,291,203,175,1.0,-1,-1,-1
241,185,497,144,206,182,1.0,-1,-1,-1
241,187,1368,53,332,157,1.0,-1,-1,-1
241,184,481,279,206,161,1.0,-1,-1,-1
241,188,701,10,276,158,1.0,-1,-1,-1
242,180,1234,104,205,181,1.0,-1,-1,-1
242,178,110,647,341,275,1.0,-1,-1,-1
242,102,1006,92,214,235,1.0,-1,-1,-1
242,186,1273,288,205,173,1.0,-1,-1,-1
242,187,1342,54,332,157,1.0,-1,-1,-1
242,184,480,280,205,161,1.0,-1,-1,-1
242,188,669,10,277,156,1.0,-1,-1,-1
243,180,1235,102,205,181,1.0,-1,-1,-1
243,178,105,656,340,274,1.0,-1,-1,-1
243,102,1005,91,214,235,1.0,-1,-1,-1
243,186,1273,287,207,168,1.0,-1,-1,-1
243,185,495,168,207,173,1.0,-1,-1,-1
243,184,478,285,204,158,1.0,-1,-1,-1
243,188,637,10,279,154,1.0,-1,-1,-1
244,180,1235,101,205,181,1.0,-1,-1,-1
244,178,96,664,343,275,1.0,-1,-1,-1
244,102,1005,90,213,236,1.0,-1,-1,-1
244,186,1273,286,207,165,1.0,-1,-1,-1
244,185,495,170,206,175,1.0,-1,-1,-1
244,184,479,289,201,156,1.0,-1,-1,-1
244,188,605,10,280,152,1.0,-1,-1,-1
245,180,1236,99,205,181,1.0,-1,-1,-1
245,178,85,669,349,285,1.0,-1,-1,-1
245,102,1005,89,213,236,1.0,-1,-1,-1
245,186,1273,285,207,161,1.0,-1,-1,-1
245,185,494,170,206,179,1.0,-1,-1,-1
245,184,478,292,198,155,1.0,-1,-1,-1
245,188,573,10,282,150,1.0,-1,-1,-1
246,180,1237,98,205,181,1.0,-1,-1,-1
246,178,73,674,357,293,1.0,-1,-1,-1
246,102,1005,88,213,236,1.0,-1,-1,-1
246,186,1273,282,208,162,1.0,-1,-1,-1
246,185,493,173,206,179,1.0,-1,-1,-1
246,184,476,295,198,154,1.0,-1,-1,-1
246,188,541,10,283,148,1.0,-1,-1,-1
247,180,1237,96,205,181,1.0,-1,-1,-1
247,178,64,692,355,299,1.0,-1,-1,-1
247,102,1005,87,212,236,1.0,-1,-1,-1
247,186,1273,280,206,162,1.0,-1,-1,-1
247,185,492,175,207,178,1.0,-1,-1,-1
247,184,472,297,200,155,1.0,-1,-1,-1
247,188,509,10,284,146,1.0,-1,-1,-1
248,180,1238,95,205,181,1.0,-1,-1,-1
248,178,55,697,358,298,1.0,-1,-1,-1
248,102,1005,86,212,236,1.0,-1,-1,-1
248,186,1278,264,198,162,1.0,-1,-1,-1
248,185,482,183,202,164,1.0,-1,-1,-1
248,184,468,301,204,156,1.0,-1,-1,-1
248,188,477,10,286,144,1.0,-1,-1,-1
249,180,1239,93,206,181,1.0,-1,-1,-1
249,178,20,706,383,298,1.0,-1,-1,-1
249,102,1005,85,212,237,1.0,-1,-1,-1
249,186,1279,261,196,166,1.0,-1,-1,-1
249,185,477,185,207,166,1.0,-1,-1,-1
249,184,467,303,204,160,1.0,-1,-1,-1
249,188,445,10,287,142,1.0,-1,-1,-1
250,180,1239,92,206,181,1.0,-1,-1,-1
250,178,17,714,378,305,1.0,-1,-1,-1
250,102,1004,84,212,236,1.0,-1,-1,-1
250,186,1279,258,196,168,1.0,-1,-1,-1
250,185,475,189,209,167,1.0,-1,-1,-1
250,184,467,305,201,160,1.0,-1,-1,-1
250,188,413,11,289,140,1.0,-1,-1,-1
251,180,1240,90,206,181,1.0,-1,-1,-1
251,178,12,721,374,320,1.0,-1,-1,-1
251,102,1004,84,212,236,1.0,-1,-1,-1
251,186,1278,255,195,168,1.0,-1,-1,-1
251,185,473,192,209,163,1.0,-1,-1,-1
251,184,458,316,208,161,1.0,-1,-1,-1
252,180,1241,89,206,181,1.0,-1,-1,-1
252,178,4,729,374,329,1.0,-1,-1,-1
252,102,1004,84,212,236,1.0,-1,-1,-1
252,186,1276,253,198,163,1.0,-1,-1,-1
252,184,456,317,208,163,1.0,-1,-1,-1
253,180,1241,87,206,181,1.0,-1,-1,-1
253,178,0,735,377,331,1.0,-1,-1,-1
253,102,1004,84,213,236,1.0,-1,-1,-1
253,186,1274,249,201,161,1.0,-1,-1,-1
253,184,456,319,207,166,1.0,-1,-1,-1
254,180,1242,86,206,181,1.0,-1,-1,-1
254,178,0,754,381,324,1.0,-1,-1,-1
254,102,1004,84,213,236,1.0,-1,-1,-1
254,186,1273,247,201,160,1.0,-1,-1,-1
254,184,456,318,204,171,1.0,-1,-1,-1
255,180,1243,84,206,181,1.0,-1,-1,-1
255,102,1004,84,213,236,1.0,-1,-1,-1
255,186,1273,243,201,161,1.0,-1,-1,-1
255,184,455,318,204,177,1.0,-1,-1,-1
256,180,1243,83,206,181,1.0,-1,-1,-1
256,102,1003,84,214,236,1.0,-1,-1,-1
256,186,1278,232,188,161,1.0,-1,-1,-1
256,184,450,324,200,176,1.0,-1,-1,-1
257,180,1244,81,207,181,1.0,-1,-1,-1
257,102,1003,84,214,236,1.0,-1,-1,-1
257,186,1279,228,189,164,1.0,-1,-1,-1
257,184,447,329,202,176,1.0,-1,-1,-1
258,180,1245,79,207,180,1.0,-1,-1,-1
258,102,1003,84,214,236,1.0,-1,-1,-1
258,186,1279,224,191,164,1.0,-1,-1,-1
258,185,463,216,222,176,1.0,-1,-1,-1
258,184,446,332,204,179,1.0,-1,-1,-1
259,180,1245,78,207,180,1.0,-1,-1,-1
259,102,1003,84,215,236,1.0,-1,-1,-1
259,186,1278,219,192,163,1.0,-1,-1,-1
259,185,459,216,223,175,1.0,-1,-1,-1
259,184,440,348,214,170,1.0,-1,-1,-1
260,180,1246,76,207,180,1.0,-1,-1,-1
260,102,1003,84,215,236,1.0,-1,-1,-1
260,186,1278,217,191,159,1.0,-1,-1,-1
260,185,454,218,227,179,1.0,-1,-1,-1
260,184,438,348,214,172,1.0,-1,-1,-1
261,180,1247,75,207,180,1.0,-1,-1,-1
261,102,1003,84,215,236,1.0,-1,-1,-1
261,186,1277,217,191,156,1.0,-1,-1,-1
261,185,452,219,225,177,1.0,-1,-1,-1
261,184,438,351,211,172,1.0,-1,-1,-1
262,180,1247,73,207,180,1.0,-1,-1,-1
262,102,1002,83,216,235,1.0,-1,-1,-1
262,186,1276,214,192,157,1.0,-1,-1,-1
262,185,451,221,225,176,1.0,-1,-1,-1
262,184,437,353,207,171,1.0,-1,-1,-1
263,180,1248,72,207,180,1.0,-1,-1,-1
263,102,1002,83,216,235,1.0,-1,-1,-1
263,186,1275,211,192,160,1.0,-1,-1,-1
263,184,433,356,207,171,1.0,-1,-1,-1
264,180,1249,70,207,180,1.0,-1,-1,-1
264,102,1002,83,216,235,1.0,-1,-1,-1
264,186,1274,207,192,163,1.0,-1,-1,-1
264,185,446,237,230,183,1.0,-1,-1,-1
264,187,805,82,256,162,1.0,-1,-1,-1
264,184,428,360,212,171,1.0,-1,-1,-1
265,180,1249,69,208,180,1.0,-1,-1,-1
265,102,1002,83,217,235,1.0,-1,-1,-1
265,186,1268,209,189,156,1.0,-1,-1,-1
265,185,442,240,235,185,1.0,-1,-1,-1
265,187,777,86,263,160,1.0,-1,-1,-1
265,184,423,363,215,173,1.0,-1,-1,-1
266,180,1250,67,208,180,1.0,-1,-1,-1
266,102,1002,83,217,235,1.0,-1,-1,-1
266,186,1268,208,188,155,1.0,-1,-1,-1
266,187,775,96,247,155,1.0,-1,-1,-1
266,184,418,367,221,175,1.0,-1,-1,-1
267,180,1251,66,208,180,1.0,-1,-1,-1
267,102,1002,83,217,235,1.0,-1,-1,-1
267,186,1271,195,180,162,1.0,-1,-1,-1
267,187,752,97,248,159,1.0,-1,-1,-1
267,184,415,371,222,174,1.0,-1,-1,-1
268,180,1251,64,208,180,1.0,-1,-1,-1
268,102,1001,83,218,235,1.0,-1,-1,-1
268,186,1271,191,182,165,1.0,-1,-1,-1
268,187,743,96,245,164,1.0,-1,-1,-1
268,184,407,379,234,182,1.0,-1,-1,-1
269,180,1252,63,208,180,1.0,-1,-1,-1
269,102,1001,83,218,235,1.0,-1,-1,-1
269,186,1270,189,182,166,1.0,-1,-1,-1
269,187,725,100,230,162,1.0,-1,-1,-1
269,184,406,378,232,187,1.0,-1,-1,-1
270,180,1253,61,208,180,1.0,-1,-1,-1
270,102,1001,83,218,235,1.0,-1,-1,-1
270,186,1270,185,184,166,1.0,-1,-1,-1
270,187,719,97,229,168,1.0,-1,-1,-1
270,184,404,380,232,189,1.0,-1,-1,-1
271,180,1253,60,208,180,1.0,-1,-1,-1
271,102,1001,83,219,235,1.0,-1,-1,-1
271,186,1268,183,185,164,1.0,-1,-1,-1
271,187,713,100,224,166,1.0,-1,-1,-1
271,184,393,388,238,186,1.0,-1,-1,-1
272,180,1254,58,208,180,1.0,-1,-1,-1
272,102,1001,83,219,235,1.0,-1,-1,-1
272,186,1267,181,186,162,1.0,-1,-1,-1
272,187,691,103,224,174,1.0,-1,-1,-1
272,184,385,394,245,186,1.0,-1,-1,-1
273,180,1255,57,209,180,1.0,-1,-1,-1
273,102,1001,83,219,235,1.0,-1,-1,-1
273,186,1267,181,187,158,1.0,-1,-1,-1
273,187,683,103,224,178,1.0,-1,-1,-1
273,184,381,399,248,187,1.0,-1,-1,-1
274,180,1247,55,211,179,1.0,-1,-1,-1
274,102,1001,83,220,235,1.0,-1,-1,-1
274,186,1266,180,188,155,1.0,-1,-1,-1
274,187,677,106,221,179,1.0,-1,-1,-1
274,184,377,404,249,184,1.0,-1,-1,-1
275,180,1239,53,213,178,1.0,-1,-1,-1
275,102,1001,82,219,234,1.0,-1,-1,-1
275,186,1266,178,187,153,1.0,-1,-1,-1
275,187,660,114,217,174,1.0,-1,-1,-1
275,184,381,404,248,201,1.0,-1,-1,-1
276,180,1231,51,216,177,1.0,-1,-1,-1
276,102,1001,81,219,234,1.0,-1,-1,-1
276,186,1267,178,185,152,1.0,-1,-1,-1
276,187,652,114,221,177,1.0,-1,-1,-1
276,184,378,406,252,204,1.0,-1,-1,-1
277,180,1224,49,218,176,1.0,-1,-1,-1
277,102,1001,80,218,234,1.0,-1,-1,-1
277,186,1266,176,186,151,1.0,-1,-1,-1
277,187,646,114,219,178,1.0,-1,-1,-1
277,184,375,409,256,205,1.0,-1,-1,-1
278,180,1216,48,220,175,1.0,-1,-1,-1
278,102,1001,80,218,233,1.0,-1,-1,-1
278,186,1265,176,187,150,1.0,-1,-1,-1
278,187,640,124,216,175,1.0,-1,-1,-1
278,184,373,412,255,208,1.0,-1,-1,-1
279,180,1208,46,223,174,1.0,-1,-1,-1
279,102,1002,79,218,233,1.0,-1,-1,-1
279,186,1264,174,185,151,1.0,-1,-1,-1
279,187,638,127,212,174,1.0,-1,-1,-1
279,184,368,417,256,207,1.0,-1,-1,-1
280,180,1201,44,225,173,1.0,-1,-1,-1
280,102,1002,78,217,233,1.0,-1,-1,-1
280,186,1265,173,183,150,1.0,-1,-1,-1
280,187,626,132,208,173,1.0,-1,-1,-1
280,184,361,421,257,207,1.0,-1,-1,-1
281,180,1193,42,227,172,1.0,-1,-1,-1
281,102,1002,78,217,232,1.0,-1,-1,-1
281,186,1268,162,175,155,1.0,-1,-1,-1
281,187,621,137,206,171,1.0,-1,-1,-1
281,184,354,424,259,211,1.0,-1,-1,-1
282,180,1185,41,230,172,1.0,-1,-1,-1
282,102,1002,77,217,232,1.0,-1,-1,-1
282,186,1266,161,177,153,1.0,-1,-1,-1
282,189,1106,691,461,387,1.0,-1,-1,-1
282,187,618,137,203,175,1.0,-1,-1,-1
282,184,344,443,261,206,1.0,-1,-1,-1
283,180,1177,39,232,171,1.0,-1,-1,-1
283,102,1003,76,216,232,1.0,-1,-1,-1
283,186,1265,160,178,153,1.0,-1,-1,-1
283,189,1077,686,475,385,1.0,-1,-1,-1
283,187,614,139,200,179,1.0,-1,-1,-1
283,184,340,445,263,212,1.0,-1,-1,-1
284,180,1170,37,234,170,1.0,-1,-1,-1
284,102,1003,76,216,231,1.0,-1,-1,-1
284,186,1264,159,181,151,1.0,-1,-1,-1
284,189,1079,677,460,380,1.0,-1,-1,-1
284,185,404,282,269,242,1.0,-1,-1,-1
284,187,610,140,199,182,1.0,-1,-1,-1
284,184,336,449,266,214,1.0,-1,-1,-1
285,180,1162,35,237,169,1.0,-1,-1,-1
285,102,1003,75,216,231,1.0,-1,-1,-1
285,186,1261,158,184,150,1.0,-1,-1,-1
285,189,1081,670,445,372,1.0,-1,-1,-1
285,185,401,283,270,243,1.0,-1,-1,-1
285,187,608,145,197,180,1.0,-1,-1,-1
285,184,333,454,270,218,1.0,-1,-1,-1
286,180,1154,34,239,168,1.0,-1,-1,-1
286,102,1003,74,215,231,1.0,-1,-1,-1
286,186,1259,155,186,150,1.0,-1,-1,-1
286,189,1076,661,444,366,1.0,-1,-1,-1
286,185,401,286,267,243,1.0,-1,-1,-1
286,187,600,151,192,173,1.0,-1,-1,-1
286,184,329,459,273,222,1.0,-1,-1,-1
287,102,1004,73,215,230,1.0,-1,-1,-1
287,186,1258,153,186,149,1.0,-1,-1,-1
287,189,1069,651,448,364,1.0,-1,-1,-1
287,185,402,289,262,240,1.0,-1,-1,-1
287,187,594,161,196,176,1.0,-1,-1,-1
287,184,326,466,274,223,1.0,-1,-1,-1
288,102,1004,73,214,230,1.0,-1,-1,-1
288,186,1257,151,186,148,1.0,-1,-1,-1
288,189,1082,649,399,324,1.0,-1,-1,-1
288,185,402,291,259,240,1.0,-1,-1,-1
288,187,586,160,200,181,1.0,-1,-1,-1
288,184,323,472,273,223,1.0,-1,-1,-1
289,102,1004,72,214,230,1.0,-1,-1,-1
289,186,1256,149,185,148,1.0,-1,-1,-1
289,189,1083,635,394,329,1.0,-1,-1,-1
289,185,401,295,260,239,1.0,-1,-1,-1
289,187,580,165,201,179,1.0,-1,-1,-1
289,184,322,478,270,221,1.0,-1,-1,-1
290,102,1004,71,214,229,1.0,-1,-1,-1
290,186,1256,147,186,150,1.0,-1,-1,-1
290,189,1084,621,387,334,1.0,-1,-1,-1
290,185,400,300,261,236,1.0,-1,-1,-1
290,187,575,167,201,181,1.0,-1,-1,-1
290,184,320,483,266,221,1.0,-1,-1,-1
291,102,1005,71,213,229,1.0,-1,-1,-1
291,186,1257,146,185,149,1.0,-1,-1,-1
291,189,1081,608,387,340,1.0,-1,-1,-1
291,185,400,305,264,235,1.0,-1,-1,-1
291,187,573,169,197,186,1.0,-1,-1,-1
291,184,318,487,263,223,1.0,-1,-1,-1
292,102,1005,70,213,229,1.0,-1,-1,-1
292,186,1257,146,185,148,1.0,-1,-1,-1
292,189,1077,602,386,340,1.0,-1,-1,-1
292,185,399,306,263,239,1.0,-1,-1,-1
292,187,571,170,197,191,1.0,-1,-1,-1
292,184,295,492,285,225,1.0,-1,-1,-1
293,102,1005,69,213,228,1.0,-1,-1,-1
293,186,1257,147,185,145,1.0,-1,-1,-1
293,189,1068,593,396,307,1.0,-1,-1,-1
293,185,398,306,266,245,1.0,-1,-1,-1
293,187,564,178,191,188,1.0,-1,-1,-1
293,184,296,507,280,224,1.0,-1,-1,-1
294,102,1005,69,212,228,1.0,-1,-1,-1
294,186,1258,146,184,144,1.0,-1,-1,-1
294,189,1051,587,395,309,1.0,-1,-1,-1
294,185,396,308,267,247,1.0,-1,-1,-1
294,187,562,184,187,179,1.0,-1,-1,-1
294,184,293,510,280,226,1.0,-1,-1,-1
295,102,1006,68,212,228,1.0,-1,-1,-1
295,186,1259,146,182,142,1.0,-1,-1,-1
295,189,1052,580,392,308,1.0,-1,-1,-1
295,185,393,312,271,245,1.0,-1,-1,-1
295,187,551,194,199,195,1.0,-1,-1,-1
295,184,287,514,283,228,1.0,-1,-1,-1
296,102,1006,67,212,227,1.0,-1,-1,-1
296,186,1260,146,181,140,1.0,-1,-1,-1
296,189,1053,574,388,310,1.0,-1,-1,-1
296,185,393,315,272,244,1.0,-1,-1,-1
296,184,281,520,289,230,1.0,-1,-1,-1
297,102,1006,66,211,227,1.0,-1,-1,-1
297,186,1260,145,180,141,1.0,-1,-1,-1
297,189,1053,566,382,312,1.0,-1,-1,-1
297,185,393,318,273,243,1.0,-1,-1,-1
297,184,271,525,294,234,1.0,-1,-1,-1
298,102,1006,66,211,227,1.0,-1,-1,-1
298,186,1260,144,180,142,1.0,-1,-1,-1
298,190,1108,766,413,312,1.0,-1,-1,-1
298,185,394,321,270,246,1.0,-1,-1,-1
298,184,263,530,299,236,1.0,-1,-1,-1
299,102,1007,65,210,226,1.0,-1,-1,-1
299,186,1260,143,180,142,1.0,-1,-1,-1
299,190,1110,759,406,319,1.0,-1,-1,-1
299,185,394,322,269,250,1.0,-1,-1,-1
299,184,255,538,302,236,1.0,-1,-1,-1
300,102,1007,64,210,226,1.0,-1,-1,-1
300,186,1260,144,179,141,1.0,-1,-1,-1
300,190,1110,760,399,312,1.0,-1,-1,-1
300,185,392,325,271,251,1.0,-1,-1,-1
300,184,251,546,301,235,1.0,-1,-1,-1
301,102,1007,64,210,226,1.0,-1,-1,-1
301,186,1261,144,180,140,1.0,-1,-1,-1
301,190,1104,728,390,323,1.0,-1,-1,-1
301,185,391,327,272,251,1.0,-1,-1,-1
301,184,246,552,300,238,1.0,-1,-1,-1
302,102,1007,63,209,225,1.0,-1,-1,-1
302,186,1261,144,179,140,1.0,-1,-1,-1
302,190,1099,721,387,311,1.0,-1,-1,-1
302,185,388,330,276,249,1.0,-1,-1,-1
302,184,236,555,307,243,1.0,-1,-1,-1
303,102,1008,62,209,225,1.0,-1,-1,-1
303,186,1262,143,178,140,1.0,-1,-1,-1
303,190,1094,711,386,303,1.0,-1,-1,-1
303,185,385,329,282,251,1.0,-1,-1,-1
303,184,227,557,313,248,1.0,-1,-1,-1
304,180,766,5,310,160,1.0,-1,-1,-1
304,102,1008,62,209,225,1.0,-1,-1,-1
304,186,1261,143,179,140,1.0,-1,-1,-1
304,190,1089,707,383,292,1.0,-1,-1,-1
304,185,367,332,281,251,1.0,-1,-1,-1
304,184,219,570,320,249,1.0,-1,-1,-1
305,180,732,4,313,160,1.0,-1,-1,-1
305,102,1008,61,208,224,1.0,-1,-1,-1
305,186,1262,142,178,140,1.0,-1,-1,-1
305,190,1087,704,378,284,1.0,-1,-1,-1
305,185,349,351,298,242,1.0,-1,-1,-1
305,191,436,40,259,140,1.0,-1,-1,-1
305,184,216,575,320,250,1.0,-1,-1,-1
306,180,698,2,316,160,1.0,-1,-1,-1
306,102,1008,60,208,224,1.0,-1,-1,-1
306,186,1268,130,171,147,1.0,-1,-1,-1
306,190,1079,672,383,294,1.0,-1,-1,-1
306,185,336,350,303,247,1.0,-1,-1,-1
306,191,441,39,257,141,1.0,-1,-1,-1
306,184,198,583,321,249,1.0,-1,-1,-1
307,180,663,1,318,159,1.0,-1,-1,-1
307,102,1009,60,208,224,1.0,-1,-1,-1
307,186,1270,129,172,147,1.0,-1,-1,-1
307,190,1079,665,375,292,1.0,-1,-1,-1
307,185,323,348,312,254,1.0,-1,-1,-1
307,192,1656,75,263,130,1.0,-1,-1,-1
307,191,448,37,255,144,1.0,-1,-1,-1
307,184,189,587,325,254,1.0,-1,-1,-1
308,180,629,0,321,159,1.0,-1,-1,-1
308,102,1009,59,207,224,1.0,-1,-1,-1
308,186,1271,129,174,147,1.0,-1,-1,-1
308,190,1078,660,370,282,1.0,-1,-1,-1
308,185,309,344,326,261,1.0,-1,-1,-1
308,192,1621,76,280,130,1.0,-1,-1,-1
308,191,454,37,253,146,1.0,-1,-1,-1
308,184,183,590,325,259,1.0,-1,-1,-1
309,102,1009,59,206,224,1.0,-1,-1,-1
309,186,1272,128,175,148,1.0,-1,-1,-1
309,190,1061,662,374,265,1.0,-1,-1,-1
309,185,287,341,355,268,1.0,-1,-1,-1
309,192,1587,77,281,131,1.0,-1,-1,-1
309,191,457,38,252,146,1.0,-1,-1,-1
309,184,176,599,329,257,1.0,-1,-1,-1
310,102,1010,59,205,224,1.0,-1,-1,-1
310,186,1274,128,175,149,1.0,-1,-1,-1
310,190,1063,655,365,256,1.0,-1,-1,-1
310,185,263,340,387,270,1.0,-1,-1,-1
310,192,1553,78,282,132,1.0,-1,-1,-1
310,191,466,38,260,149,1.0,-1,-1,-1
310,184,168,607,332,262,1.0,-1,-1,-1
311,102,1010,59,205,224,1.0,-1,-1,-1
311,186,1274,127,177,151,1.0,-1,-1,-1
311,190,1064,649,356,250,1.0,-1,-1,-1
311,185,236,349,383,267,1.0,-1,-1,-1
311,192,1519,79,284,133,1.0,-1,-1,-1
311,191,466,38,261,149,1.0,-1,-1,-1
311,184,158,614,338,267,1.0,-1,-1,-1
312,102,1011,59,204,224,1.0,-1,-1,-1
312,186,1273,126,179,153,1.0,-1,-1,-1
312,190,1063,644,349,247,1.0,-1,-1,-1
312,185,205,349,424,266,1.0,-1,-1,-1
312,192,1485,80,285,134,1.0,-1,-1,-1
312,191,468,37,261,149,1.0,-1,-1,-1
312,184,148,617,336,274,1.0,-1,-1,-1
313,102,1011,59,203,224,1.0,-1,-1,-1
313,186,1273,126,178,152,1.0,-1,-1,-1
313,190,1064,620,338,257,1.0,-1,-1,-1
313,185,167,351,473,266,1.0,-1,-1,-1
313,192,1450,81,286,135,1.0,-1,-1,-1
313,191,470,36,258,149,1.0,-1,-1,-1
313,184,134,627,345,282,1.0,-1,-1,-1
314,102,1011,59,203,224,1.0,-1,-1,-1
314,186,1273,126,178,152,1.0,-1,-1,-1
314,190,1060,613,337,256,1.0,-1,-1,-1
314,185,142,352,491,263,1.0,-1,-1,-1
314,192,1416,82,287,136,1.0,-1,-1,-1
314,191,472,36,258,150,1.0,-1,-1,-1
314,184,129,633,347,284,1.0,-1,-1,-1
315,102,1012,58,202,224,1.0,-1,-1,-1
315,186,1272,126,180,151,1.0,-1,-1,-1
315,190,1057,604,338,255,1.0,-1,-1,-1
315,185,109,358,469,268,1.0,-1,-1,-1
315,192,1382,83,289,137,1.0,-1,-1,-1
315,191,472,39,258,148,1.0,-1,-1,-1
315,184,109,643,347,281,1.0,-1,-1,-1
316,193,856,45,209,131,1.0,-1,-1,-1
316,102,1012,58,201,224,1.0,-1,-1,-1
316,186,1276,125,188,150,1.0,-1,-1,-1
316,190,1055,596,336,252,1.0,-1,-1,-1
316,185,69,361,513,264,1.0,-1,-1,-1
316,191,477,39,256,151,1.0,-1,-1,-1
316,184,102,651,346,281,1.0,-1,-1,-1
317,193,834,43,212,132,1.0,-1,-1,-1
317,102,1013,58,201,224,1.0,-1,-1,-1
317,186,1276,124,189,151,1.0,-1,-1,-1
317,190,1052,589,332,251,1.0,-1,-1,-1
317,185,61,335,497,319,1.0,-1,-1,-1
317,191,479,42,257,150,1.0,-1,-1,-1
317,184,94,658,349,282,1.0,-1,-1,-1
318,193,812,41,215,132,1.0,-1,-1,-1
318,102,1013,58,200,225,1.0,-1,-1,-1
318,186,1276,123,190,151,1.0,-1,-1,-1
318,190,1051,580,329,250,1.0,-1,-1,-1
318,185,10,369,519,264,1.0,-1,-1,-1
318,187,477,284,205,193,1.0,-1,-1,-1
318,191,483,42,257,151,1.0,-1,-1,-1
318,184,82,667,355,287,1.0,-1,-1,-1
319,193,789,39,218,133,1.0,-1,-1,-1
319,102,1013,58,199,225,1.0,-1,-1,-1
319,186,1276,120,195,154,1.0,-1,-1,-1
319,190,1047,574,330,247,1.0,-1,-1,-1
319,187,467,290,214,185,1.0,-1,-1,-1
319,191,486,43,259,150,1.0,-1,-1,-1
319,184,70,675,361,290,1.0,-1,-1,-1
320,193,767,37,222,133,1.0,-1,-1,-1
320,102,1014,58,199,225,1.0,-1,-1,-1
320,186,1277,117,195,157,1.0,-1,-1,-1
320,190,1046,574,328,238,1.0,-1,-1,-1
320,187,448,293,239,212,1.0,-1,-1,-1
320,191,487,42,261,151,1.0,-1,-1,-1
320,184,60,681,364,293,1.0,-1,-1,-1
321,193,745,35,225,134,1.0,-1,-1,-1
321,102,1014,58,198,225,1.0,-1,-1,-1
321,186,1276,118,194,158,1.0,-1,-1,-1
321,190,1040,553,323,246,1.0,-1,-1,-1
321,187,445,294,239,214,1.0,-1,-1,-1
321,191,515,40,242,154,1.0,-1,-1,-1
321,184,47,695,368,299,1.0,-1,-1,-1
322,193,722,33,228,134,1.0,-1,-1,-1
322,102,1015,57,197,225,1.0,-1,-1,-1
322,186,1275,120,190,158,1.0,-1,-1,-1
322,190,1042,551,313,240,1.0,-1,-1,-1
322,187,443,298,237,215,1.0,-1,-1,-1
322,191,517,41,241,156,1.0,-1,-1,-1
322,184,19,705,379,297,1.0,-1,-1,-1
323,193,700,31,231,135,1.0,-1,-1,-1
323,102,1015,57,197,225,1.0,-1,-1,-1
323,186,1273,122,193,157,1.0,-1,-1,-1
323,190,1040,547,312,235,1.0,-1,-1,-1
323,187,440,303,235,215,1.0,-1,-1,-1
323,191,517,42,243,154,1.0,-1,-1,-1
323,184,12,714,375,300,1.0,-1,-1,-1
324,102,1015,57,196,225,1.0,-1,-1,-1
324,186,1273,124,193,155,1.0,-1,-1,-1
324,190,1038,539,312,233,1.0,-1,-1,-1
324,187,439,306,232,217,1.0,-1,-1,-1
324,191,520,43,242,154,1.0,-1,-1,-1
324,184,9,725,367,306,1.0,-1,-1,-1
325,102,1016,57,195,225,1.0,-1,-1,-1
325,186,1274,126,192,152,1.0,-1,-1,-1
325,190,1037,537,310,227,1.0,-1,-1,-1
325,187,438,309,230,218,1.0,-1,-1,-1
325,191,522,44,246,155,1.0,-1,-1,-1
325,184,4,731,366,316,1.0,-1,-1,-1
326,102,1016,57,195,225,1.0,-1,-1,-1
326,186,1275,128,189,150,1.0,-1,-1,-1
326,190,1040,531,302,223,1.0,-1,-1,-1
326,187,435,313,232,219,1.0,-1,-1,-1
326,191,525,44,249,157,1.0,-1,-1,-1
326,184,0,737,368,325,1.0,-1,-1,-1
327,102,1017,57,194,225,1.0,-1,-1,-1
327,186,1276,128,188,149,1.0,-1,-1,-1
327,190,1042,527,294,219,1.0,-1,-1,-1
327,187,428,317,237,222,1.0,-1,-1,-1
327,191,527,44,251,158,1.0,-1,-1,-1
327,184,0,757,369,321,1.0,-1,-1,-1
328,102,1017,57,193,225,1.0,-1,-1,-1
328,186,1276,127,188,150,1.0,-1,-1,-1
328,190,1043,522,290,215,1.0,-1,-1,-1
328,187,419,322,243,225,1.0,-1,-1,-1
328,191,530,42,247,159,1.0,-1,-1,-1
329,102,1018,57,193,226,1.0,-1,-1,-1
329,186,1276,126,189,151,1.0,-1,-1,-1
329,190,1036,518,284,211,1.0,-1,-1,-1
329,187,413,325,245,228,1.0,-1,-1,-1
329,191,535,41,237,162,1.0,-1,-1,-1
330,102,1017,56,194,225,1.0,-1,-1,-1
330,186,1276,126,189,151,1.0,-1,-1,-1
330,190,1036,517,283,205,1.0,-1,-1,-1
330,187,409,329,246,229,1.0,-1,-1,-1
330,191,541,41,227,163,1.0,-1,-1,-1
331,102,1016,55,195,225,1.0,-1,-1,-1
331,186,1276,125,189,152,1.0,-1,-1,-1
331,190,1034,516,284,203,1.0,-1,-1,-1
331,187,405,331,247,233,1.0,-1,-1,-1
331,191,572,41,197,169,1.0,-1,-1,-1
332,102,1015,55,196,225,1.0,-1,-1,-1
332,186,1277,126,187,151,1.0,-1,-1,-1
332,190,1034,488,276,221,1.0,-1,-1,-1
332,187,401,335,247,236,1.0,-1,-1,-1
332,192,830,117,226,137,1.0,-1,-1,-1
332,191,575,45,194,163,1.0,-1,-1,-1
333,193,389,27,251,125,1.0,-1,-1,-1
333,102,1014,54,197,224,1.0,-1,-1,-1
333,186,1278,126,187,150,1.0,-1,-1,-1
333,190,1032,484,277,218,1.0,-1,-1,-1
333,187,398,336,248,240,1.0,-1,-1,-1
333,192,799,120,227,138,1.0,-1,-1,-1
333,191,577,48,192,159,1.0,-1,-1,-1
334,102,1013,53,198,224,1.0,-1,-1,-1
334,186,1278,127,186,150,1.0,-1,-1,-1
334,190,1030,477,278,217,1.0,-1,-1,-1
334,187,384,342,256,233,1.0,-1,-1,-1
334,192,784,122,239,142,1.0,-1,-1,-1
334,191,578,49,192,158,1.0,-1,-1,-1
335,102,1012,53,199,224,1.0,-1,-1,-1
335,186,1278,127,187,150,1.0,-1,-1,-1
335,190,1028,474,277,214,1.0,-1,-1,-1
335,187,385,357,255,230,1.0,-1,-1,-1
335,192,754,128,230,143,1.0,-1,-1,-1
335,191,580,50,189,159,1.0,-1,-1,-1
336,102,1011,52,200,223,1.0,-1,-1,-1
336,186,1277,126,189,152,1.0,-1,-1,-1
336,190,1023,466,279,215,1.0,-1,-1,-1
336,187,386,361,252,230,1.0,-1,-1,-1
336,192,726,132,224,142,1.0,-1,-1,-1
336,191,581,50,187,158,1.0,-1,-1,-1
337,102,1010,51,201,223,1.0,-1,-1,-1
337,186,1276,126,189,152,1.0,-1,-1,-1
337,190,1021,458,276,216,1.0,-1,-1,-1
337,187,382,364,256,231,1.0,-1,-1,-1
337,192,713,141,229,137,1.0,-1,-1,-1
337,191,581,64,188,149,1.0,-1,-1,-1
338,102,1009,51,202,223,1.0,-1,-1,-1
338,186,1276,126,189,152,1.0,-1,-1,-1
338,190,1018,452,274,215,1.0,-1,-1,-1
338,187,378,367,260,233,1.0,-1,-1,-1
338,192,686,145,219,138,1.0,-1,-1,-1
338,191,580,64,187,153,1.0,-1,-1,-1
339,102,1009,50,203,223,1.0,-1,-1,-1
339,186,1276,126,189,150,1.0,-1,-1,-1
339,190,1018,448,266,212,1.0,-1,-1,-1
339,187,372,372,266,235,1.0,-1,-1,-1
339,192,682,146,212,139,1.0,-1,-1,-1
339,191,580,66,187,155,1.0,-1,-1,-1
340,102,1008,49,204,222,1.0,-1,-1,-1
340,186,1276,126,189,150,1.0,-1,-1,-1
340,190,1017,448,261,207,1.0,-1,-1,-1
340,187,366,377,271,237,1.0,-1,-1,-1
340,192,652,152,206,139,1.0,-1,-1,-1
341,102,1007,49,205,222,1.0,-1,-1,-1
341,186,1277,127,188,150,1.0,-1,-1,-1
341,190,1018,446,256,205,1.0,-1,-1,-1
341,187,360,381,274,240,1.0,-1,-1,-1
341,192,650,155,196,139,1.0,-1,-1,-1
342,102,1006,48,206,222,1.0,-1,-1,-1
342,186,1278,127,187,150,1.0,-1,-1,-1
342,190,1014,445,256,203,1.0,-1,-1,-1
342,194,1592,615,326,280,1.0,-1,-1,-1
342,187,355,387,277,241,1.0,-1,-1,-1
342,192,625,161,196,145,1.0,-1,-1,-1
343,102,1005,47,207,221,1.0,-1,-1,-1
343,186,1279,127,185,150,1.0,-1,-1,-1
343,190,1008,401,263,238,1.0,-1,-1,-1
343,194,1585,611,333,280,1.0,-1,-1,-1
343,187,349,395,277,242,1.0,-1,-1,-1
343,192,618,166,190,141,1.0,-1,-1,-1
344,102,1004,47,208,221,1.0,-1,-1,-1
344,186,1279,127,186,151,1.0,-1,-1,-1
344,190,1007,409,262,225,1.0,-1,-1,-1
344,194,1577,604,341,277,1.0,-1,-1,-1
344,187,340,401,281,246,1.0,-1,-1,-1
344,192,598,185,184,131,1.0,-1,-1,-1
344,191,580,80,177,142,1.0,-1,-1,-1
345,102,1003,46,209,221,1.0,-1,-1,-1
345,186,1279,126,185,152,1.0,-1,-1,-1
345,190,1007,415,262,214,1.0,-1,-1,-1
345,194,1566,596,352,273,1.0,-1,-1,-1
345,187,332,402,284,256,1.0,-1,-1,-1
345,192,588,185,188,137,1.0,-1,-1,-1
345,191,569,78,183,145,1.0,-1,-1,-1
346,102,1002,45,210,220,1.0,-1,-1,-1
346,186,1277,126,187,152,1.0,-1,-1,-1
346,190,1007,415,261,208,1.0,-1,-1,-1
346,194,1559,589,352,269,1.0,-1,-1,-1
346,187,326,398,287,270,1.0,-1,-1,-1
346,192,580,186,188,141,1.0,-1,-1,-1
346,191,567,77,186,149,1.0,-1,-1,-1
347,102,1001,45,211,220,1.0,-1,-1,-1
347,186,1277,126,187,152,1.0,-1,-1,-1
347,190,1007,409,258,205,1.0,-1,-1,-1
347,194,1549,577,354,271,1.0,-1,-1,-1
347,187,325,415,284,264,1.0,-1,-1,-1
347,192,566,191,184,142,1.0,-1,-1,-1
347,191,565,73,186,160,1.0,-1,-1,-1
348,102,1000,44,212,220,1.0,-1,-1,-1
348,186,1278,125,187,154,1.0,-1,-1,-1
348,190,1008,404,256,203,1.0,-1,-1,-1
348,194,1540,568,355,273,1.0,-1,-1,-1
348,187,319,423,283,262,1.0,-1,-1,-1
348,192,560,196,184,143,1.0,-1,-1,-1
348,191,563,72,186,164,1.0,-1,-1,-1
349,102,1000,44,213,220,1.0,-1,-1,-1
349,186,1273,120,195,161,1.0,-1,-1,-1
349,190,1007,395,254,204,1.0,-1,-1,-1
349,194,1547,559,330,271,1.0,-1,-1,-1
349,187,310,431,291,266,1.0,-1,-1,-1
349,192,549,198,188,145,1.0,-1,-1,-1
349,191,560,50,189,193,1.0,-1,-1,-1
