0,48,1133,1180,577,461,1.0,-1,-1,-1
1,48,1218,1211,661,487,1.0,-1,-1,-1
2,48,1303,1243,746,513,1.0,-1,-1,-1
3,48,1440,1257,856,566,1.0,-1,-1,-1
4,48,1641,1278,880,619,1.0,-1,-1,-1
42,56,361,1044,142,114,1.0,-1,-1,-1
43,56,367,1053,138,117,1.0,-1,-1,-1
44,56,368,1054,140,119,1.0,-1,-1,-1
45,56,371,1053,156,121,1.0,-1,-1,-1
46,56,373,1054,164,123,1.0,-1,-1,-1
47,56,379,1054,165,125,1.0,-1,-1,-1
48,56,388,1054,160,128,1.0,-1,-1,-1
49,56,395,1057,156,129,1.0,-1,-1,-1
50,56,403,1055,156,136,1.0,-1,-1,-1
51,56,409,1058,152,136,1.0,-1,-1,-1
52,56,417,1064,167,137,1.0,-1,-1,-1
53,56,424,1069,168,135,1.0,-1,-1,-1
54,56,436,1066,171,147,1.0,-1,-1,-1
55,56,445,1070,172,147,1.0,-1,-1,-1
56,56,460,1077,176,140,1.0,-1,-1,-1
57,56,465,1079,179,142,1.0,-1,-1,-1
58,56,476,1078,180,147,1.0,-1,-1,-1
59,56,487,1079,182,163,1.0,-1,-1,-1
60,56,500,1082,198,167,1.0,-1,-1,-1
61,56,507,1083,204,172,1.0,-1,-1,-1
62,56,516,1085,211,178,1.0,-1,-1,-1
63,56,537,1090,228,181,1.0,-1,-1,-1
64,56,546,1094,232,188,1.0,-1,-1,-1
65,56,558,1098,234,192,1.0,-1,-1,-1
66,56,581,1101,250,198,1.0,-1,-1,-1
67,56,593,1104,255,216,1.0,-1,-1,-1
68,56,618,1107,284,223,1.0,-1,-1,-1
69,56,632,1111,282,228,1.0,-1,-1,-1
70,56,663,1122,325,236,1.0,-1,-1,-1
71,56,682,1122,345,250,1.0,-1,-1,-1
72,56,723,1129,382,281,1.0,-1,-1,-1
73,56,747,1135,393,292,1.0,-1,-1,-1
74,56,794,1140,462,319,1.0,-1,-1,-1
75,56,817,1154,467,326,1.0,-1,-1,-1
76,56,894,1160,480,342,1.0,-1,-1,-1
77,56,964,1150,619,434,1.0,-1,-1,-1
78,56,1046,1163,783,456,1.0,-1,-1,-1
79,56,1115,1185,707,469,1.0,-1,-1,-1
80,56,1218,1213,843,559,1.0,-1,-1,-1
81,56,1321,1241,979,649,1.0,-1,-1,-1
97,68,364,1043,139,115,1.0,-1,-1,-1
98,68,367,1043,139,117,1.0,-1,-1,-1
99,68,380,1042,136,122,1.0,-1,-1,-1
100,68,375,1049,154,122,1.0,-1,-1,-1
101,68,380,1047,158,126,1.0,-1,-1,-1
102,68,388,1045,159,132,1.0,-1,-1,-1
103,68,394,1044,165,137,1.0,-1,-1,-1
104,68,405,1047,160,129,1.0,-1,-1,-1
105,68,411,1049,173,131,1.0,-1,-1,-1
106,68,417,1049,172,134,1.0,-1,-1,-1
107,68,427,1050,171,139,1.0,-1,-1,-1
108,68,439,1047,172,153,1.0,-1,-1,-1
109,68,447,1050,173,152,1.0,-1,-1,-1
110,68,464,1052,176,151,1.0,-1,-1,-1
111,68,476,1057,176,150,1.0,-1,-1,-1
112,68,486,1061,181,151,1.0,-1,-1,-1
113,68,496,1064,206,153,1.0,-1,-1,-1
114,68,505,1065,211,156,1.0,-1,-1,-1
115,68,515,1065,216,161,1.0,-1,-1,-1
116,68,533,1064,231,172,1.0,-1,-1,-1
117,68,543,1063,236,177,1.0,-1,-1,-1
118,68,553,1068,245,189,1.0,-1,-1,-1
119,68,584,1069,249,194,1.0,-1,-1,-1
120,68,595,1071,250,196,1.0,-1,-1,-1
121,68,619,1075,282,206,1.0,-1,-1,-1
122,68,635,1080,274,207,1.0,-1,-1,-1
123,68,651,1074,344,231,1.0,-1,-1,-1
124,68,676,1080,351,239,1.0,-1,-1,-1
125,68,717,1085,383,251,1.0,-1,-1,-1
126,68,739,1090,397,271,1.0,-1,-1,-1
127,68,791,1091,447,290,1.0,-1,-1,-1
128,68,810,1105,469,324,1.0,-1,-1,-1
129,68,875,1110,507,338,1.0,-1,-1,-1
130,68,916,1114,595,378,1.0,-1,-1,-1
131,68,957,1118,682,417,1.0,-1,-1,-1
132,68,1082,1130,758,453,1.0,-1,-1,-1
133,68,1175,1140,969,514,1.0,-1,-1,-1
134,68,1289,1167,1072,588,1.0,-1,-1,-1
135,68,1403,1195,1156,662,1.0,-1,-1,-1
203,69,379,1043,142,120,1.0,-1,-1,-1
204,69,382,1043,144,121,1.0,-1,-1,-1
205,69,389,1043,143,122,1.0,-1,-1,-1
206,69,402,1044,141,134,1.0,-1,-1,-1
207,69,405,1042,148,139,1.0,-1,-1,-1
208,69,408,1043,153,140,1.0,-1,-1,-1
209,69,411,1045,154,138,1.0,-1,-1,-1
210,69,411,1049,177,131,1.0,-1,-1,-1
211,69,419,1051,174,131,1.0,-1,-1,-1
212,69,432,1057,162,128,1.0,-1,-1,-1
213,69,440,1053,162,141,1.0,-1,-1,-1
214,69,449,1057,158,140,1.0,-1,-1,-1
215,69,457,1060,154,139,1.0,-1,-1,-1
216,69,468,1068,168,134,1.0,-1,-1,-1
217,69,480,1067,170,146,1.0,-1,-1,-1
218,69,490,1070,172,149,1.0,-1,-1,-1
219,69,496,1072,175,151,1.0,-1,-1,-1
220,69,508,1075,184,153,1.0,-1,-1,-1
221,69,515,1073,190,157,1.0,-1,-1,-1
222,69,528,1077,192,169,1.0,-1,-1,-1
223,69,534,1078,198,172,1.0,-1,-1,-1
224,69,549,1081,218,181,1.0,-1,-1,-1
225,69,559,1083,223,186,1.0,-1,-1,-1
226,69,582,1086,245,196,1.0,-1,-1,-1
227,69,595,1090,241,200,1.0,-1,-1,-1
228,69,614,1094,269,202,1.0,-1,-1,-1
229,69,630,1097,263,204,1.0,-1,-1,-1
230,69,668,1110,271,213,1.0,-1,-1,-1
231,69,663,1097,327,241,1.0,-1,-1,-1
232,69,684,1108,340,246,1.0,-1,-1,-1
233,69,728,1118,355,249,1.0,-1,-1,-1
234,69,752,1131,369,266,1.0,-1,-1,-1
235,69,796,1131,440,298,1.0,-1,-1,-1
236,69,824,1141,440,309,1.0,-1,-1,-1
237,69,890,1145,469,337,1.0,-1,-1,-1
238,69,943,1151,530,383,1.0,-1,-1,-1
239,69,996,1157,591,429,1.0,-1,-1,-1
240,69,1099,1182,713,441,1.0,-1,-1,-1
241,69,1187,1214,756,477,1.0,-1,-1,-1
242,69,1274,1246,799,513,1.0,-1,-1,-1
243,69,1394,1254,1020,647,1.0,-1,-1,-1
252,70,1435,863,1010,474,1.0,-1,-1,-1
253,70,1261,871,875,449,1.0,-1,-1,-1
254,70,1248,877,826,435,1.0,-1,-1,-1
255,70,1134,888,699,405,1.0,-1,-1,-1
256,70,1076,922,525,308,1.0,-1,-1,-1
257,70,1031,925,501,294,1.0,-1,-1,-1
258,70,987,928,476,280,1.0,-1,-1,-1
259,70,917,899,422,288,1.0,-1,-1,-1
260,70,843,914,423,259,1.0,-1,-1,-1
261,70,824,944,414,239,1.0,-1,-1,-1
262,70,767,956,386,219,1.0,-1,-1,-1
263,70,750,960,368,209,1.0,-1,-1,-1
264,70,761,966,288,200,1.0,-1,-1,-1
265,70,711,966,300,198,1.0,-1,-1,-1
266,70,683,969,275,191,1.0,-1,-1,-1
267,70,673,971,270,188,1.0,-1,-1,-1
268,70,640,975,254,180,1.0,-1,-1,-1
269,70,629,975,251,178,1.0,-1,-1,-1
270,70,610,981,225,167,1.0,-1,-1,-1
271,70,599,978,221,170,1.0,-1,-1,-1
272,70,580,973,218,168,1.0,-1,-1,-1
273,70,562,968,215,166,1.0,-1,-1,-1
274,70,543,963,213,164,1.0,-1,-1,-1
275,70,533,964,196,159,1.0,-1,-1,-1
276,70,524,969,196,155,1.0,-1,-1,-1
277,70,515,969,198,152,1.0,-1,-1,-1
278,70,506,965,206,154,1.0,-1,-1,-1
279,70,500,962,210,153,1.0,-1,-1,-1
280,70,487,976,181,142,1.0,-1,-1,-1
281,70,481,978,179,139,1.0,-1,-1,-1
282,70,472,979,180,136,1.0,-1,-1,-1
283,70,467,981,179,132,1.0,-1,-1,-1
284,70,453,989,145,113,1.0,-1,-1,-1
285,70,444,990,148,115,1.0,-1,-1,-1
286,70,436,989,150,117,1.0,-1,-1,-1
287,70,426,988,154,119,1.0,-1,-1,-1
288,70,424,988,150,118,1.0,-1,-1,-1
290,70,411,986,137,116,1.0,-1,-1,-1
350,71,1759,900,800,430,1.0,-1,-1,-1
351,71,1640,902,836,425,1.0,-1,-1,-1
352,71,1518,904,705,422,1.0,-1,-1,-1
353,71,1431,912,654,386,1.0,-1,-1,-1
354,71,1344,920,604,351,1.0,-1,-1,-1
355,71,1258,928,553,316,1.0,-1,-1,-1
356,71,1171,936,502,281,1.0,-1,-1,-1
357,71,1111,948,434,253,1.0,-1,-1,-1
358,71,1049,958,400,240,1.0,-1,-1,-1
359,71,1034,958,373,230,1.0,-1,-1,-1
360,71,980,953,338,234,1.0,-1,-1,-1
361,71,950,952,341,230,1.0,-1,-1,-1
362,71,917,971,288,194,1.0,-1,-1,-1
363,71,880,971,269,193,1.0,-1,-1,-1
364,71,850,971,261,190,1.0,-1,-1,-1
365,71,820,972,253,186,1.0,-1,-1,-1
366,71,790,972,245,183,1.0,-1,-1,-1
367,71,780,977,238,174,1.0,-1,-1,-1
368,71,746,980,232,168,1.0,-1,-1,-1
369,71,728,981,226,165,1.0,-1,-1,-1
370,71,710,982,221,161,1.0,-1,-1,-1
371,71,692,982,215,158,1.0,-1,-1,-1
372,71,674,983,210,154,1.0,-1,-1,-1
373,71,657,984,204,151,1.0,-1,-1,-1
374,71,639,985,199,147,1.0,-1,-1,-1
375,71,621,986,193,144,1.0,-1,-1,-1
376,71,603,987,188,140,1.0,-1,-1,-1
377,71,586,988,183,137,1.0,-1,-1,-1
378,71,577,987,178,135,1.0,-1,-1,-1
379,71,569,987,174,133,1.0,-1,-1,-1
380,71,560,987,170,131,1.0,-1,-1,-1
381,71,552,987,166,129,1.0,-1,-1,-1
382,71,544,986,161,127,1.0,-1,-1,-1
383,71,535,986,157,125,1.0,-1,-1,-1
384,71,527,986,153,123,1.0,-1,-1,-1
385,71,518,986,149,121,1.0,-1,-1,-1
386,71,510,985,145,119,1.0,-1,-1,-1
387,71,502,985,140,117,1.0,-1,-1,-1
387,72,1584,859,865,463,1.0,-1,-1,-1
388,71,493,987,145,116,1.0,-1,-1,-1
388,72,1495,872,754,438,1.0,-1,-1,-1
389,71,486,990,142,113,1.0,-1,-1,-1
389,72,1381,883,681,405,1.0,-1,-1,-1
390,72,1267,895,608,373,1.0,-1,-1,-1
391,72,1201,904,570,346,1.0,-1,-1,-1
392,72,1136,913,533,320,1.0,-1,-1,-1
393,72,1071,922,496,294,1.0,-1,-1,-1
394,72,1009,927,441,280,1.0,-1,-1,-1
395,72,979,939,390,257,1.0,-1,-1,-1
396,72,948,950,339,233,1.0,-1,-1,-1
397,72,917,962,288,210,1.0,-1,-1,-1
398,72,877,964,269,206,1.0,-1,-1,-1
399,72,836,969,255,197,1.0,-1,-1,-1
400,72,821,965,266,199,1.0,-1,-1,-1
401,72,780,954,260,195,1.0,-1,-1,-1
402,72,747,959,243,180,1.0,-1,-1,-1
403,72,730,954,254,188,1.0,-1,-1,-1
404,72,705,952,226,174,1.0,-1,-1,-1
405,72,696,950,222,179,1.0,-1,-1,-1
406,72,664,961,217,162,1.0,-1,-1,-1
407,72,659,966,210,157,1.0,-1,-1,-1
408,72,647,965,218,159,1.0,-1,-1,-1
409,72,614,969,205,149,1.0,-1,-1,-1
410,72,605,969,208,151,1.0,-1,-1,-1
411,72,594,970,204,149,1.0,-1,-1,-1
412,72,584,971,199,146,1.0,-1,-1,-1
413,72,574,972,194,144,1.0,-1,-1,-1
414,72,563,973,190,141,1.0,-1,-1,-1
415,72,553,974,185,139,1.0,-1,-1,-1
416,72,543,975,180,136,1.0,-1,-1,-1
417,72,533,976,175,134,1.0,-1,-1,-1
418,72,522,977,171,132,1.0,-1,-1,-1
419,72,512,978,166,129,1.0,-1,-1,-1
420,72,502,979,161,127,1.0,-1,-1,-1
421,72,491,980,156,124,1.0,-1,-1,-1
422,72,481,981,152,122,1.0,-1,-1,-1
423,72,473,982,159,124,1.0,-1,-1,-1
424,72,474,981,152,121,1.0,-1,-1,-1
488,73,1660,876,899,459,1.0,-1,-1,-1
489,73,1539,903,906,423,1.0,-1,-1,-1
490,73,1419,931,892,387,1.0,-1,-1,-1
491,73,1337,936,768,353,1.0,-1,-1,-1
492,73,1254,941,644,320,1.0,-1,-1,-1
493,73,1172,945,521,286,1.0,-1,-1,-1
494,73,1080,960,513,260,1.0,-1,-1,-1
495,73,1068,966,489,247,1.0,-1,-1,-1
496,73,1006,978,444,228,1.0,-1,-1,-1
497,73,969,982,404,215,1.0,-1,-1,-1
498,73,932,986,364,201,1.0,-1,-1,-1
499,73,894,991,324,188,1.0,-1,-1,-1
500,73,861,986,302,188,1.0,-1,-1,-1
501,73,818,983,288,186,1.0,-1,-1,-1
502,73,787,983,265,179,1.0,-1,-1,-1
503,73,774,987,270,175,1.0,-1,-1,-1
504,73,736,990,260,171,1.0,-1,-1,-1
505,73,729,996,251,162,1.0,-1,-1,-1
506,73,701,998,226,156,1.0,-1,-1,-1
507,73,691,998,220,152,1.0,-1,-1,-1
508,73,663,995,207,150,1.0,-1,-1,-1
509,73,653,994,201,145,1.0,-1,-1,-1
510,73,632,992,191,149,1.0,-1,-1,-1
511,73,624,992,183,149,1.0,-1,-1,-1
511,74,1657,919,820,406,1.0,-1,-1,-1
512,73,612,994,182,148,1.0,-1,-1,-1
512,74,1559,924,759,382,1.0,-1,-1,-1
513,73,593,997,164,141,1.0,-1,-1,-1
513,74,1461,929,698,358,1.0,-1,-1,-1
514,73,582,998,165,136,1.0,-1,-1,-1
514,74,1363,935,637,334,1.0,-1,-1,-1
515,73,572,1002,164,128,1.0,-1,-1,-1
515,74,1265,940,576,310,1.0,-1,-1,-1
516,73,567,1002,162,124,1.0,-1,-1,-1
516,74,1168,945,514,286,1.0,-1,-1,-1
517,73,556,1000,160,124,1.0,-1,-1,-1
517,74,1096,956,461,260,1.0,-1,-1,-1
518,73,544,997,158,124,1.0,-1,-1,-1
518,74,1034,967,430,241,1.0,-1,-1,-1
519,73,533,995,156,123,1.0,-1,-1,-1
519,74,1014,972,410,224,1.0,-1,-1,-1
520,73,522,993,154,123,1.0,-1,-1,-1
520,74,961,968,370,226,1.0,-1,-1,-1
521,73,511,990,153,123,1.0,-1,-1,-1
521,74,924,990,283,186,1.0,-1,-1,-1
522,73,500,988,151,122,1.0,-1,-1,-1
522,74,906,978,299,197,1.0,-1,-1,-1
523,73,493,989,150,121,1.0,-1,-1,-1
523,74,870,975,279,195,1.0,-1,-1,-1
524,73,484,989,150,122,1.0,-1,-1,-1
524,74,831,974,266,194,1.0,-1,-1,-1
525,73,476,989,153,124,1.0,-1,-1,-1
525,74,818,977,266,186,1.0,-1,-1,-1
525,75,276,1038,117,97,1.0,-1,-1,-1
526,73,474,990,147,121,1.0,-1,-1,-1
526,74,780,979,261,182,1.0,-1,-1,-1
526,75,276,1040,121,95,1.0,-1,-1,-1
527,74,771,985,258,172,1.0,-1,-1,-1
527,75,276,1039,122,98,1.0,-1,-1,-1
528,74,735,987,249,168,1.0,-1,-1,-1
528,75,283,1041,117,96,1.0,-1,-1,-1
529,74,711,996,218,153,1.0,-1,-1,-1
529,75,284,1040,118,98,1.0,-1,-1,-1
530,74,700,995,217,152,1.0,-1,-1,-1
530,75,286,1041,118,99,1.0,-1,-1,-1
531,74,673,997,207,145,1.0,-1,-1,-1
531,75,285,1039,121,103,1.0,-1,-1,-1
532,74,662,994,205,146,1.0,-1,-1,-1
532,75,285,1039,124,106,1.0,-1,-1,-1
533,74,650,991,202,146,1.0,-1,-1,-1
533,75,289,1042,122,104,1.0,-1,-1,-1
534,74,631,992,192,148,1.0,-1,-1,-1
534,75,289,1040,122,107,1.0,-1,-1,-1
535,74,622,991,192,149,1.0,-1,-1,-1
535,75,287,1043,126,105,1.0,-1,-1,-1
536,74,609,990,198,149,1.0,-1,-1,-1
536,75,305,1039,120,109,1.0,-1,-1,-1
537,74,601,990,198,148,1.0,-1,-1,-1
537,75,305,1038,122,108,1.0,-1,-1,-1
538,74,589,1002,153,130,1.0,-1,-1,-1
538,75,306,1040,122,110,1.0,-1,-1,-1
539,74,580,1001,156,129,1.0,-1,-1,-1
539,75,311,1043,120,107,1.0,-1,-1,-1
540,74,569,1000,153,127,1.0,-1,-1,-1
540,75,315,1043,122,107,1.0,-1,-1,-1
541,74,559,998,150,125,1.0,-1,-1,-1
541,75,317,1043,125,110,1.0,-1,-1,-1
542,74,549,996,147,123,1.0,-1,-1,-1
542,75,320,1048,125,105,1.0,-1,-1,-1
543,74,538,995,144,121,1.0,-1,-1,-1
543,75,320,1046,127,109,1.0,-1,-1,-1
544,74,528,993,141,119,1.0,-1,-1,-1
544,75,326,1048,127,106,1.0,-1,-1,-1
545,74,517,991,138,117,1.0,-1,-1,-1
545,75,328,1048,127,107,1.0,-1,-1,-1
546,75,328,1045,130,115,1.0,-1,-1,-1
547,74,498,990,141,118,1.0,-1,-1,-1
547,75,328,1043,131,116,1.0,-1,-1,-1
548,74,489,991,143,120,1.0,-1,-1,-1
548,75,340,1041,137,123,1.0,-1,-1,-1
549,74,482,992,145,120,1.0,-1,-1,-1
549,75,339,1043,139,123,1.0,-1,-1,-1
550,74,479,993,142,116,1.0,-1,-1,-1
550,76,275,1023,113,96,1.0,-1,-1,-1
550,75,343,1042,137,125,1.0,-1,-1,-1
551,76,275,1023,114,98,1.0,-1,-1,-1
551,75,344,1051,139,125,1.0,-1,-1,-1
552,76,277,1025,112,96,1.0,-1,-1,-1
552,75,347,1051,140,125,1.0,-1,-1,-1
553,76,280,1027,110,95,1.0,-1,-1,-1
553,75,354,1052,137,125,1.0,-1,-1,-1
554,76,277,1028,113,95,1.0,-1,-1,-1
554,75,357,1053,139,129,1.0,-1,-1,-1
555,76,281,1026,112,97,1.0,-1,-1,-1
555,75,361,1055,138,129,1.0,-1,-1,-1
556,76,283,1028,111,95,1.0,-1,-1,-1
556,75,364,1055,139,129,1.0,-1,-1,-1
557,76,288,1029,109,94,1.0,-1,-1,-1
557,75,373,1056,150,130,1.0,-1,-1,-1
558,76,288,1027,112,98,1.0,-1,-1,-1
558,75,373,1058,153,132,1.0,-1,-1,-1
