56,65,935,86,130,108,1.0,-1,-1,-1
57,65,933,86,133,109,1.0,-1,-1,-1
58,65,931,87,137,109,1.0,-1,-1,-1
59,65,931,88,138,108,1.0,-1,-1,-1
60,65,931,88,139,108,1.0,-1,-1,-1
61,65,931,90,140,108,1.0,-1,-1,-1
62,65,930,90,142,107,1.0,-1,-1,-1
63,65,930,91,143,107,1.0,-1,-1,-1
64,65,929,91,145,105,1.0,-1,-1,-1
65,65,931,92,142,106,1.0,-1,-1,-1
66,65,932,93,140,106,1.0,-1,-1,-1
67,65,935,88,134,119,1.0,-1,-1,-1
68,65,935,89,135,118,1.0,-1,-1,-1
69,65,934,96,138,105,1.0,-1,-1,-1
70,65,936,90,133,118,1.0,-1,-1,-1
71,65,936,91,134,117,1.0,-1,-1,-1
72,65,935,93,135,116,1.0,-1,-1,-1
73,65,935,93,136,115,1.0,-1,-1,-1
74,65,935,96,136,113,1.0,-1,-1,-1
75,65,935,99,136,112,1.0,-1,-1,-1
76,65,935,103,137,110,1.0,-1,-1,-1
77,65,935,107,136,108,1.0,-1,-1,-1
78,65,936,110,135,106,1.0,-1,-1,-1
79,65,935,113,134,105,1.0,-1,-1,-1
80,65,935,114,135,105,1.0,-1,-1,-1
81,65,934,115,135,104,1.0,-1,-1,-1
82,65,935,115,134,104,1.0,-1,-1,-1
83,65,935,115,134,106,1.0,-1,-1,-1
84,65,934,114,134,108,1.0,-1,-1,-1
85,65,934,114,134,110,1.0,-1,-1,-1
86,65,930,118,139,109,1.0,-1,-1,-1
87,65,929,119,140,109,1.0,-1,-1,-1
88,65,929,118,140,111,1.0,-1,-1,-1
89,65,929,118,140,112,1.0,-1,-1,-1
90,65,929,118,139,114,1.0,-1,-1,-1
91,65,929,118,132,115,1.0,-1,-1,-1
92,65,928,119,132,117,1.0,-1,-1,-1
93,65,928,120,132,118,1.0,-1,-1,-1
94,65,928,122,132,118,1.0,-1,-1,-1
95,65,927,123,132,120,1.0,-1,-1,-1
96,65,927,124,132,120,1.0,-1,-1,-1
97,65,927,126,133,120,1.0,-1,-1,-1
98,65,927,128,133,120,1.0,-1,-1,-1
99,65,926,130,135,119,1.0,-1,-1,-1
100,65,923,133,140,120,1.0,-1,-1,-1
101,65,924,136,139,119,1.0,-1,-1,-1
102,65,923,138,138,121,1.0,-1,-1,-1
103,65,923,141,138,121,1.0,-1,-1,-1
104,65,923,142,137,123,1.0,-1,-1,-1
105,65,923,143,137,122,1.0,-1,-1,-1
106,65,921,141,139,125,1.0,-1,-1,-1
107,65,919,145,141,131,1.0,-1,-1,-1
108,65,917,145,142,132,1.0,-1,-1,-1
109,65,914,149,145,131,1.0,-1,-1,-1
110,65,912,149,147,133,1.0,-1,-1,-1
111,65,910,152,149,132,1.0,-1,-1,-1
112,65,908,154,150,132,1.0,-1,-1,-1
113,65,907,157,149,129,1.0,-1,-1,-1
114,65,905,160,150,127,1.0,-1,-1,-1
115,65,902,163,151,127,1.0,-1,-1,-1
116,65,900,165,153,127,1.0,-1,-1,-1
117,65,898,167,155,127,1.0,-1,-1,-1
118,65,896,169,155,129,1.0,-1,-1,-1
119,65,894,172,155,127,1.0,-1,-1,-1
120,65,893,175,154,126,1.0,-1,-1,-1
121,65,892,176,153,123,1.0,-1,-1,-1
122,65,890,185,152,127,1.0,-1,-1,-1
123,65,888,188,154,126,1.0,-1,-1,-1
124,65,887,189,157,126,1.0,-1,-1,-1
125,65,885,191,161,127,1.0,-1,-1,-1
126,65,883,192,164,130,1.0,-1,-1,-1
127,65,880,194,168,131,1.0,-1,-1,-1
128,65,879,197,169,132,1.0,-1,-1,-1
129,65,878,199,171,136,1.0,-1,-1,-1
130,65,877,201,172,139,1.0,-1,-1,-1
131,65,876,204,173,140,1.0,-1,-1,-1
132,65,876,206,175,139,1.0,-1,-1,-1
133,65,871,217,183,141,1.0,-1,-1,-1
134,65,870,217,184,145,1.0,-1,-1,-1
135,65,871,218,182,148,1.0,-1,-1,-1
136,65,865,219,184,153,1.0,-1,-1,-1
137,65,864,225,187,152,1.0,-1,-1,-1
138,65,862,229,189,154,1.0,-1,-1,-1
139,65,861,232,189,157,1.0,-1,-1,-1
140,65,862,235,187,156,1.0,-1,-1,-1
141,65,860,242,191,162,1.0,-1,-1,-1
142,65,860,246,191,161,1.0,-1,-1,-1
143,65,858,250,192,161,1.0,-1,-1,-1
144,65,856,254,194,165,1.0,-1,-1,-1
145,65,853,259,197,168,1.0,-1,-1,-1
146,65,851,263,201,171,1.0,-1,-1,-1
147,65,849,279,204,164,1.0,-1,-1,-1
148,65,849,280,203,168,1.0,-1,-1,-1
149,65,847,284,203,171,1.0,-1,-1,-1
150,65,846,288,205,177,1.0,-1,-1,-1
151,65,841,293,212,179,1.0,-1,-1,-1
152,65,839,309,214,174,1.0,-1,-1,-1
153,65,837,312,215,178,1.0,-1,-1,-1
154,65,831,318,220,180,1.0,-1,-1,-1
155,65,824,324,228,182,1.0,-1,-1,-1
156,65,812,322,248,209,1.0,-1,-1,-1
157,65,808,327,248,215,1.0,-1,-1,-1
158,65,804,333,247,219,1.0,-1,-1,-1
159,65,797,340,250,223,1.0,-1,-1,-1
160,65,791,345,252,227,1.0,-1,-1,-1
161,65,785,365,255,217,1.0,-1,-1,-1
162,65,777,375,257,217,1.0,-1,-1,-1
163,65,769,384,263,218,1.0,-1,-1,-1
164,65,762,393,268,221,1.0,-1,-1,-1
165,65,757,398,270,228,1.0,-1,-1,-1
166,65,740,405,278,235,1.0,-1,-1,-1
167,65,731,409,285,241,1.0,-1,-1,-1
168,65,722,435,291,235,1.0,-1,-1,-1
169,65,709,445,300,237,1.0,-1,-1,-1
170,65,694,457,310,238,1.0,-1,-1,-1
171,65,681,469,317,241,1.0,-1,-1,-1
172,65,667,476,324,251,1.0,-1,-1,-1
173,65,657,492,332,258,1.0,-1,-1,-1
174,65,637,499,332,258,1.0,-1,-1,-1
175,65,623,509,340,263,1.0,-1,-1,-1
176,65,606,523,348,271,1.0,-1,-1,-1
177,65,586,529,359,286,1.0,-1,-1,-1
178,65,570,548,363,301,1.0,-1,-1,-1
179,65,544,565,363,302,1.0,-1,-1,-1
180,65,523,580,374,312,1.0,-1,-1,-1
181,65,498,614,383,314,1.0,-1,-1,-1
182,65,486,626,382,313,1.0,-1,-1,-1
183,65,429,648,414,317,1.0,-1,-1,-1
184,65,397,639,442,375,1.0,-1,-1,-1
185,65,362,670,427,372,1.0,-1,-1,-1
186,65,321,693,456,374,1.0,-1,-1,-1
305,66,866,0,130,111,1.0,-1,-1,-1
306,66,866,0,129,111,1.0,-1,-1,-1
307,66,867,0,129,111,1.0,-1,-1,-1
308,66,868,0,129,111,1.0,-1,-1,-1
309,66,869,0,129,111,1.0,-1,-1,-1
310,66,870,0,129,111,1.0,-1,-1,-1
311,66,871,0,129,111,1.0,-1,-1,-1
312,66,872,1,128,111,1.0,-1,-1,-1
313,66,873,3,128,111,1.0,-1,-1,-1
314,66,874,4,128,111,1.0,-1,-1,-1
315,66,875,5,128,112,1.0,-1,-1,-1
316,66,876,6,128,112,1.0,-1,-1,-1
317,66,877,7,128,112,1.0,-1,-1,-1
318,66,878,8,127,112,1.0,-1,-1,-1
319,66,879,9,127,112,1.0,-1,-1,-1
320,66,880,11,127,112,1.0,-1,-1,-1
321,66,881,12,127,112,1.0,-1,-1,-1
322,66,882,13,127,112,1.0,-1,-1,-1
323,66,883,14,127,112,1.0,-1,-1,-1
324,66,884,15,126,112,1.0,-1,-1,-1
325,66,885,16,126,113,1.0,-1,-1,-1
326,66,886,17,126,113,1.0,-1,-1,-1
327,66,887,18,126,113,1.0,-1,-1,-1
328,66,888,20,126,113,1.0,-1,-1,-1
329,66,889,21,126,113,1.0,-1,-1,-1
330,66,890,22,125,113,1.0,-1,-1,-1
331,66,891,23,125,113,1.0,-1,-1,-1
332,66,892,24,125,113,1.0,-1,-1,-1
333,66,893,25,125,113,1.0,-1,-1,-1
334,66,894,26,125,113,1.0,-1,-1,-1
335,66,895,28,125,114,1.0,-1,-1,-1
336,66,895,28,125,113,1.0,-1,-1,-1
337,66,895,29,125,113,1.0,-1,-1,-1
338,66,895,29,125,113,1.0,-1,-1,-1
339,66,896,30,125,113,1.0,-1,-1,-1
340,66,896,30,125,113,1.0,-1,-1,-1
341,66,896,31,125,113,1.0,-1,-1,-1
342,66,897,31,125,113,1.0,-1,-1,-1
343,66,897,32,126,113,1.0,-1,-1,-1
344,66,897,32,126,112,1.0,-1,-1,-1
345,66,898,33,126,112,1.0,-1,-1,-1
346,66,898,33,126,112,1.0,-1,-1,-1
347,66,898,34,126,112,1.0,-1,-1,-1
348,66,899,34,126,112,1.0,-1,-1,-1
349,66,899,35,126,112,1.0,-1,-1,-1
350,66,899,35,126,112,1.0,-1,-1,-1
351,66,900,36,127,112,1.0,-1,-1,-1
352,66,900,36,127,111,1.0,-1,-1,-1
353,66,900,37,127,111,1.0,-1,-1,-1
354,66,900,37,127,111,1.0,-1,-1,-1
355,66,901,38,127,111,1.0,-1,-1,-1
356,66,901,38,127,111,1.0,-1,-1,-1
357,66,901,39,127,111,1.0,-1,-1,-1
358,66,902,39,127,111,1.0,-1,-1,-1
359,66,902,40,128,111,1.0,-1,-1,-1
360,66,902,40,128,110,1.0,-1,-1,-1
361,66,903,41,128,110,1.0,-1,-1,-1
362,66,903,41,128,110,1.0,-1,-1,-1
363,66,903,42,128,110,1.0,-1,-1,-1
364,66,904,42,128,110,1.0,-1,-1,-1
365,66,904,43,128,110,1.0,-1,-1,-1
366,66,904,43,128,110,1.0,-1,-1,-1
367,66,905,44,129,110,1.0,-1,-1,-1
368,66,904,44,129,110,1.0,-1,-1,-1
369,66,904,44,129,111,1.0,-1,-1,-1
370,66,904,44,129,111,1.0,-1,-1,-1
371,66,904,44,129,112,1.0,-1,-1,-1
372,66,904,44,130,112,1.0,-1,-1,-1
373,66,903,44,130,113,1.0,-1,-1,-1
374,66,903,44,130,113,1.0,-1,-1,-1
375,66,903,44,130,114,1.0,-1,-1,-1
376,66,903,44,130,114,1.0,-1,-1,-1
377,66,903,44,131,115,1.0,-1,-1,-1
378,66,903,44,131,115,1.0,-1,-1,-1
379,66,904,44,131,115,1.0,-1,-1,-1
380,66,904,45,132,115,1.0,-1,-1,-1
381,66,905,45,132,115,1.0,-1,-1,-1
382,66,905,45,133,115,1.0,-1,-1,-1
383,66,906,46,133,115,1.0,-1,-1,-1
384,66,906,46,133,115,1.0,-1,-1,-1
385,66,907,46,134,116,1.0,-1,-1,-1
386,66,907,47,134,116,1.0,-1,-1,-1
387,66,908,47,135,116,1.0,-1,-1,-1
388,66,908,47,135,116,1.0,-1,-1,-1
389,66,909,48,135,116,1.0,-1,-1,-1
390,66,909,48,136,116,1.0,-1,-1,-1
391,66,910,48,136,116,1.0,-1,-1,-1
392,66,911,49,137,117,1.0,-1,-1,-1
393,66,912,50,136,116,1.0,-1,-1,-1
394,66,913,51,136,116,1.0,-1,-1,-1
395,66,914,52,136,116,1.0,-1,-1,-1
396,66,915,53,136,115,1.0,-1,-1,-1
397,66,916,54,136,115,1.0,-1,-1,-1
398,66,917,55,136,115,1.0,-1,-1,-1
399,66,918,56,136,115,1.0,-1,-1,-1
400,66,919,57,136,114,1.0,-1,-1,-1
401,66,920,58,136,114,1.0,-1,-1,-1
402,66,921,59,136,114,1.0,-1,-1,-1
403,66,922,60,136,114,1.0,-1,-1,-1
404,66,923,61,136,113,1.0,-1,-1,-1
405,66,924,62,136,113,1.0,-1,-1,-1
406,66,925,63,136,113,1.0,-1,-1,-1
407,66,926,65,136,113,1.0,-1,-1,-1
408,66,927,66,136,112,1.0,-1,-1,-1
409,66,928,67,136,112,1.0,-1,-1,-1
410,66,929,68,135,112,1.0,-1,-1,-1
411,66,930,69,135,112,1.0,-1,-1,-1
412,66,931,70,135,111,1.0,-1,-1,-1
413,66,932,71,135,111,1.0,-1,-1,-1
414,66,932,70,135,112,1.0,-1,-1,-1
415,66,933,70,135,112,1.0,-1,-1,-1
416,66,933,70,134,111,1.0,-1,-1,-1
417,66,933,71,134,110,1.0,-1,-1,-1
418,66,933,71,134,111,1.0,-1,-1,-1
419,66,933,72,134,112,1.0,-1,-1,-1
420,66,933,72,135,113,1.0,-1,-1,-1
421,66,932,72,137,114,1.0,-1,-1,-1
422,66,932,73,138,114,1.0,-1,-1,-1
423,66,932,74,138,113,1.0,-1,-1,-1
424,66,932,75,137,111,1.0,-1,-1,-1
425,66,933,75,135,111,1.0,-1,-1,-1
426,66,934,75,134,111,1.0,-1,-1,-1
427,66,934,74,134,112,1.0,-1,-1,-1
428,66,934,74,135,113,1.0,-1,-1,-1
429,66,933,74,137,114,1.0,-1,-1,-1
430,66,932,73,138,116,1.0,-1,-1,-1
431,66,933,72,137,118,1.0,-1,-1,-1
432,66,933,77,137,120,1.0,-1,-1,-1
433,66,932,79,138,117,1.0,-1,-1,-1
434,66,931,80,139,115,1.0,-1,-1,-1
435,66,931,81,139,115,1.0,-1,-1,-1
436,66,931,80,140,116,1.0,-1,-1,-1
437,66,931,79,140,119,1.0,-1,-1,-1
438,66,931,78,141,121,1.0,-1,-1,-1
439,66,931,78,141,121,1.0,-1,-1,-1
440,66,931,79,141,120,1.0,-1,-1,-1
441,66,931,81,141,119,1.0,-1,-1,-1
442,66,931,83,142,117,1.0,-1,-1,-1
443,66,930,84,143,117,1.0,-1,-1,-1
444,66,929,85,143,117,1.0,-1,-1,-1
445,66,929,84,144,119,1.0,-1,-1,-1
446,66,929,83,145,120,1.0,-1,-1,-1
447,66,929,82,145,121,1.0,-1,-1,-1
448,66,929,83,144,120,1.0,-1,-1,-1
449,66,929,85,144,119,1.0,-1,-1,-1
450,66,929,87,143,116,1.0,-1,-1,-1
451,66,929,89,142,114,1.0,-1,-1,-1
452,66,930,90,141,113,1.0,-1,-1,-1
453,66,930,89,142,116,1.0,-1,-1,-1
454,66,929,87,143,120,1.0,-1,-1,-1
455,66,929,87,143,122,1.0,-1,-1,-1
456,66,928,88,143,122,1.0,-1,-1,-1
457,66,929,89,142,121,1.0,-1,-1,-1
458,66,931,86,137,126,1.0,-1,-1,-1
459,66,930,87,139,126,1.0,-1,-1,-1
460,66,929,87,141,126,1.0,-1,-1,-1
461,66,928,87,142,128,1.0,-1,-1,-1
462,66,928,87,142,128,1.0,-1,-1,-1
463,66,927,88,143,128,1.0,-1,-1,-1
464,66,926,90,145,127,1.0,-1,-1,-1
465,66,926,92,147,127,1.0,-1,-1,-1
466,66,925,93,149,127,1.0,-1,-1,-1
467,66,924,95,150,126,1.0,-1,-1,-1
468,66,919,95,150,126,1.0,-1,-1,-1
469,66,918,96,152,127,1.0,-1,-1,-1
470,66,917,96,153,129,1.0,-1,-1,-1
471,66,918,96,152,131,1.0,-1,-1,-1
472,66,918,96,152,133,1.0,-1,-1,-1
473,66,918,96,153,134,1.0,-1,-1,-1
474,66,917,96,154,134,1.0,-1,-1,-1
475,66,916,97,155,131,1.0,-1,-1,-1
476,66,923,100,152,127,1.0,-1,-1,-1
477,66,923,101,152,126,1.0,-1,-1,-1
478,66,923,102,152,124,1.0,-1,-1,-1
479,66,921,111,146,129,1.0,-1,-1,-1
480,66,922,112,145,128,1.0,-1,-1,-1
481,66,922,111,145,131,1.0,-1,-1,-1
482,66,921,110,147,133,1.0,-1,-1,-1
483,66,919,111,150,133,1.0,-1,-1,-1
484,66,918,112,152,133,1.0,-1,-1,-1
485,66,918,112,152,134,1.0,-1,-1,-1
486,66,917,112,153,135,1.0,-1,-1,-1
487,66,918,113,153,135,1.0,-1,-1,-1
488,66,917,114,153,133,1.0,-1,-1,-1
489,66,916,116,155,132,1.0,-1,-1,-1
490,66,915,116,156,133,1.0,-1,-1,-1
491,66,914,116,157,137,1.0,-1,-1,-1
492,66,915,115,157,140,1.0,-1,-1,-1
493,66,914,115,158,143,1.0,-1,-1,-1
494,66,913,116,161,143,1.0,-1,-1,-1
495,66,910,118,164,144,1.0,-1,-1,-1
496,66,908,119,165,146,1.0,-1,-1,-1
497,66,907,120,166,146,1.0,-1,-1,-1
498,66,907,119,165,148,1.0,-1,-1,-1
499,66,908,121,164,149,1.0,-1,-1,-1
500,66,907,122,165,147,1.0,-1,-1,-1
501,66,905,124,168,146,1.0,-1,-1,-1
502,66,902,125,171,145,1.0,-1,-1,-1
503,66,902,125,170,147,1.0,-1,-1,-1
504,66,903,127,169,146,1.0,-1,-1,-1
505,66,904,128,168,144,1.0,-1,-1,-1
506,66,906,143,164,141,1.0,-1,-1,-1
507,66,906,143,167,141,1.0,-1,-1,-1
508,66,904,141,169,145,1.0,-1,-1,-1
509,66,903,138,170,149,1.0,-1,-1,-1
510,66,902,137,171,152,1.0,-1,-1,-1
511,66,902,138,173,154,1.0,-1,-1,-1
512,66,902,139,175,154,1.0,-1,-1,-1
513,66,902,140,176,155,1.0,-1,-1,-1
514,66,902,141,177,156,1.0,-1,-1,-1
515,66,901,142,179,158,1.0,-1,-1,-1
516,66,901,142,181,160,1.0,-1,-1,-1
517,66,902,142,181,164,1.0,-1,-1,-1
518,66,901,143,183,166,1.0,-1,-1,-1
519,66,901,144,184,168,1.0,-1,-1,-1
520,66,907,146,186,170,1.0,-1,-1,-1
521,66,906,148,189,172,1.0,-1,-1,-1
522,66,907,150,189,171,1.0,-1,-1,-1
523,66,908,151,189,171,1.0,-1,-1,-1
524,66,908,151,189,170,1.0,-1,-1,-1
525,66,909,151,192,170,1.0,-1,-1,-1
526,66,909,151,192,172,1.0,-1,-1,-1
527,66,910,163,192,175,1.0,-1,-1,-1
528,66,910,165,193,173,1.0,-1,-1,-1
529,66,912,170,193,169,1.0,-1,-1,-1
530,66,913,173,192,167,1.0,-1,-1,-1
531,66,914,173,192,170,1.0,-1,-1,-1
532,66,915,175,193,172,1.0,-1,-1,-1
533,66,915,175,195,176,1.0,-1,-1,-1
534,66,915,175,196,179,1.0,-1,-1,-1
535,66,915,176,197,180,1.0,-1,-1,-1
536,66,915,179,197,178,1.0,-1,-1,-1
537,66,915,181,200,178,1.0,-1,-1,-1
538,66,914,183,201,178,1.0,-1,-1,-1
539,66,909,192,211,189,1.0,-1,-1,-1
540,66,907,194,214,190,1.0,-1,-1,-1
541,66,906,195,217,193,1.0,-1,-1,-1
542,66,907,197,214,195,1.0,-1,-1,-1
543,66,904,197,218,195,1.0,-1,-1,-1
544,66,901,200,223,193,1.0,-1,-1,-1
545,66,899,202,229,194,1.0,-1,-1,-1
546,66,899,204,229,194,1.0,-1,-1,-1
547,66,899,207,227,190,1.0,-1,-1,-1
548,66,900,211,225,185,1.0,-1,-1,-1
549,66,904,219,224,211,1.0,-1,-1,-1
550,66,903,220,225,213,1.0,-1,-1,-1
551,66,901,221,227,214,1.0,-1,-1,-1
552,66,898,224,231,214,1.0,-1,-1,-1
553,66,895,228,237,218,1.0,-1,-1,-1
554,66,891,233,243,224,1.0,-1,-1,-1
555,66,885,235,250,230,1.0,-1,-1,-1
556,66,882,237,252,235,1.0,-1,-1,-1
557,66,877,239,257,237,1.0,-1,-1,-1
558,66,872,242,263,239,1.0,-1,-1,-1
559,66,870,245,266,240,1.0,-1,-1,-1
560,66,866,250,270,241,1.0,-1,-1,-1
561,66,862,254,273,246,1.0,-1,-1,-1
562,66,856,256,278,251,1.0,-1,-1,-1
563,66,853,257,279,256,1.0,-1,-1,-1
564,66,854,269,276,260,1.0,-1,-1,-1
565,66,850,272,284,262,1.0,-1,-1,-1
566,66,845,279,290,260,1.0,-1,-1,-1
567,66,841,289,295,256,1.0,-1,-1,-1
568,66,837,299,297,254,1.0,-1,-1,-1
569,66,837,303,298,255,1.0,-1,-1,-1
570,66,835,307,300,260,1.0,-1,-1,-1
571,66,833,310,301,268,1.0,-1,-1,-1
572,66,828,314,307,276,1.0,-1,-1,-1
573,66,824,317,314,283,1.0,-1,-1,-1
574,66,820,321,314,303,1.0,-1,-1,-1
575,66,814,321,319,308,1.0,-1,-1,-1
576,66,808,327,326,311,1.0,-1,-1,-1
577,66,803,334,333,314,1.0,-1,-1,-1
578,66,798,345,339,315,1.0,-1,-1,-1
579,66,783,357,342,317,1.0,-1,-1,-1
580,66,779,363,348,325,1.0,-1,-1,-1
581,66,774,366,356,331,1.0,-1,-1,-1
582,66,769,386,359,320,1.0,-1,-1,-1
583,66,766,388,356,325,1.0,-1,-1,-1
584,66,761,396,355,327,1.0,-1,-1,-1
585,66,754,410,355,323,1.0,-1,-1,-1
586,66,746,424,360,323,1.0,-1,-1,-1
587,66,735,432,371,331,1.0,-1,-1,-1
588,66,706,403,412,392,1.0,-1,-1,-1
589,66,705,445,395,357,1.0,-1,-1,-1
590,66,692,448,420,368,1.0,-1,-1,-1
591,66,683,459,427,370,1.0,-1,-1,-1
592,67,1183,748,462,330,1.0,-1,-1,-1
592,66,678,472,431,375,1.0,-1,-1,-1
593,67,1204,718,433,352,1.0,-1,-1,-1
593,66,671,479,406,391,1.0,-1,-1,-1
594,67,1214,704,422,354,1.0,-1,-1,-1
594,66,659,496,412,397,1.0,-1,-1,-1
595,67,1226,695,408,325,1.0,-1,-1,-1
595,66,638,515,430,394,1.0,-1,-1,-1
596,67,1233,686,403,319,1.0,-1,-1,-1
596,66,609,533,459,388,1.0,-1,-1,-1
597,67,1234,659,395,307,1.0,-1,-1,-1
597,66,580,544,485,392,1.0,-1,-1,-1
598,67,1235,641,389,310,1.0,-1,-1,-1
598,66,555,544,498,408,1.0,-1,-1,-1
599,67,1236,622,381,318,1.0,-1,-1,-1
599,66,539,568,493,430,1.0,-1,-1,-1
600,67,1236,611,377,320,1.0,-1,-1,-1
600,66,521,576,492,441,1.0,-1,-1,-1
601,67,1230,589,381,312,1.0,-1,-1,-1
601,66,500,589,506,448,1.0,-1,-1,-1
602,67,1227,576,378,304,1.0,-1,-1,-1
602,66,461,606,517,459,1.0,-1,-1,-1
603,67,1226,564,374,294,1.0,-1,-1,-1
603,66,431,622,537,456,1.0,-1,-1,-1
604,67,1212,552,370,292,1.0,-1,-1,-1
605,67,1215,528,352,280,1.0,-1,-1,-1
606,67,1215,519,343,277,1.0,-1,-1,-1
607,67,1211,510,334,270,1.0,-1,-1,-1
608,67,1206,500,329,269,1.0,-1,-1,-1
609,67,1201,491,324,267,1.0,-1,-1,-1
610,67,1193,472,322,253,1.0,-1,-1,-1
611,67,1189,467,315,248,1.0,-1,-1,-1
612,67,1185,461,310,243,1.0,-1,-1,-1
613,67,1184,455,302,238,1.0,-1,-1,-1
614,67,1172,442,299,232,1.0,-1,-1,-1
615,67,1171,436,287,228,1.0,-1,-1,-1
616,67,1155,411,297,232,1.0,-1,-1,-1
617,67,1148,407,297,227,1.0,-1,-1,-1
618,67,1144,403,292,220,1.0,-1,-1,-1
619,67,1141,396,283,215,1.0,-1,-1,-1
620,67,1137,391,273,207,1.0,-1,-1,-1
621,67,1137,383,261,205,1.0,-1,-1,-1
622,67,1136,378,252,203,1.0,-1,-1,-1
623,67,1123,373,255,200,1.0,-1,-1,-1
624,67,1119,350,258,204,1.0,-1,-1,-1
625,67,1117,344,256,204,1.0,-1,-1,-1
626,67,1114,336,253,205,1.0,-1,-1,-1
627,67,1109,329,254,203,1.0,-1,-1,-1
628,67,1114,326,233,183,1.0,-1,-1,-1
629,67,1113,322,229,184,1.0,-1,-1,-1
629,68,1188,752,464,326,1.0,-1,-1,-1
630,67,1115,319,219,180,1.0,-1,-1,-1
630,68,1197,715,442,362,1.0,-1,-1,-1
631,67,1102,317,222,173,1.0,-1,-1,-1
631,68,1205,696,422,370,1.0,-1,-1,-1
632,67,1101,315,218,168,1.0,-1,-1,-1
632,68,1206,671,409,380,1.0,-1,-1,-1
633,67,1099,295,213,174,1.0,-1,-1,-1
633,68,1198,645,411,385,1.0,-1,-1,-1
634,67,1098,291,209,175,1.0,-1,-1,-1
634,68,1187,628,419,378,1.0,-1,-1,-1
635,67,1095,290,207,168,1.0,-1,-1,-1
635,68,1192,627,407,329,1.0,-1,-1,-1
636,67,1093,288,206,163,1.0,-1,-1,-1
636,68,1194,614,397,328,1.0,-1,-1,-1
637,67,1087,284,208,160,1.0,-1,-1,-1
637,68,1195,612,388,312,1.0,-1,-1,-1
638,67,1086,283,206,157,1.0,-1,-1,-1
638,68,1196,586,368,306,1.0,-1,-1,-1
639,67,1085,260,204,171,1.0,-1,-1,-1
639,68,1194,573,357,296,1.0,-1,-1,-1
640,67,1086,256,198,173,1.0,-1,-1,-1
640,68,1190,559,349,289,1.0,-1,-1,-1
641,67,1080,255,196,168,1.0,-1,-1,-1
641,68,1171,530,369,290,1.0,-1,-1,-1
642,67,1080,254,194,161,1.0,-1,-1,-1
642,68,1172,522,356,283,1.0,-1,-1,-1
643,67,1079,253,193,153,1.0,-1,-1,-1
643,68,1170,510,347,278,1.0,-1,-1,-1
644,67,1076,255,193,145,1.0,-1,-1,-1
644,68,1167,501,343,272,1.0,-1,-1,-1
645,67,1074,257,193,137,1.0,-1,-1,-1
645,68,1147,496,349,260,1.0,-1,-1,-1
646,67,1070,233,196,144,1.0,-1,-1,-1
646,68,1150,477,334,257,1.0,-1,-1,-1
647,67,1070,231,194,148,1.0,-1,-1,-1
647,68,1150,470,323,252,1.0,-1,-1,-1
648,67,1072,230,190,146,1.0,-1,-1,-1
648,68,1147,459,317,249,1.0,-1,-1,-1
649,67,1073,227,186,146,1.0,-1,-1,-1
649,68,1143,446,310,249,1.0,-1,-1,-1
650,67,1073,226,185,142,1.0,-1,-1,-1
650,68,1139,439,302,244,1.0,-1,-1,-1
651,67,1073,224,182,140,1.0,-1,-1,-1
651,68,1137,433,294,239,1.0,-1,-1,-1
652,67,1074,221,180,138,1.0,-1,-1,-1
652,68,1133,410,290,245,1.0,-1,-1,-1
653,67,1074,218,176,139,1.0,-1,-1,-1
653,68,1134,409,280,234,1.0,-1,-1,-1
654,67,1075,219,172,136,1.0,-1,-1,-1
654,68,1133,404,273,227,1.0,-1,-1,-1
655,67,1074,203,173,142,1.0,-1,-1,-1
655,68,1131,396,267,224,1.0,-1,-1,-1
656,67,1073,200,174,143,1.0,-1,-1,-1
656,68,1130,387,261,222,1.0,-1,-1,-1
657,67,1073,198,172,143,1.0,-1,-1,-1
657,68,1124,376,256,217,1.0,-1,-1,-1
658,67,1072,196,173,141,1.0,-1,-1,-1
658,68,1126,371,250,212,1.0,-1,-1,-1
659,67,1073,193,172,139,1.0,-1,-1,-1
659,68,1125,368,246,207,1.0,-1,-1,-1
660,67,1073,190,170,138,1.0,-1,-1,-1
660,68,1116,345,256,218,1.0,-1,-1,-1
661,67,1074,187,166,137,1.0,-1,-1,-1
661,68,1116,342,254,213,1.0,-1,-1,-1
662,67,1075,185,164,135,1.0,-1,-1,-1
662,68,1114,335,252,211,1.0,-1,-1,-1
663,67,1076,185,161,133,1.0,-1,-1,-1
663,68,1110,329,251,208,1.0,-1,-1,-1
664,67,1077,184,160,132,1.0,-1,-1,-1
664,68,1106,322,251,206,1.0,-1,-1,-1
665,67,1076,184,159,130,1.0,-1,-1,-1
665,68,1109,321,236,190,1.0,-1,-1,-1
666,67,1075,175,163,131,1.0,-1,-1,-1
666,68,1109,313,230,192,1.0,-1,-1,-1
667,67,1076,173,162,133,1.0,-1,-1,-1
667,68,1110,308,223,191,1.0,-1,-1,-1
668,67,1078,171,161,134,1.0,-1,-1,-1
668,68,1103,304,221,187,1.0,-1,-1,-1
669,67,1079,170,161,133,1.0,-1,-1,-1
669,68,1098,295,219,176,1.0,-1,-1,-1
670,67,1080,169,161,131,1.0,-1,-1,-1
670,68,1100,290,215,180,1.0,-1,-1,-1
670,69,1148,693,465,385,1.0,-1,-1,-1
671,67,1081,167,158,130,1.0,-1,-1,-1
671,68,1101,285,208,179,1.0,-1,-1,-1
671,69,1156,678,452,388,1.0,-1,-1,-1
672,67,1083,165,155,130,1.0,-1,-1,-1
672,68,1102,282,204,174,1.0,-1,-1,-1
672,69,1160,661,443,385,1.0,-1,-1,-1
673,67,1084,161,152,132,1.0,-1,-1,-1
673,68,1099,278,206,171,1.0,-1,-1,-1
673,69,1162,643,442,376,1.0,-1,-1,-1
674,67,1086,159,149,132,1.0,-1,-1,-1
674,68,1096,276,208,169,1.0,-1,-1,-1
674,69,1163,625,441,369,1.0,-1,-1,-1
675,67,1087,157,146,133,1.0,-1,-1,-1
675,68,1096,262,204,174,1.0,-1,-1,-1
675,69,1181,620,408,334,1.0,-1,-1,-1
676,67,1087,156,145,132,1.0,-1,-1,-1
676,68,1096,259,201,175,1.0,-1,-1,-1
676,69,1182,607,397,336,1.0,-1,-1,-1
677,67,1088,154,143,132,1.0,-1,-1,-1
677,68,1096,254,197,175,1.0,-1,-1,-1
677,69,1182,587,386,315,1.0,-1,-1,-1
678,67,1089,152,141,131,1.0,-1,-1,-1
678,68,1096,250,193,171,1.0,-1,-1,-1
678,69,1182,573,377,315,1.0,-1,-1,-1
679,67,1090,150,140,130,1.0,-1,-1,-1
679,68,1096,246,191,168,1.0,-1,-1,-1
679,69,1184,557,367,310,1.0,-1,-1,-1
680,67,1091,149,140,128,1.0,-1,-1,-1
680,68,1094,245,191,163,1.0,-1,-1,-1
680,69,1184,546,359,306,1.0,-1,-1,-1
681,67,1092,149,140,126,1.0,-1,-1,-1
681,68,1093,244,190,159,1.0,-1,-1,-1
681,69,1174,518,363,304,1.0,-1,-1,-1
682,67,1092,151,141,122,1.0,-1,-1,-1
682,68,1094,235,185,153,1.0,-1,-1,-1
682,69,1171,509,355,297,1.0,-1,-1,-1
683,67,1091,139,147,127,1.0,-1,-1,-1
683,68,1094,232,184,157,1.0,-1,-1,-1
683,69,1170,497,347,293,1.0,-1,-1,-1
684,67,1092,138,146,126,1.0,-1,-1,-1
684,68,1094,229,184,158,1.0,-1,-1,-1
684,69,1166,490,346,286,1.0,-1,-1,-1
685,67,1092,137,146,126,1.0,-1,-1,-1
685,68,1094,225,183,156,1.0,-1,-1,-1
685,69,1144,485,359,275,1.0,-1,-1,-1
686,67,1092,136,146,125,1.0,-1,-1,-1
686,68,1095,222,181,153,1.0,-1,-1,-1
686,69,1148,460,339,275,1.0,-1,-1,-1
687,67,1092,135,146,125,1.0,-1,-1,-1
687,68,1095,219,178,150,1.0,-1,-1,-1
687,69,1147,449,331,273,1.0,-1,-1,-1
688,67,1092,133,145,124,1.0,-1,-1,-1
688,68,1096,216,176,147,1.0,-1,-1,-1
688,69,1144,440,326,268,1.0,-1,-1,-1
689,67,1092,132,145,124,1.0,-1,-1,-1
689,68,1092,215,173,146,1.0,-1,-1,-1
689,69,1141,431,321,266,1.0,-1,-1,-1
690,67,1092,131,145,123,1.0,-1,-1,-1
690,68,1093,213,171,144,1.0,-1,-1,-1
690,69,1138,426,315,260,1.0,-1,-1,-1
691,67,1092,130,144,123,1.0,-1,-1,-1
691,68,1094,207,168,138,1.0,-1,-1,-1
691,69,1138,422,306,252,1.0,-1,-1,-1
692,67,1092,129,144,122,1.0,-1,-1,-1
692,68,1095,205,168,138,1.0,-1,-1,-1
692,69,1137,404,298,246,1.0,-1,-1,-1
693,67,1092,128,144,122,1.0,-1,-1,-1
693,68,1094,202,169,138,1.0,-1,-1,-1
693,69,1136,397,290,242,1.0,-1,-1,-1
694,68,1095,199,167,137,1.0,-1,-1,-1
694,69,1133,389,285,240,1.0,-1,-1,-1
695,68,1096,196,166,136,1.0,-1,-1,-1
695,69,1130,382,279,237,1.0,-1,-1,-1
696,68,1096,194,164,133,1.0,-1,-1,-1
696,69,1131,377,269,232,1.0,-1,-1,-1
697,68,1096,192,163,133,1.0,-1,-1,-1
697,69,1134,373,258,225,1.0,-1,-1,-1
698,68,1097,189,160,133,1.0,-1,-1,-1
698,69,1136,369,249,219,1.0,-1,-1,-1
699,68,1098,186,158,135,1.0,-1,-1,-1
699,69,1121,368,258,207,1.0,-1,-1,-1
700,68,1099,184,156,134,1.0,-1,-1,-1
700,69,1117,344,260,219,1.0,-1,-1,-1
701,68,1098,165,157,140,1.0,-1,-1,-1
701,69,1116,340,258,215,1.0,-1,-1,-1
702,68,1099,163,157,142,1.0,-1,-1,-1
702,69,1112,332,258,213,1.0,-1,-1,-1
703,68,1098,160,158,145,1.0,-1,-1,-1
703,69,1108,325,256,211,1.0,-1,-1,-1
704,68,1097,162,159,140,1.0,-1,-1,-1
704,69,1104,317,253,209,1.0,-1,-1,-1
705,68,1097,163,158,136,1.0,-1,-1,-1
705,69,1105,310,246,209,1.0,-1,-1,-1
706,68,1099,162,153,132,1.0,-1,-1,-1
706,69,1108,307,231,196,1.0,-1,-1,-1
707,68,1100,161,149,129,1.0,-1,-1,-1
707,69,1102,304,223,190,1.0,-1,-1,-1
708,68,1100,161,145,127,1.0,-1,-1,-1
708,69,1101,304,222,185,1.0,-1,-1,-1
709,68,1097,159,147,125,1.0,-1,-1,-1
709,69,1098,292,217,181,1.0,-1,-1,-1
710,68,1095,157,147,127,1.0,-1,-1,-1
710,69,1097,287,214,182,1.0,-1,-1,-1
711,68,1094,154,147,127,1.0,-1,-1,-1
711,69,1094,284,212,179,1.0,-1,-1,-1
712,68,1093,153,145,127,1.0,-1,-1,-1
712,69,1091,278,213,177,1.0,-1,-1,-1
713,68,1092,152,144,127,1.0,-1,-1,-1
713,69,1085,274,216,176,1.0,-1,-1,-1
714,68,1091,154,144,123,1.0,-1,-1,-1
714,69,1087,262,211,172,1.0,-1,-1,-1
715,68,1090,154,143,122,1.0,-1,-1,-1
715,69,1085,255,207,180,1.0,-1,-1,-1
716,68,1089,152,143,122,1.0,-1,-1,-1
716,69,1085,250,202,182,1.0,-1,-1,-1
717,68,1088,149,144,122,1.0,-1,-1,-1
717,69,1086,244,197,182,1.0,-1,-1,-1
718,68,1087,146,144,122,1.0,-1,-1,-1
718,69,1080,245,198,174,1.0,-1,-1,-1
719,68,1086,144,145,122,1.0,-1,-1,-1
719,69,1080,240,196,173,1.0,-1,-1,-1
720,68,1086,141,145,122,1.0,-1,-1,-1
720,69,1080,240,195,168,1.0,-1,-1,-1
721,68,1085,139,146,122,1.0,-1,-1,-1
721,69,1079,242,193,160,1.0,-1,-1,-1
722,68,1084,136,146,122,1.0,-1,-1,-1
722,69,1077,231,190,156,1.0,-1,-1,-1
723,68,1083,134,147,122,1.0,-1,-1,-1
723,69,1074,227,194,159,1.0,-1,-1,-1
724,68,1082,131,147,122,1.0,-1,-1,-1
724,69,1074,222,193,160,1.0,-1,-1,-1
725,68,1082,129,148,122,1.0,-1,-1,-1
725,69,1074,219,192,159,1.0,-1,-1,-1
726,68,1081,126,148,122,1.0,-1,-1,-1
726,69,1075,216,189,156,1.0,-1,-1,-1
727,68,1080,124,149,122,1.0,-1,-1,-1
727,69,1075,216,187,151,1.0,-1,-1,-1
728,68,1079,121,149,122,1.0,-1,-1,-1
728,69,1076,217,185,146,1.0,-1,-1,-1
729,68,1079,119,150,122,1.0,-1,-1,-1
729,69,1077,218,183,141,1.0,-1,-1,-1
730,68,1079,118,149,121,1.0,-1,-1,-1
730,69,1079,218,180,139,1.0,-1,-1,-1
731,68,1079,118,148,120,1.0,-1,-1,-1
731,69,1081,218,176,135,1.0,-1,-1,-1
732,68,1080,117,147,119,1.0,-1,-1,-1
732,69,1080,205,175,136,1.0,-1,-1,-1
733,68,1080,117,146,118,1.0,-1,-1,-1
733,69,1079,202,174,136,1.0,-1,-1,-1
734,68,1081,116,146,117,1.0,-1,-1,-1
734,69,1078,197,173,138,1.0,-1,-1,-1
735,68,1081,116,145,116,1.0,-1,-1,-1
735,69,1079,194,170,134,1.0,-1,-1,-1
736,68,1082,115,144,115,1.0,-1,-1,-1
736,69,1080,191,170,134,1.0,-1,-1,-1
737,68,1082,115,143,114,1.0,-1,-1,-1
737,69,1082,190,167,133,1.0,-1,-1,-1
738,68,1083,114,143,113,1.0,-1,-1,-1
738,69,1083,186,165,134,1.0,-1,-1,-1
739,68,1083,114,142,112,1.0,-1,-1,-1
739,69,1084,184,162,134,1.0,-1,-1,-1
740,68,1084,113,141,111,1.0,-1,-1,-1
740,69,1085,183,160,133,1.0,-1,-1,-1
741,68,1084,113,140,110,1.0,-1,-1,-1
741,69,1085,182,159,133,1.0,-1,-1,-1
742,68,1085,112,140,109,1.0,-1,-1,-1
742,69,1086,182,157,131,1.0,-1,-1,-1
743,69,1085,172,160,130,1.0,-1,-1,-1
744,69,1087,171,159,129,1.0,-1,-1,-1
745,68,1086,111,137,106,1.0,-1,-1,-1
745,69,1088,170,159,129,1.0,-1,-1,-1
746,69,1088,167,158,129,1.0,-1,-1,-1
747,69,1089,165,156,128,1.0,-1,-1,-1
748,69,1090,164,152,126,1.0,-1,-1,-1
749,69,1091,163,150,125,1.0,-1,-1,-1
750,69,1092,160,147,127,1.0,-1,-1,-1
751,69,1092,156,147,129,1.0,-1,-1,-1
752,69,1092,154,147,131,1.0,-1,-1,-1
753,69,1091,152,148,132,1.0,-1,-1,-1
754,69,1092,150,145,131,1.0,-1,-1,-1
755,69,1092,149,143,131,1.0,-1,-1,-1
756,69,1091,149,142,129,1.0,-1,-1,-1
757,69,1091,148,142,128,1.0,-1,-1,-1
758,69,1090,147,142,127,1.0,-1,-1,-1
759,69,1087,135,144,130,1.0,-1,-1,-1
760,69,1087,136,143,127,1.0,-1,-1,-1
761,69,1088,137,141,124,1.0,-1,-1,-1
762,69,1089,136,141,123,1.0,-1,-1,-1
763,69,1089,134,141,123,1.0,-1,-1,-1
764,69,1089,133,142,122,1.0,-1,-1,-1
765,69,1089,132,141,121,1.0,-1,-1,-1
766,69,1089,129,140,123,1.0,-1,-1,-1
767,69,1088,125,139,125,1.0,-1,-1,-1
768,69,1087,121,138,128,1.0,-1,-1,-1
769,69,1088,120,138,127,1.0,-1,-1,-1
770,69,1088,118,138,128,1.0,-1,-1,-1
771,69,1088,119,139,127,1.0,-1,-1,-1
772,69,1088,120,139,125,1.0,-1,-1,-1
773,69,1088,117,139,127,1.0,-1,-1,-1
774,69,1088,114,138,129,1.0,-1,-1,-1
775,69,1087,113,138,129,1.0,-1,-1,-1
776,69,1087,112,138,128,1.0,-1,-1,-1
777,69,1087,112,138,127,1.0,-1,-1,-1
778,69,1086,111,139,126,1.0,-1,-1,-1
779,69,1086,110,139,126,1.0,-1,-1,-1
780,69,1086,109,139,125,1.0,-1,-1,-1
781,69,1085,109,139,124,1.0,-1,-1,-1
782,69,1085,108,139,123,1.0,-1,-1,-1
783,69,1085,107,139,123,1.0,-1,-1,-1
784,69,1084,107,139,122,1.0,-1,-1,-1
785,69,1084,106,139,121,1.0,-1,-1,-1
786,69,1083,105,140,120,1.0,-1,-1,-1
787,69,1083,104,140,120,1.0,-1,-1,-1
788,69,1083,104,140,119,1.0,-1,-1,-1
789,69,1082,103,140,118,1.0,-1,-1,-1
790,69,1082,102,140,117,1.0,-1,-1,-1
791,69,1082,102,140,117,1.0,-1,-1,-1
792,69,1081,101,140,116,1.0,-1,-1,-1
793,69,1081,100,140,115,1.0,-1,-1,-1
794,69,1081,100,141,115,1.0,-1,-1,-1
795,69,1081,99,140,114,1.0,-1,-1,-1
796,69,1081,99,140,114,1.0,-1,-1,-1
797,69,1081,98,140,114,1.0,-1,-1,-1
798,69,1081,98,139,114,1.0,-1,-1,-1
799,69,1081,97,139,114,1.0,-1,-1,-1
800,69,1081,97,139,113,1.0,-1,-1,-1
801,69,1081,96,139,113,1.0,-1,-1,-1
802,69,1081,96,138,113,1.0,-1,-1,-1
803,69,1081,95,138,113,1.0,-1,-1,-1
804,69,1081,95,138,113,1.0,-1,-1,-1
805,69,1081,95,138,113,1.0,-1,-1,-1
806,69,1081,94,137,112,1.0,-1,-1,-1
807,69,1081,94,137,112,1.0,-1,-1,-1
808,69,1081,93,137,112,1.0,-1,-1,-1
809,69,1081,93,136,112,1.0,-1,-1,-1
810,69,1081,92,136,112,1.0,-1,-1,-1
811,69,1081,92,136,111,1.0,-1,-1,-1
812,69,1081,91,136,111,1.0,-1,-1,-1
813,69,1081,91,135,111,1.0,-1,-1,-1
814,69,1081,90,135,111,1.0,-1,-1,-1
815,69,1081,90,135,111,1.0,-1,-1,-1
816,69,1082,90,135,111,1.0,-1,-1,-1
817,69,1081,89,134,110,1.0,-1,-1,-1
818,69,1081,89,134,110,1.0,-1,-1,-1
819,69,1081,89,134,110,1.0,-1,-1,-1
820,69,1081,88,134,110,1.0,-1,-1,-1
821,69,1081,88,133,110,1.0,-1,-1,-1
822,69,1081,88,133,110,1.0,-1,-1,-1
823,69,1081,88,133,110,1.0,-1,-1,-1
824,69,1081,87,133,110,1.0,-1,-1,-1
825,69,1081,87,133,110,1.0,-1,-1,-1
826,69,1081,87,132,109,1.0,-1,-1,-1
827,69,1081,87,132,109,1.0,-1,-1,-1
828,69,1081,86,132,109,1.0,-1,-1,-1
829,69,1081,86,132,109,1.0,-1,-1,-1
830,69,1081,86,131,109,1.0,-1,-1,-1
831,69,1081,86,131,109,1.0,-1,-1,-1
832,69,1081,85,131,109,1.0,-1,-1,-1
833,69,1081,85,131,109,1.0,-1,-1,-1
834,69,1081,85,131,109,1.0,-1,-1,-1
835,69,1081,85,130,108,1.0,-1,-1,-1
836,69,1081,84,130,108,1.0,-1,-1,-1
837,69,1081,84,130,108,1.0,-1,-1,-1
838,69,1081,84,130,108,1.0,-1,-1,-1
839,69,1081,84,129,108,1.0,-1,-1,-1
840,69,1081,83,129,108,1.0,-1,-1,-1
841,69,1081,83,129,108,1.0,-1,-1,-1
842,69,1081,83,129,108,1.0,-1,-1,-1
843,69,1081,83,129,108,1.0,-1,-1,-1
918,70,883,25,123,111,1.0,-1,-1,-1
919,70,883,26,124,111,1.0,-1,-1,-1
920,70,883,27,124,111,1.0,-1,-1,-1
921,70,884,27,125,111,1.0,-1,-1,-1
922,70,884,28,125,111,1.0,-1,-1,-1
923,70,884,29,125,111,1.0,-1,-1,-1
924,70,885,29,126,111,1.0,-1,-1,-1
925,70,885,30,126,111,1.0,-1,-1,-1
926,70,885,31,127,111,1.0,-1,-1,-1
927,70,886,31,127,111,1.0,-1,-1,-1
928,70,886,32,127,111,1.0,-1,-1,-1
929,70,886,33,128,111,1.0,-1,-1,-1
930,70,887,33,128,111,1.0,-1,-1,-1
931,70,887,34,128,111,1.0,-1,-1,-1
932,70,887,35,129,111,1.0,-1,-1,-1
933,70,888,35,129,111,1.0,-1,-1,-1
934,70,888,36,130,111,1.0,-1,-1,-1
935,70,888,37,130,111,1.0,-1,-1,-1
936,70,889,37,130,111,1.0,-1,-1,-1
937,70,889,38,131,111,1.0,-1,-1,-1
938,70,889,39,131,111,1.0,-1,-1,-1
939,70,890,40,132,111,1.0,-1,-1,-1
940,70,890,40,132,111,1.0,-1,-1,-1
941,70,891,40,132,111,1.0,-1,-1,-1
942,70,891,41,132,111,1.0,-1,-1,-1
943,70,892,41,132,111,1.0,-1,-1,-1
944,70,892,42,132,111,1.0,-1,-1,-1
945,70,893,42,132,111,1.0,-1,-1,-1
946,70,893,43,132,111,1.0,-1,-1,-1
947,70,894,43,132,111,1.0,-1,-1,-1
948,70,895,44,132,111,1.0,-1,-1,-1
949,70,895,44,132,111,1.0,-1,-1,-1
950,70,896,45,132,111,1.0,-1,-1,-1
951,70,896,45,132,111,1.0,-1,-1,-1
952,70,897,45,132,111,1.0,-1,-1,-1
953,70,897,46,132,111,1.0,-1,-1,-1
954,70,898,46,132,111,1.0,-1,-1,-1
955,70,899,47,132,112,1.0,-1,-1,-1
956,70,899,47,132,112,1.0,-1,-1,-1
957,70,900,48,132,112,1.0,-1,-1,-1
958,70,900,48,132,112,1.0,-1,-1,-1
959,70,901,49,132,112,1.0,-1,-1,-1
960,70,901,49,132,112,1.0,-1,-1,-1
961,70,902,50,132,112,1.0,-1,-1,-1
962,70,902,50,132,112,1.0,-1,-1,-1
963,70,903,51,132,112,1.0,-1,-1,-1
964,70,904,51,132,112,1.0,-1,-1,-1
965,70,904,51,132,112,1.0,-1,-1,-1
966,70,905,52,132,112,1.0,-1,-1,-1
967,70,905,52,132,112,1.0,-1,-1,-1
968,70,906,53,132,112,1.0,-1,-1,-1
969,70,906,53,132,112,1.0,-1,-1,-1
970,70,907,54,132,112,1.0,-1,-1,-1
971,70,908,54,132,113,1.0,-1,-1,-1
972,70,908,55,132,113,1.0,-1,-1,-1
973,70,909,55,132,113,1.0,-1,-1,-1
974,70,909,56,132,113,1.0,-1,-1,-1
975,70,910,56,132,113,1.0,-1,-1,-1
976,70,910,56,132,113,1.0,-1,-1,-1
977,70,911,57,132,113,1.0,-1,-1,-1
978,70,911,57,132,113,1.0,-1,-1,-1
979,70,912,58,132,113,1.0,-1,-1,-1
980,70,913,58,132,113,1.0,-1,-1,-1
981,70,913,59,132,113,1.0,-1,-1,-1
982,70,914,59,132,113,1.0,-1,-1,-1
983,70,914,60,132,113,1.0,-1,-1,-1
984,70,915,60,132,113,1.0,-1,-1,-1
985,70,915,61,132,113,1.0,-1,-1,-1
986,70,916,61,132,113,1.0,-1,-1,-1
987,70,917,62,132,114,1.0,-1,-1,-1
988,70,917,62,131,114,1.0,-1,-1,-1
989,70,917,63,131,114,1.0,-1,-1,-1
990,70,917,63,131,114,1.0,-1,-1,-1
991,70,917,64,131,114,1.0,-1,-1,-1
992,70,917,65,131,114,1.0,-1,-1,-1
993,70,918,65,131,114,1.0,-1,-1,-1
994,70,918,66,131,114,1.0,-1,-1,-1
995,70,918,67,131,114,1.0,-1,-1,-1
996,70,918,67,131,114,1.0,-1,-1,-1
997,70,918,68,131,114,1.0,-1,-1,-1
998,70,918,69,131,114,1.0,-1,-1,-1
999,70,919,69,131,114,1.0,-1,-1,-1
1000,70,919,70,131,114,1.0,-1,-1,-1
1001,70,919,70,131,114,1.0,-1,-1,-1
1002,70,919,71,131,114,1.0,-1,-1,-1
1003,70,919,72,131,114,1.0,-1,-1,-1
1004,70,919,72,131,114,1.0,-1,-1,-1
1005,70,920,73,131,114,1.0,-1,-1,-1
1006,70,920,74,131,114,1.0,-1,-1,-1
1007,70,920,74,131,114,1.0,-1,-1,-1
1008,70,921,74,130,114,1.0,-1,-1,-1
1009,70,923,74,129,115,1.0,-1,-1,-1
1010,70,922,78,133,116,1.0,-1,-1,-1
1011,70,922,77,133,117,1.0,-1,-1,-1
1012,70,923,76,134,119,1.0,-1,-1,-1
1013,70,923,76,133,120,1.0,-1,-1,-1
1014,70,923,77,132,120,1.0,-1,-1,-1
1015,70,924,78,133,119,1.0,-1,-1,-1
1016,70,924,77,135,120,1.0,-1,-1,-1
1017,70,925,77,135,121,1.0,-1,-1,-1
1018,70,926,77,134,122,1.0,-1,-1,-1
1019,70,927,77,133,122,1.0,-1,-1,-1
1020,70,927,78,134,121,1.0,-1,-1,-1
1021,70,927,79,135,121,1.0,-1,-1,-1
1022,70,930,83,139,118,1.0,-1,-1,-1
1023,70,930,83,140,120,1.0,-1,-1,-1
1024,70,929,84,141,121,1.0,-1,-1,-1
1025,70,930,85,141,121,1.0,-1,-1,-1
1026,70,930,87,142,118,1.0,-1,-1,-1
1027,70,930,89,142,115,1.0,-1,-1,-1
1028,70,930,91,141,113,1.0,-1,-1,-1
1029,70,930,92,141,113,1.0,-1,-1,-1
1030,70,930,92,142,113,1.0,-1,-1,-1
1031,70,930,94,143,113,1.0,-1,-1,-1
1032,70,936,93,133,118,1.0,-1,-1,-1
1033,70,935,94,134,119,1.0,-1,-1,-1
1034,70,935,93,134,120,1.0,-1,-1,-1
1035,70,934,93,135,122,1.0,-1,-1,-1
1036,70,933,94,136,122,1.0,-1,-1,-1
1037,70,931,97,138,120,1.0,-1,-1,-1
1038,70,930,100,140,117,1.0,-1,-1,-1
1039,70,928,101,142,116,1.0,-1,-1,-1
1040,70,928,101,143,117,1.0,-1,-1,-1
1041,71,1221,627,485,445,1.0,-1,-1,-1
1041,70,927,101,143,120,1.0,-1,-1,-1
1042,71,1225,614,476,445,1.0,-1,-1,-1
1042,70,926,102,145,122,1.0,-1,-1,-1
1043,71,1227,599,471,443,1.0,-1,-1,-1
1043,70,925,103,146,122,1.0,-1,-1,-1
1044,71,1226,586,470,437,1.0,-1,-1,-1
1044,70,920,101,147,123,1.0,-1,-1,-1
1045,71,1221,580,471,421,1.0,-1,-1,-1
1045,70,920,102,146,121,1.0,-1,-1,-1
1046,71,1216,577,473,407,1.0,-1,-1,-1
1046,70,920,103,146,121,1.0,-1,-1,-1
1047,71,1211,575,473,395,1.0,-1,-1,-1
1047,70,920,104,146,121,1.0,-1,-1,-1
1048,71,1219,542,448,412,1.0,-1,-1,-1
1048,70,919,105,147,121,1.0,-1,-1,-1
1049,71,1212,538,446,410,1.0,-1,-1,-1
1049,70,917,105,148,119,1.0,-1,-1,-1
1050,71,1206,531,442,406,1.0,-1,-1,-1
1050,70,921,111,139,128,1.0,-1,-1,-1
1051,71,1201,525,437,403,1.0,-1,-1,-1
1051,70,919,110,140,130,1.0,-1,-1,-1
1052,71,1201,517,429,398,1.0,-1,-1,-1
1052,70,917,112,141,128,1.0,-1,-1,-1
1053,71,1197,507,427,399,1.0,-1,-1,-1
1053,70,915,112,142,129,1.0,-1,-1,-1
1054,71,1192,496,426,400,1.0,-1,-1,-1
1054,70,912,113,144,129,1.0,-1,-1,-1
1055,71,1184,485,430,397,1.0,-1,-1,-1
1055,70,910,114,146,129,1.0,-1,-1,-1
1056,71,1177,475,435,390,1.0,-1,-1,-1
1056,70,908,116,147,126,1.0,-1,-1,-1
1057,71,1173,464,438,381,1.0,-1,-1,-1
1057,70,906,118,147,125,1.0,-1,-1,-1
1058,71,1169,455,435,375,1.0,-1,-1,-1
1058,70,905,119,149,126,1.0,-1,-1,-1
1059,71,1185,454,402,352,1.0,-1,-1,-1
1059,70,904,120,148,126,1.0,-1,-1,-1
1060,71,1179,450,401,352,1.0,-1,-1,-1
1060,70,903,121,150,127,1.0,-1,-1,-1
1061,71,1176,449,398,350,1.0,-1,-1,-1
1061,70,901,121,152,129,1.0,-1,-1,-1
1062,71,1182,431,373,334,1.0,-1,-1,-1
1062,70,899,123,153,129,1.0,-1,-1,-1
1063,71,1178,427,369,335,1.0,-1,-1,-1
1063,70,897,124,154,131,1.0,-1,-1,-1
1064,71,1177,422,361,331,1.0,-1,-1,-1
1064,70,896,126,155,131,1.0,-1,-1,-1
1065,71,1173,415,359,330,1.0,-1,-1,-1
1065,70,894,126,156,136,1.0,-1,-1,-1
1066,71,1169,406,358,332,1.0,-1,-1,-1
1066,70,891,127,158,136,1.0,-1,-1,-1
1067,71,1161,399,362,331,1.0,-1,-1,-1
1067,70,889,127,159,139,1.0,-1,-1,-1
1068,71,1154,392,368,331,1.0,-1,-1,-1
1068,70,889,128,159,140,1.0,-1,-1,-1
1069,71,1149,388,372,329,1.0,-1,-1,-1
1069,70,887,129,160,141,1.0,-1,-1,-1
1070,71,1141,386,365,327,1.0,-1,-1,-1
1070,70,885,130,161,139,1.0,-1,-1,-1
1071,71,1139,363,359,330,1.0,-1,-1,-1
1071,70,884,131,162,138,1.0,-1,-1,-1
1072,71,1141,362,352,325,1.0,-1,-1,-1
1072,70,882,132,165,136,1.0,-1,-1,-1
1073,71,1142,360,342,316,1.0,-1,-1,-1
1073,70,881,132,165,135,1.0,-1,-1,-1
1074,71,1142,357,331,307,1.0,-1,-1,-1
1074,70,880,133,166,132,1.0,-1,-1,-1
1075,71,1140,351,325,305,1.0,-1,-1,-1
1075,70,881,133,164,132,1.0,-1,-1,-1
1076,71,1137,344,322,305,1.0,-1,-1,-1
1076,70,881,144,164,137,1.0,-1,-1,-1
1077,71,1136,338,320,304,1.0,-1,-1,-1
1077,70,879,143,166,140,1.0,-1,-1,-1
1078,71,1133,334,319,301,1.0,-1,-1,-1
1078,70,878,144,169,141,1.0,-1,-1,-1
1079,71,1133,332,316,298,1.0,-1,-1,-1
1079,70,877,146,171,141,1.0,-1,-1,-1
1080,71,1131,330,313,294,1.0,-1,-1,-1
1080,70,876,147,173,142,1.0,-1,-1,-1
1081,71,1129,326,309,295,1.0,-1,-1,-1
1081,70,875,147,176,145,1.0,-1,-1,-1
1082,71,1122,314,311,290,1.0,-1,-1,-1
1082,70,874,147,177,146,1.0,-1,-1,-1
1083,71,1121,310,306,289,1.0,-1,-1,-1
1083,70,869,149,176,147,1.0,-1,-1,-1
1084,71,1121,308,301,282,1.0,-1,-1,-1
1084,70,869,151,177,146,1.0,-1,-1,-1
1085,71,1122,305,298,274,1.0,-1,-1,-1
1085,70,868,153,178,148,1.0,-1,-1,-1
1086,71,1121,301,296,269,1.0,-1,-1,-1
1086,70,867,155,180,151,1.0,-1,-1,-1
1087,71,1119,296,296,268,1.0,-1,-1,-1
1087,70,865,157,183,150,1.0,-1,-1,-1
1088,71,1118,294,293,265,1.0,-1,-1,-1
1088,70,865,158,184,150,1.0,-1,-1,-1
1089,71,1118,290,290,262,1.0,-1,-1,-1
1089,70,864,159,184,147,1.0,-1,-1,-1
1090,71,1121,288,283,258,1.0,-1,-1,-1
1090,70,865,161,181,144,1.0,-1,-1,-1
1091,71,1112,283,279,256,1.0,-1,-1,-1
1091,70,865,162,181,142,1.0,-1,-1,-1
1092,71,1114,276,274,256,1.0,-1,-1,-1
1092,70,865,175,182,148,1.0,-1,-1,-1
1093,71,1113,270,272,259,1.0,-1,-1,-1
1093,70,862,173,187,154,1.0,-1,-1,-1
1094,71,1115,268,267,258,1.0,-1,-1,-1
1094,70,861,175,190,155,1.0,-1,-1,-1
1095,71,1111,261,267,250,1.0,-1,-1,-1
1095,70,862,177,188,156,1.0,-1,-1,-1
1096,71,1112,263,263,244,1.0,-1,-1,-1
1096,70,862,178,187,158,1.0,-1,-1,-1
1097,71,1111,262,261,238,1.0,-1,-1,-1
1097,70,862,177,186,163,1.0,-1,-1,-1
1098,71,1111,259,257,235,1.0,-1,-1,-1
1098,70,859,177,190,166,1.0,-1,-1,-1
1099,71,1109,254,258,233,1.0,-1,-1,-1
1099,70,856,178,193,169,1.0,-1,-1,-1
1100,71,1108,251,256,231,1.0,-1,-1,-1
1100,70,853,180,196,171,1.0,-1,-1,-1
1101,71,1105,248,256,228,1.0,-1,-1,-1
1101,70,851,181,197,174,1.0,-1,-1,-1
1102,71,1103,245,254,227,1.0,-1,-1,-1
1102,70,849,183,198,173,1.0,-1,-1,-1
1103,71,1101,242,249,225,1.0,-1,-1,-1
1103,70,846,185,201,171,1.0,-1,-1,-1
1104,71,1102,239,243,223,1.0,-1,-1,-1
1104,70,845,186,203,169,1.0,-1,-1,-1
1105,71,1101,236,237,219,1.0,-1,-1,-1
1105,70,845,188,203,168,1.0,-1,-1,-1
1106,71,1097,234,237,217,1.0,-1,-1,-1
1106,70,843,202,207,170,1.0,-1,-1,-1
1107,71,1091,232,238,214,1.0,-1,-1,-1
1107,70,842,204,204,170,1.0,-1,-1,-1
1108,71,1087,228,238,213,1.0,-1,-1,-1
1108,70,842,207,202,171,1.0,-1,-1,-1
1109,71,1086,224,235,213,1.0,-1,-1,-1
1109,70,842,207,201,174,1.0,-1,-1,-1
1110,71,1083,219,235,214,1.0,-1,-1,-1
1110,70,840,209,202,177,1.0,-1,-1,-1
1111,71,1081,217,235,212,1.0,-1,-1,-1
1111,70,837,211,206,179,1.0,-1,-1,-1
1112,71,1084,203,224,217,1.0,-1,-1,-1
1112,70,834,213,210,183,1.0,-1,-1,-1
1113,71,1083,204,218,213,1.0,-1,-1,-1
1113,70,831,214,213,184,1.0,-1,-1,-1
1114,71,1081,202,216,212,1.0,-1,-1,-1
1114,70,827,215,218,184,1.0,-1,-1,-1
1115,71,1080,201,217,209,1.0,-1,-1,-1
1115,70,826,217,220,181,1.0,-1,-1,-1
1116,71,1079,199,216,206,1.0,-1,-1,-1
1116,70,821,228,227,190,1.0,-1,-1,-1
1117,71,1078,197,216,203,1.0,-1,-1,-1
1117,70,821,229,225,192,1.0,-1,-1,-1
1118,71,1061,192,233,209,1.0,-1,-1,-1
1118,70,821,232,224,193,1.0,-1,-1,-1
1119,71,1060,189,232,206,1.0,-1,-1,-1
1119,70,821,235,224,192,1.0,-1,-1,-1
1120,71,1062,191,228,196,1.0,-1,-1,-1
1120,70,819,238,227,194,1.0,-1,-1,-1
1121,71,1061,189,226,196,1.0,-1,-1,-1
1121,70,815,242,232,193,1.0,-1,-1,-1
1122,71,1061,189,224,195,1.0,-1,-1,-1
1122,70,813,247,234,188,1.0,-1,-1,-1
1123,71,1060,182,221,184,1.0,-1,-1,-1
1123,70,811,244,234,219,1.0,-1,-1,-1
1124,71,1059,179,220,187,1.0,-1,-1,-1
1124,70,810,247,236,221,1.0,-1,-1,-1
1125,71,1061,177,214,189,1.0,-1,-1,-1
1125,70,809,251,237,223,1.0,-1,-1,-1
1126,71,1062,176,209,188,1.0,-1,-1,-1
1126,70,807,257,238,224,1.0,-1,-1,-1
1127,71,1064,174,203,186,1.0,-1,-1,-1
1127,70,805,262,239,226,1.0,-1,-1,-1
1128,71,1064,174,201,183,1.0,-1,-1,-1
1128,70,800,267,243,227,1.0,-1,-1,-1
1129,71,1063,173,198,179,1.0,-1,-1,-1
1129,70,796,269,249,229,1.0,-1,-1,-1
1130,71,1062,172,197,176,1.0,-1,-1,-1
1130,70,791,270,255,233,1.0,-1,-1,-1
1131,71,1062,170,194,175,1.0,-1,-1,-1
1131,70,790,287,257,221,1.0,-1,-1,-1
1132,71,1062,167,193,175,1.0,-1,-1,-1
1132,70,788,291,259,222,1.0,-1,-1,-1
1133,71,1061,164,192,178,1.0,-1,-1,-1
1133,70,782,298,267,222,1.0,-1,-1,-1
1134,71,1060,161,191,180,1.0,-1,-1,-1
1134,70,777,305,276,223,1.0,-1,-1,-1
1135,71,1061,159,190,180,1.0,-1,-1,-1
1135,70,772,310,280,226,1.0,-1,-1,-1
1136,71,1061,159,190,178,1.0,-1,-1,-1
1136,70,769,313,283,230,1.0,-1,-1,-1
1137,71,1064,148,188,182,1.0,-1,-1,-1
1137,70,767,315,284,234,1.0,-1,-1,-1
1138,71,1064,148,187,180,1.0,-1,-1,-1
1138,70,762,318,291,239,1.0,-1,-1,-1
1139,71,1065,148,185,177,1.0,-1,-1,-1
1139,70,760,322,295,247,1.0,-1,-1,-1
1140,71,1065,147,184,175,1.0,-1,-1,-1
1140,70,755,326,299,255,1.0,-1,-1,-1
1141,71,1067,146,182,172,1.0,-1,-1,-1
1141,70,752,327,300,262,1.0,-1,-1,-1
1142,71,1067,145,181,170,1.0,-1,-1,-1
1142,70,748,338,303,266,1.0,-1,-1,-1
1143,71,1067,143,181,168,1.0,-1,-1,-1
1143,70,744,340,307,269,1.0,-1,-1,-1
1144,71,1068,143,182,166,1.0,-1,-1,-1
1144,70,740,343,309,275,1.0,-1,-1,-1
1145,71,1068,141,181,166,1.0,-1,-1,-1
1145,70,737,349,310,274,1.0,-1,-1,-1
1146,71,1069,140,181,166,1.0,-1,-1,-1
1146,70,733,358,296,276,1.0,-1,-1,-1
1147,71,1069,138,181,165,1.0,-1,-1,-1
1147,70,729,364,300,280,1.0,-1,-1,-1
1148,71,1069,137,181,165,1.0,-1,-1,-1
1148,70,723,371,306,283,1.0,-1,-1,-1
1149,71,1069,136,181,164,1.0,-1,-1,-1
1149,70,719,376,310,289,1.0,-1,-1,-1
1150,71,1070,134,179,164,1.0,-1,-1,-1
1150,70,710,378,322,298,1.0,-1,-1,-1
1151,71,1072,134,177,164,1.0,-1,-1,-1
1151,70,694,396,337,297,1.0,-1,-1,-1
1152,71,1073,133,175,162,1.0,-1,-1,-1
1152,70,688,400,339,299,1.0,-1,-1,-1
1153,71,1075,134,173,159,1.0,-1,-1,-1
1153,70,681,407,342,300,1.0,-1,-1,-1
1154,71,1076,134,172,157,1.0,-1,-1,-1
1154,70,675,417,345,302,1.0,-1,-1,-1
1155,71,1078,134,171,155,1.0,-1,-1,-1
1155,70,668,426,348,309,1.0,-1,-1,-1
1156,71,1080,122,171,163,1.0,-1,-1,-1
1156,70,658,434,355,319,1.0,-1,-1,-1
1157,71,1081,121,170,163,1.0,-1,-1,-1
1157,70,646,439,363,327,1.0,-1,-1,-1
1158,71,1082,121,169,163,1.0,-1,-1,-1
1158,70,636,453,374,334,1.0,-1,-1,-1
1159,71,1083,121,168,163,1.0,-1,-1,-1
1159,70,616,462,377,325,1.0,-1,-1,-1
1160,71,1084,120,166,162,1.0,-1,-1,-1
1160,70,609,469,382,331,1.0,-1,-1,-1
1161,71,1084,120,165,160,1.0,-1,-1,-1
1161,72,1131,676,466,400,1.0,-1,-1,-1
1161,70,599,482,384,331,1.0,-1,-1,-1
1162,71,1084,121,166,158,1.0,-1,-1,-1
1162,72,1137,658,459,401,1.0,-1,-1,-1
1162,70,568,475,440,364,1.0,-1,-1,-1
1163,71,1085,121,166,156,1.0,-1,-1,-1
1163,72,1142,637,450,407,1.0,-1,-1,-1
1163,70,557,483,432,376,1.0,-1,-1,-1
1164,71,1088,121,165,153,1.0,-1,-1,-1
1164,72,1146,622,446,405,1.0,-1,-1,-1
1164,70,549,492,424,386,1.0,-1,-1,-1
1165,71,1089,120,165,151,1.0,-1,-1,-1
1165,72,1148,610,442,396,1.0,-1,-1,-1
1165,70,541,505,422,391,1.0,-1,-1,-1
1166,71,1090,119,165,148,1.0,-1,-1,-1
1166,72,1151,602,436,383,1.0,-1,-1,-1
1166,70,532,518,428,397,1.0,-1,-1,-1
1167,71,1091,118,164,146,1.0,-1,-1,-1
1167,72,1154,596,425,365,1.0,-1,-1,-1
1167,70,509,551,433,383,1.0,-1,-1,-1
1168,71,1093,118,163,142,1.0,-1,-1,-1
1168,72,1155,563,425,376,1.0,-1,-1,-1
1168,70,491,558,449,385,1.0,-1,-1,-1
1169,71,1094,117,162,140,1.0,-1,-1,-1
1169,72,1154,556,420,370,1.0,-1,-1,-1
1169,70,460,585,453,390,1.0,-1,-1,-1
1170,71,1095,117,162,139,1.0,-1,-1,-1
1170,72,1168,566,378,327,1.0,-1,-1,-1
1170,70,431,595,465,400,1.0,-1,-1,-1
1171,71,1095,115,162,139,1.0,-1,-1,-1
1171,72,1166,549,373,334,1.0,-1,-1,-1
1171,70,404,608,468,409,1.0,-1,-1,-1
1172,71,1097,113,160,141,1.0,-1,-1,-1
1172,72,1164,533,367,342,1.0,-1,-1,-1
1172,70,380,620,474,420,1.0,-1,-1,-1
1173,71,1098,110,158,144,1.0,-1,-1,-1
1173,72,1162,525,364,341,1.0,-1,-1,-1
1173,70,358,634,490,423,1.0,-1,-1,-1
1174,71,1100,107,156,147,1.0,-1,-1,-1
1174,72,1155,507,366,328,1.0,-1,-1,-1
1174,70,318,649,494,429,1.0,-1,-1,-1
1175,71,1101,104,156,150,1.0,-1,-1,-1
1175,72,1136,496,373,320,1.0,-1,-1,-1
1175,70,275,663,527,415,1.0,-1,-1,-1
1176,71,1101,102,156,150,1.0,-1,-1,-1
1176,72,1140,482,362,318,1.0,-1,-1,-1
1177,71,1102,101,154,151,1.0,-1,-1,-1
1177,72,1141,471,355,315,1.0,-1,-1,-1
1178,71,1104,101,151,150,1.0,-1,-1,-1
1178,72,1140,465,351,312,1.0,-1,-1,-1
1179,71,1105,99,156,150,1.0,-1,-1,-1
1179,72,1139,446,341,311,1.0,-1,-1,-1
1180,71,1106,100,154,148,1.0,-1,-1,-1
1180,72,1136,444,335,299,1.0,-1,-1,-1
1181,71,1107,100,153,148,1.0,-1,-1,-1
1181,72,1132,438,330,290,1.0,-1,-1,-1
1182,71,1107,99,153,148,1.0,-1,-1,-1
1182,72,1127,430,328,285,1.0,-1,-1,-1
1183,71,1108,96,151,143,1.0,-1,-1,-1
1183,72,1124,419,321,285,1.0,-1,-1,-1
1184,71,1109,97,150,141,1.0,-1,-1,-1
1184,72,1122,411,314,286,1.0,-1,-1,-1
1185,71,1111,97,147,139,1.0,-1,-1,-1
1185,72,1119,406,309,284,1.0,-1,-1,-1
1186,71,1112,98,145,137,1.0,-1,-1,-1
1186,72,1114,389,307,286,1.0,-1,-1,-1
1187,71,1113,99,143,135,1.0,-1,-1,-1
1187,72,1114,389,300,274,1.0,-1,-1,-1
1188,71,1114,99,143,133,1.0,-1,-1,-1
1188,72,1115,386,293,263,1.0,-1,-1,-1
1189,71,1115,98,142,132,1.0,-1,-1,-1
1189,72,1103,388,298,246,1.0,-1,-1,-1
1190,71,1117,97,140,133,1.0,-1,-1,-1
1190,72,1102,381,292,243,1.0,-1,-1,-1
1191,71,1119,96,139,134,1.0,-1,-1,-1
1191,72,1100,372,288,243,1.0,-1,-1,-1
1192,71,1120,95,139,134,1.0,-1,-1,-1
1192,72,1098,362,284,245,1.0,-1,-1,-1
1193,71,1120,94,140,134,1.0,-1,-1,-1
1193,72,1098,354,280,246,1.0,-1,-1,-1
1194,71,1120,92,140,134,1.0,-1,-1,-1
1194,72,1095,350,277,244,1.0,-1,-1,-1
1195,71,1121,91,139,134,1.0,-1,-1,-1
1195,72,1092,336,275,243,1.0,-1,-1,-1
1196,71,1121,89,139,134,1.0,-1,-1,-1
1196,72,1089,334,269,237,1.0,-1,-1,-1
1197,71,1120,88,139,134,1.0,-1,-1,-1
1197,72,1089,329,264,235,1.0,-1,-1,-1
1198,71,1120,87,138,134,1.0,-1,-1,-1
1198,72,1084,323,264,233,1.0,-1,-1,-1
1199,71,1120,85,138,135,1.0,-1,-1,-1
1199,72,1080,317,264,231,1.0,-1,-1,-1
1200,71,1121,84,138,135,1.0,-1,-1,-1
1200,72,1077,314,260,227,1.0,-1,-1,-1
1201,71,1121,83,139,136,1.0,-1,-1,-1
1201,72,1074,309,255,227,1.0,-1,-1,-1
1202,71,1121,82,138,136,1.0,-1,-1,-1
1202,72,1069,303,253,225,1.0,-1,-1,-1
1203,71,1121,81,138,137,1.0,-1,-1,-1
1203,72,1067,298,249,224,1.0,-1,-1,-1
1204,71,1121,80,137,137,1.0,-1,-1,-1
1204,72,1067,293,243,222,1.0,-1,-1,-1
1205,71,1122,80,136,137,1.0,-1,-1,-1
1205,72,1060,291,238,214,1.0,-1,-1,-1
1206,71,1122,80,136,136,1.0,-1,-1,-1
1206,72,1076,270,220,226,1.0,-1,-1,-1
1207,71,1121,80,136,135,1.0,-1,-1,-1
1207,72,1063,269,229,222,1.0,-1,-1,-1
1208,71,1119,80,137,135,1.0,-1,-1,-1
1208,72,1064,266,226,219,1.0,-1,-1,-1
1209,71,1118,79,137,135,1.0,-1,-1,-1
1209,72,1063,266,228,207,1.0,-1,-1,-1
1210,71,1118,79,137,134,1.0,-1,-1,-1
1210,72,1063,266,228,202,1.0,-1,-1,-1
1211,71,1118,79,136,134,1.0,-1,-1,-1
1211,72,1064,254,223,215,1.0,-1,-1,-1
1212,71,1118,78,135,133,1.0,-1,-1,-1
1212,72,1063,247,223,212,1.0,-1,-1,-1
1213,71,1116,82,139,125,1.0,-1,-1,-1
1213,72,1063,240,222,212,1.0,-1,-1,-1
1214,71,1116,82,138,124,1.0,-1,-1,-1
1214,72,1065,240,214,204,1.0,-1,-1,-1
1215,71,1116,82,138,123,1.0,-1,-1,-1
1215,72,1067,237,209,204,1.0,-1,-1,-1
1216,71,1116,82,138,122,1.0,-1,-1,-1
1216,72,1068,236,205,198,1.0,-1,-1,-1
1217,71,1111,80,134,124,1.0,-1,-1,-1
1217,72,1069,236,202,190,1.0,-1,-1,-1
1218,71,1111,80,133,122,1.0,-1,-1,-1
1218,72,1069,234,202,187,1.0,-1,-1,-1
1219,71,1110,79,133,123,1.0,-1,-1,-1
1219,72,1066,231,203,186,1.0,-1,-1,-1
1220,71,1109,78,136,124,1.0,-1,-1,-1
1220,72,1063,228,204,186,1.0,-1,-1,-1
1221,71,1111,74,136,131,1.0,-1,-1,-1
1221,72,1063,216,202,191,1.0,-1,-1,-1
1222,71,1112,73,134,131,1.0,-1,-1,-1
1222,72,1064,213,197,191,1.0,-1,-1,-1
1223,71,1107,78,138,121,1.0,-1,-1,-1
1223,72,1064,209,194,191,1.0,-1,-1,-1
1224,71,1107,78,137,118,1.0,-1,-1,-1
1224,72,1065,207,190,189,1.0,-1,-1,-1
1225,71,1107,79,136,117,1.0,-1,-1,-1
1225,72,1065,206,190,183,1.0,-1,-1,-1
1226,71,1107,79,136,117,1.0,-1,-1,-1
1226,72,1065,204,189,179,1.0,-1,-1,-1
1227,71,1105,78,135,117,1.0,-1,-1,-1
1227,72,1065,203,189,175,1.0,-1,-1,-1
1228,71,1104,78,135,118,1.0,-1,-1,-1
1228,72,1065,202,188,173,1.0,-1,-1,-1
1229,71,1104,78,135,118,1.0,-1,-1,-1
1229,72,1065,201,188,171,1.0,-1,-1,-1
1230,71,1104,78,134,118,1.0,-1,-1,-1
1230,72,1065,200,187,169,1.0,-1,-1,-1
1231,71,1105,78,134,117,1.0,-1,-1,-1
1231,72,1070,191,184,172,1.0,-1,-1,-1
1232,71,1104,69,134,121,1.0,-1,-1,-1
1232,72,1070,190,182,171,1.0,-1,-1,-1
1233,71,1104,70,133,120,1.0,-1,-1,-1
1233,72,1072,189,179,170,1.0,-1,-1,-1
1234,71,1103,70,134,120,1.0,-1,-1,-1
1234,72,1072,186,177,168,1.0,-1,-1,-1
1235,71,1101,69,135,121,1.0,-1,-1,-1
1235,72,1074,183,175,165,1.0,-1,-1,-1
1236,71,1100,68,136,122,1.0,-1,-1,-1
1236,72,1075,180,176,162,1.0,-1,-1,-1
1237,71,1099,69,136,120,1.0,-1,-1,-1
1237,72,1077,179,173,157,1.0,-1,-1,-1
1238,71,1099,70,135,118,1.0,-1,-1,-1
1238,72,1078,180,171,153,1.0,-1,-1,-1
1239,71,1099,70,133,115,1.0,-1,-1,-1
1239,72,1080,180,167,148,1.0,-1,-1,-1
1240,71,1099,70,132,115,1.0,-1,-1,-1
1240,72,1080,179,167,147,1.0,-1,-1,-1
1241,71,1098,69,132,116,1.0,-1,-1,-1
1241,72,1081,179,164,144,1.0,-1,-1,-1
1242,71,1097,68,132,117,1.0,-1,-1,-1
1242,72,1081,179,164,142,1.0,-1,-1,-1
1243,71,1096,68,133,118,1.0,-1,-1,-1
1243,72,1082,180,162,140,1.0,-1,-1,-1
1244,71,1095,68,133,118,1.0,-1,-1,-1
1244,72,1080,163,166,150,1.0,-1,-1,-1
1245,71,1094,67,134,119,1.0,-1,-1,-1
1245,72,1082,162,163,151,1.0,-1,-1,-1
1246,71,1093,67,134,119,1.0,-1,-1,-1
1246,72,1083,159,161,155,1.0,-1,-1,-1
1247,71,1093,66,135,120,1.0,-1,-1,-1
1247,72,1083,160,160,151,1.0,-1,-1,-1
1248,71,1092,66,135,120,1.0,-1,-1,-1
1248,72,1082,158,161,148,1.0,-1,-1,-1
1249,71,1091,65,136,121,1.0,-1,-1,-1
1249,72,1082,156,160,145,1.0,-1,-1,-1
1250,71,1091,65,136,121,1.0,-1,-1,-1
1250,72,1082,153,160,144,1.0,-1,-1,-1
1251,71,1090,64,137,122,1.0,-1,-1,-1
1251,72,1082,151,158,144,1.0,-1,-1,-1
1252,71,1089,64,137,122,1.0,-1,-1,-1
1252,72,1082,149,156,144,1.0,-1,-1,-1
1253,71,1088,63,138,123,1.0,-1,-1,-1
1253,72,1082,149,153,142,1.0,-1,-1,-1
1254,71,1088,63,138,123,1.0,-1,-1,-1
1254,72,1082,148,151,141,1.0,-1,-1,-1
1255,71,1087,62,139,124,1.0,-1,-1,-1
1255,72,1082,148,149,139,1.0,-1,-1,-1
1256,71,1086,62,139,124,1.0,-1,-1,-1
1256,72,1082,145,147,140,1.0,-1,-1,-1
1257,71,1086,61,140,125,1.0,-1,-1,-1
1257,72,1082,144,146,139,1.0,-1,-1,-1
1258,71,1085,61,140,125,1.0,-1,-1,-1
1258,72,1082,141,144,142,1.0,-1,-1,-1
1259,71,1084,60,141,126,1.0,-1,-1,-1
1259,72,1081,140,145,142,1.0,-1,-1,-1
1260,71,1084,60,142,127,1.0,-1,-1,-1
1260,72,1080,140,145,142,1.0,-1,-1,-1
1261,72,1080,133,144,139,1.0,-1,-1,-1
1262,72,1079,135,143,135,1.0,-1,-1,-1
1263,72,1079,135,142,133,1.0,-1,-1,-1
1264,71,1082,58,142,127,1.0,-1,-1,-1
1264,72,1078,137,142,129,1.0,-1,-1,-1
1265,71,1082,58,142,127,1.0,-1,-1,-1
1265,72,1078,136,142,127,1.0,-1,-1,-1
1266,72,1077,135,141,126,1.0,-1,-1,-1
1267,72,1078,133,140,126,1.0,-1,-1,-1
1268,72,1077,130,140,126,1.0,-1,-1,-1
1269,72,1076,128,141,126,1.0,-1,-1,-1
1270,72,1077,126,140,125,1.0,-1,-1,-1
1271,72,1077,125,140,125,1.0,-1,-1,-1
1272,72,1070,123,143,126,1.0,-1,-1,-1
1273,72,1070,122,142,125,1.0,-1,-1,-1
1274,72,1071,121,142,126,1.0,-1,-1,-1
1275,72,1071,119,142,126,1.0,-1,-1,-1
1276,72,1071,118,141,126,1.0,-1,-1,-1
1277,72,1071,117,141,125,1.0,-1,-1,-1
1278,72,1071,116,141,125,1.0,-1,-1,-1
1279,72,1072,114,141,125,1.0,-1,-1,-1
1280,72,1072,113,141,125,1.0,-1,-1,-1
1281,72,1072,112,140,125,1.0,-1,-1,-1
1282,72,1072,111,140,125,1.0,-1,-1,-1
1283,72,1072,109,140,124,1.0,-1,-1,-1
1284,72,1072,108,140,124,1.0,-1,-1,-1
1285,72,1073,107,140,124,1.0,-1,-1,-1
1286,72,1073,106,140,124,1.0,-1,-1,-1
1287,72,1073,104,139,124,1.0,-1,-1,-1
1288,72,1073,103,139,123,1.0,-1,-1,-1
1289,72,1073,102,139,123,1.0,-1,-1,-1
1290,72,1073,101,139,123,1.0,-1,-1,-1
1291,72,1073,99,139,123,1.0,-1,-1,-1
1292,72,1074,98,139,123,1.0,-1,-1,-1
1293,72,1074,97,138,122,1.0,-1,-1,-1
1294,72,1074,96,138,122,1.0,-1,-1,-1
1295,72,1074,94,138,122,1.0,-1,-1,-1
1296,72,1074,93,138,122,1.0,-1,-1,-1
1297,72,1074,92,138,122,1.0,-1,-1,-1
1298,72,1075,91,138,122,1.0,-1,-1,-1
1299,72,1075,90,137,121,1.0,-1,-1,-1
1300,72,1075,89,136,121,1.0,-1,-1,-1
1301,72,1076,89,136,121,1.0,-1,-1,-1
1302,72,1076,88,135,120,1.0,-1,-1,-1
1303,72,1076,88,135,120,1.0,-1,-1,-1
1304,72,1077,87,134,120,1.0,-1,-1,-1
1305,72,1077,87,134,119,1.0,-1,-1,-1
1306,72,1078,86,133,119,1.0,-1,-1,-1
1307,72,1078,85,133,119,1.0,-1,-1,-1
1308,72,1078,85,132,118,1.0,-1,-1,-1
1309,72,1079,84,132,118,1.0,-1,-1,-1
1310,72,1079,84,131,118,1.0,-1,-1,-1
1311,72,1080,83,131,117,1.0,-1,-1,-1
1312,72,1080,83,130,117,1.0,-1,-1,-1
1313,72,1080,82,129,117,1.0,-1,-1,-1
1314,72,1081,81,129,116,1.0,-1,-1,-1
1315,72,1081,81,128,116,1.0,-1,-1,-1
1316,72,1082,80,128,116,1.0,-1,-1,-1
1317,72,1082,80,127,115,1.0,-1,-1,-1
1318,72,1082,79,127,115,1.0,-1,-1,-1
1319,72,1083,79,126,115,1.0,-1,-1,-1
1320,72,1083,78,126,114,1.0,-1,-1,-1
1321,72,1084,77,125,114,1.0,-1,-1,-1
1322,72,1084,77,125,114,1.0,-1,-1,-1
1323,72,1084,76,124,113,1.0,-1,-1,-1
1324,72,1085,76,124,113,1.0,-1,-1,-1
1325,72,1085,75,123,113,1.0,-1,-1,-1
1326,72,1086,75,123,113,1.0,-1,-1,-1
1327,72,1085,74,123,112,1.0,-1,-1,-1
1328,72,1085,74,123,112,1.0,-1,-1,-1
1329,72,1085,74,123,112,1.0,-1,-1,-1
1330,72,1085,74,123,112,1.0,-1,-1,-1
1331,72,1085,74,123,112,1.0,-1,-1,-1
1332,72,1084,74,123,112,1.0,-1,-1,-1
1333,72,1084,74,123,112,1.0,-1,-1,-1
1334,72,1084,74,123,112,1.0,-1,-1,-1
1335,72,1084,74,123,112,1.0,-1,-1,-1
1336,72,1084,74,124,112,1.0,-1,-1,-1
1337,72,1084,74,124,112,1.0,-1,-1,-1
1338,72,1083,74,124,112,1.0,-1,-1,-1
1339,72,1083,74,124,112,1.0,-1,-1,-1
1340,72,1083,74,124,112,1.0,-1,-1,-1
1341,72,1083,74,124,112,1.0,-1,-1,-1
1342,72,1083,74,124,112,1.0,-1,-1,-1
1343,72,1083,74,124,112,1.0,-1,-1,-1
1344,72,1082,74,124,112,1.0,-1,-1,-1
1345,71,1021,20,127,113,1.0,-1,-1,-1
1345,72,1082,74,124,112,1.0,-1,-1,-1
1346,71,1019,18,127,113,1.0,-1,-1,-1
1346,72,1082,74,125,112,1.0,-1,-1,-1
1347,71,1017,17,127,114,1.0,-1,-1,-1
1347,72,1082,74,125,112,1.0,-1,-1,-1
1348,71,1015,16,127,114,1.0,-1,-1,-1
1348,72,1082,74,125,112,1.0,-1,-1,-1
1349,71,1013,14,127,114,1.0,-1,-1,-1
1349,72,1082,74,125,112,1.0,-1,-1,-1
1350,71,1011,13,127,114,1.0,-1,-1,-1
1350,72,1081,74,125,112,1.0,-1,-1,-1
1351,71,1009,12,127,115,1.0,-1,-1,-1
1351,72,1081,74,125,112,1.0,-1,-1,-1
1352,71,1007,10,127,115,1.0,-1,-1,-1
1352,72,1081,74,125,112,1.0,-1,-1,-1
1353,71,1005,9,127,115,1.0,-1,-1,-1
1353,72,1081,74,125,112,1.0,-1,-1,-1
1354,71,1003,8,127,116,1.0,-1,-1,-1
1354,72,1081,74,125,112,1.0,-1,-1,-1
1355,71,1001,6,126,116,1.0,-1,-1,-1
1355,72,1081,74,126,112,1.0,-1,-1,-1
1356,71,999,5,126,116,1.0,-1,-1,-1
1356,72,1081,74,126,112,1.0,-1,-1,-1
1357,71,997,3,126,116,1.0,-1,-1,-1
1357,72,1081,74,126,112,1.0,-1,-1,-1
1358,71,995,2,126,117,1.0,-1,-1,-1
1358,72,1081,74,126,112,1.0,-1,-1,-1
1359,71,993,1,126,117,1.0,-1,-1,-1
1359,72,1081,74,126,112,1.0,-1,-1,-1
1360,71,991,0,126,117,1.0,-1,-1,-1
1360,72,1081,74,126,112,1.0,-1,-1,-1
1361,71,989,0,126,117,1.0,-1,-1,-1
1361,72,1081,74,126,112,1.0,-1,-1,-1
1362,71,987,0,126,118,1.0,-1,-1,-1
1362,72,1081,74,126,112,1.0,-1,-1,-1
1363,71,985,0,126,118,1.0,-1,-1,-1
1363,72,1081,74,126,112,1.0,-1,-1,-1
1364,71,983,0,126,118,1.0,-1,-1,-1
1364,72,1081,74,126,112,1.0,-1,-1,-1
1365,71,982,0,126,119,1.0,-1,-1,-1
1365,72,1081,74,126,112,1.0,-1,-1,-1
1366,71,980,0,125,118,1.0,-1,-1,-1
1366,72,1081,74,126,112,1.0,-1,-1,-1
1367,71,979,0,124,117,1.0,-1,-1,-1
1367,72,1081,74,126,112,1.0,-1,-1,-1
1368,71,977,0,124,116,1.0,-1,-1,-1
1368,72,1081,74,126,112,1.0,-1,-1,-1
1369,71,976,0,123,115,1.0,-1,-1,-1
1369,72,1081,74,126,112,1.0,-1,-1,-1
1370,71,974,0,123,114,1.0,-1,-1,-1
1370,72,1081,74,126,112,1.0,-1,-1,-1
1371,71,973,0,122,113,1.0,-1,-1,-1
1371,72,1081,74,126,112,1.0,-1,-1,-1
1372,72,1081,74,126,112,1.0,-1,-1,-1
1373,72,1081,74,126,112,1.0,-1,-1,-1
1374,72,1081,74,126,112,1.0,-1,-1,-1
1375,72,1081,74,126,112,1.0,-1,-1,-1
1376,72,1081,74,126,112,1.0,-1,-1,-1
1377,72,1081,74,126,112,1.0,-1,-1,-1
1378,72,1081,74,126,112,1.0,-1,-1,-1
1379,72,1081,74,126,112,1.0,-1,-1,-1
1380,72,1081,74,126,112,1.0,-1,-1,-1
1381,72,1081,74,126,112,1.0,-1,-1,-1
1382,72,1081,74,126,112,1.0,-1,-1,-1
1383,72,1081,74,126,112,1.0,-1,-1,-1
1384,72,1081,74,126,112,1.0,-1,-1,-1
1385,72,1081,74,126,112,1.0,-1,-1,-1
1386,72,1081,74,126,112,1.0,-1,-1,-1
1387,72,1081,74,126,112,1.0,-1,-1,-1
1388,72,1081,74,126,112,1.0,-1,-1,-1
1389,72,1081,74,126,112,1.0,-1,-1,-1
1390,72,1081,74,126,112,1.0,-1,-1,-1
1391,72,1081,74,126,112,1.0,-1,-1,-1
1392,72,1081,74,126,112,1.0,-1,-1,-1
1392,73,705,65,211,117,1.0,-1,-1,-1
1393,72,1081,74,126,112,1.0,-1,-1,-1
1393,73,721,66,207,115,1.0,-1,-1,-1
1394,72,1081,74,126,112,1.0,-1,-1,-1
1394,73,737,67,203,114,1.0,-1,-1,-1
1395,72,1081,74,126,112,1.0,-1,-1,-1
1395,73,754,68,200,112,1.0,-1,-1,-1
1396,72,1081,74,126,112,1.0,-1,-1,-1
1396,73,770,69,196,111,1.0,-1,-1,-1
1397,72,1081,74,126,112,1.0,-1,-1,-1
1397,73,786,70,192,109,1.0,-1,-1,-1
1398,72,1081,74,126,112,1.0,-1,-1,-1
1398,73,803,71,189,108,1.0,-1,-1,-1
1399,72,1081,74,126,112,1.0,-1,-1,-1
1399,73,810,71,185,107,1.0,-1,-1,-1
1400,72,1081,74,126,112,1.0,-1,-1,-1
1400,73,817,71,182,107,1.0,-1,-1,-1
1401,72,1081,74,126,112,1.0,-1,-1,-1
1401,73,824,72,179,107,1.0,-1,-1,-1
1402,72,1081,74,126,112,1.0,-1,-1,-1
1402,73,831,72,176,107,1.0,-1,-1,-1
1403,72,1081,74,126,112,1.0,-1,-1,-1
1403,73,838,73,172,107,1.0,-1,-1,-1
1404,72,1081,74,126,112,1.0,-1,-1,-1
1404,73,845,73,169,107,1.0,-1,-1,-1
1405,72,1081,74,126,112,1.0,-1,-1,-1
1405,73,852,74,166,107,1.0,-1,-1,-1
1406,72,1081,74,126,112,1.0,-1,-1,-1
1406,73,859,74,163,107,1.0,-1,-1,-1
1407,72,1081,74,126,112,1.0,-1,-1,-1
1407,73,866,74,159,107,1.0,-1,-1,-1
1408,72,1081,74,126,112,1.0,-1,-1,-1
1408,73,873,75,156,107,1.0,-1,-1,-1
1409,72,1081,74,126,112,1.0,-1,-1,-1
1409,73,880,75,153,107,1.0,-1,-1,-1
1410,72,1080,73,127,112,1.0,-1,-1,-1
1410,73,887,76,150,107,1.0,-1,-1,-1
1411,72,1080,72,128,113,1.0,-1,-1,-1
1411,73,894,76,146,107,1.0,-1,-1,-1
1412,72,1079,72,129,113,1.0,-1,-1,-1
1412,73,901,77,143,107,1.0,-1,-1,-1
1413,72,1079,71,130,114,1.0,-1,-1,-1
1413,73,908,77,140,107,1.0,-1,-1,-1
1414,72,1078,70,131,115,1.0,-1,-1,-1
1414,73,915,78,137,107,1.0,-1,-1,-1
1415,72,1078,70,132,115,1.0,-1,-1,-1
1415,73,915,78,136,108,1.0,-1,-1,-1
1416,72,1077,69,133,116,1.0,-1,-1,-1
1416,73,916,78,135,109,1.0,-1,-1,-1
1417,72,1077,69,134,117,1.0,-1,-1,-1
1417,73,917,79,134,110,1.0,-1,-1,-1
1418,72,1076,68,133,116,1.0,-1,-1,-1
1418,73,918,79,133,111,1.0,-1,-1,-1
1419,72,1075,68,133,116,1.0,-1,-1,-1
1419,73,919,79,133,112,1.0,-1,-1,-1
1420,72,1075,68,133,115,1.0,-1,-1,-1
1420,73,920,80,132,113,1.0,-1,-1,-1
1421,72,1074,68,132,115,1.0,-1,-1,-1
1421,73,921,80,131,114,1.0,-1,-1,-1
1422,72,1074,68,132,115,1.0,-1,-1,-1
1422,73,922,80,130,115,1.0,-1,-1,-1
1423,72,1073,67,132,114,1.0,-1,-1,-1
1423,73,921,81,131,116,1.0,-1,-1,-1
1424,72,1073,67,131,114,1.0,-1,-1,-1
1424,73,920,81,131,116,1.0,-1,-1,-1
1425,72,1072,67,131,114,1.0,-1,-1,-1
1425,73,919,82,132,115,1.0,-1,-1,-1
1426,72,1072,67,131,113,1.0,-1,-1,-1
1426,73,918,83,133,116,1.0,-1,-1,-1
1427,72,1071,67,131,113,1.0,-1,-1,-1
1427,73,917,84,134,116,1.0,-1,-1,-1
1428,72,1070,67,130,113,1.0,-1,-1,-1
1428,73,915,85,135,117,1.0,-1,-1,-1
1429,72,1070,66,130,112,1.0,-1,-1,-1
1429,73,914,86,135,117,1.0,-1,-1,-1
1430,72,1069,66,130,112,1.0,-1,-1,-1
1430,73,914,87,135,117,1.0,-1,-1,-1
1431,72,1069,66,129,112,1.0,-1,-1,-1
1431,73,914,89,135,118,1.0,-1,-1,-1
1432,72,1068,66,129,111,1.0,-1,-1,-1
1432,73,913,89,136,119,1.0,-1,-1,-1
1433,72,1068,66,129,111,1.0,-1,-1,-1
1433,73,912,90,136,118,1.0,-1,-1,-1
1434,72,1067,65,129,110,1.0,-1,-1,-1
1434,73,911,91,137,117,1.0,-1,-1,-1
1435,72,1067,65,128,110,1.0,-1,-1,-1
1435,73,911,92,137,116,1.0,-1,-1,-1
1436,72,1066,65,128,110,1.0,-1,-1,-1
1436,73,910,93,138,116,1.0,-1,-1,-1
1437,72,1065,65,128,109,1.0,-1,-1,-1
1437,73,910,94,138,116,1.0,-1,-1,-1
1438,72,1065,65,127,109,1.0,-1,-1,-1
1438,73,909,95,139,116,1.0,-1,-1,-1
1439,72,1064,65,127,109,1.0,-1,-1,-1
1439,73,909,96,139,115,1.0,-1,-1,-1
1440,72,1064,64,127,108,1.0,-1,-1,-1
1440,73,909,97,139,115,1.0,-1,-1,-1
1441,73,909,98,139,114,1.0,-1,-1,-1
1442,73,910,100,139,114,1.0,-1,-1,-1
1443,73,909,101,140,115,1.0,-1,-1,-1
1444,73,909,102,140,116,1.0,-1,-1,-1
1445,73,909,104,140,116,1.0,-1,-1,-1
1446,73,908,106,141,116,1.0,-1,-1,-1
1447,73,909,106,140,117,1.0,-1,-1,-1
1448,73,910,106,139,118,1.0,-1,-1,-1
1449,73,910,107,138,118,1.0,-1,-1,-1
1450,73,911,107,137,118,1.0,-1,-1,-1
1451,73,910,108,137,119,1.0,-1,-1,-1
1452,73,910,107,137,119,1.0,-1,-1,-1
1453,73,910,108,137,119,1.0,-1,-1,-1
1454,73,906,108,144,134,1.0,-1,-1,-1
1455,73,906,107,144,136,1.0,-1,-1,-1
1456,73,906,108,144,137,1.0,-1,-1,-1
1457,73,906,110,144,136,1.0,-1,-1,-1
1458,73,906,112,145,136,1.0,-1,-1,-1
1459,73,905,115,145,133,1.0,-1,-1,-1
1460,73,905,117,145,132,1.0,-1,-1,-1
1461,73,905,120,145,130,1.0,-1,-1,-1
1462,73,904,123,145,127,1.0,-1,-1,-1
1463,73,904,125,145,127,1.0,-1,-1,-1
1464,73,903,127,146,126,1.0,-1,-1,-1
1465,73,903,127,147,127,1.0,-1,-1,-1
1466,73,903,129,147,127,1.0,-1,-1,-1
1467,73,902,132,147,126,1.0,-1,-1,-1
1468,73,901,134,148,126,1.0,-1,-1,-1
1469,73,900,136,149,126,1.0,-1,-1,-1
1470,73,899,137,151,127,1.0,-1,-1,-1
1471,73,898,138,154,128,1.0,-1,-1,-1
1472,73,896,138,154,128,1.0,-1,-1,-1
1473,73,896,139,156,129,1.0,-1,-1,-1
1474,73,896,140,154,142,1.0,-1,-1,-1
1475,73,895,142,157,140,1.0,-1,-1,-1
1476,73,893,145,158,137,1.0,-1,-1,-1
1477,73,891,147,161,135,1.0,-1,-1,-1
1478,73,889,149,163,135,1.0,-1,-1,-1
1479,73,888,151,165,135,1.0,-1,-1,-1
1480,73,886,153,166,135,1.0,-1,-1,-1
1481,73,885,155,168,135,1.0,-1,-1,-1
1482,73,882,157,170,136,1.0,-1,-1,-1
1483,73,880,159,172,136,1.0,-1,-1,-1
1484,73,878,161,175,139,1.0,-1,-1,-1
1485,73,877,164,176,140,1.0,-1,-1,-1
1486,73,876,165,176,143,1.0,-1,-1,-1
1487,73,876,167,175,143,1.0,-1,-1,-1
1488,73,877,168,173,142,1.0,-1,-1,-1
1489,73,875,177,176,142,1.0,-1,-1,-1
1490,73,876,179,175,141,1.0,-1,-1,-1
1491,73,877,182,174,141,1.0,-1,-1,-1
1492,73,876,183,175,143,1.0,-1,-1,-1
1493,73,869,185,176,144,1.0,-1,-1,-1
1494,73,873,185,179,148,1.0,-1,-1,-1
1495,73,864,191,186,145,1.0,-1,-1,-1
1496,73,861,192,190,150,1.0,-1,-1,-1
1497,73,860,194,192,154,1.0,-1,-1,-1
1498,73,859,195,193,156,1.0,-1,-1,-1
1499,73,860,197,193,154,1.0,-1,-1,-1
1500,73,861,201,191,150,1.0,-1,-1,-1
1501,73,858,209,197,158,1.0,-1,-1,-1
1502,73,858,212,196,160,1.0,-1,-1,-1
1503,73,858,214,195,162,1.0,-1,-1,-1
1504,73,858,216,197,164,1.0,-1,-1,-1
1505,73,857,219,199,168,1.0,-1,-1,-1
1506,73,855,221,203,172,1.0,-1,-1,-1
1507,73,854,223,203,175,1.0,-1,-1,-1
1508,73,854,226,202,173,1.0,-1,-1,-1
1509,73,855,234,203,183,1.0,-1,-1,-1
1510,73,854,238,203,183,1.0,-1,-1,-1
1511,73,852,244,207,183,1.0,-1,-1,-1
1512,73,846,249,216,185,1.0,-1,-1,-1
1513,73,842,253,222,185,1.0,-1,-1,-1
1514,73,840,256,226,186,1.0,-1,-1,-1
1515,73,844,268,221,187,1.0,-1,-1,-1
1516,73,843,270,222,190,1.0,-1,-1,-1
1517,73,839,275,230,193,1.0,-1,-1,-1
1518,73,836,280,234,195,1.0,-1,-1,-1
1519,73,834,278,237,208,1.0,-1,-1,-1
1520,73,841,297,228,198,1.0,-1,-1,-1
1521,73,839,301,231,200,1.0,-1,-1,-1
1522,73,837,306,235,203,1.0,-1,-1,-1
1523,73,833,313,241,206,1.0,-1,-1,-1
1524,73,827,318,251,210,1.0,-1,-1,-1
1525,73,821,325,258,215,1.0,-1,-1,-1
1526,73,816,330,264,220,1.0,-1,-1,-1
1527,73,814,335,265,224,1.0,-1,-1,-1
1528,73,812,340,266,227,1.0,-1,-1,-1
1529,73,808,341,268,235,1.0,-1,-1,-1
1530,73,806,360,270,232,1.0,-1,-1,-1
1531,73,802,365,275,240,1.0,-1,-1,-1
1532,73,796,373,281,244,1.0,-1,-1,-1
1533,73,788,382,289,243,1.0,-1,-1,-1
1534,73,779,390,298,246,1.0,-1,-1,-1
1535,73,771,398,304,252,1.0,-1,-1,-1
1536,73,767,399,308,264,1.0,-1,-1,-1
1537,73,761,420,316,265,1.0,-1,-1,-1
1538,73,758,428,320,267,1.0,-1,-1,-1
1539,73,752,439,327,267,1.0,-1,-1,-1
1540,73,745,450,333,272,1.0,-1,-1,-1
1541,73,734,454,340,290,1.0,-1,-1,-1
1542,73,728,474,344,292,1.0,-1,-1,-1
1543,73,720,475,353,302,1.0,-1,-1,-1
1544,73,711,483,364,311,1.0,-1,-1,-1
1545,73,700,503,361,310,1.0,-1,-1,-1
1546,73,690,510,372,323,1.0,-1,-1,-1
1547,73,673,540,388,316,1.0,-1,-1,-1
1548,73,662,551,389,325,1.0,-1,-1,-1
1549,73,647,569,395,326,1.0,-1,-1,-1
1550,73,614,567,430,359,1.0,-1,-1,-1
1551,73,589,600,436,367,1.0,-1,-1,-1
1552,73,564,609,441,386,1.0,-1,-1,-1
1553,73,538,620,449,401,1.0,-1,-1,-1
1554,73,492,640,464,407,1.0,-1,-1,-1
1555,73,459,661,487,407,1.0,-1,-1,-1
1556,73,410,683,514,395,1.0,-1,-1,-1
1562,74,926,76,126,109,1.0,-1,-1,-1
1563,74,925,76,127,110,1.0,-1,-1,-1
1564,74,925,76,127,110,1.0,-1,-1,-1
1565,74,901,73,154,111,1.0,-1,-1,-1
1569,74,929,76,124,111,1.0,-1,-1,-1
1570,74,928,76,125,112,1.0,-1,-1,-1
1571,74,928,76,125,112,1.0,-1,-1,-1
1572,74,927,76,125,113,1.0,-1,-1,-1
1573,74,930,76,125,119,1.0,-1,-1,-1
1574,74,929,76,127,119,1.0,-1,-1,-1
1575,74,927,76,129,119,1.0,-1,-1,-1
1576,74,927,77,129,119,1.0,-1,-1,-1
1577,74,928,77,127,119,1.0,-1,-1,-1
1578,74,928,78,127,119,1.0,-1,-1,-1
1579,74,927,78,128,120,1.0,-1,-1,-1
1580,74,925,78,131,122,1.0,-1,-1,-1
1581,74,925,79,132,123,1.0,-1,-1,-1
1582,74,924,81,132,122,1.0,-1,-1,-1
1583,74,924,82,132,122,1.0,-1,-1,-1
1584,74,922,83,134,124,1.0,-1,-1,-1
1585,74,921,84,135,125,1.0,-1,-1,-1
1586,74,920,85,135,124,1.0,-1,-1,-1
1587,74,919,87,135,123,1.0,-1,-1,-1
1588,74,919,88,136,123,1.0,-1,-1,-1
1589,74,918,89,136,123,1.0,-1,-1,-1
1590,74,917,89,137,123,1.0,-1,-1,-1
1591,74,916,90,137,123,1.0,-1,-1,-1
1592,74,916,90,138,124,1.0,-1,-1,-1
1593,74,915,91,139,124,1.0,-1,-1,-1
1594,74,915,93,139,125,1.0,-1,-1,-1
1595,74,915,94,140,127,1.0,-1,-1,-1
1596,74,914,95,140,128,1.0,-1,-1,-1
1597,74,914,96,140,129,1.0,-1,-1,-1
1598,74,913,98,140,129,1.0,-1,-1,-1
1599,74,913,99,140,129,1.0,-1,-1,-1
1600,74,912,100,140,128,1.0,-1,-1,-1
1601,74,912,99,141,130,1.0,-1,-1,-1
1602,74,912,99,140,131,1.0,-1,-1,-1
1603,74,913,100,139,131,1.0,-1,-1,-1
1604,74,913,101,138,131,1.0,-1,-1,-1
1605,74,913,101,137,131,1.0,-1,-1,-1
1606,74,912,101,137,131,1.0,-1,-1,-1
1607,74,911,103,143,143,1.0,-1,-1,-1
1608,74,909,103,144,145,1.0,-1,-1,-1
1609,74,908,103,145,146,1.0,-1,-1,-1
1610,74,908,104,145,145,1.0,-1,-1,-1
1611,74,908,107,145,143,1.0,-1,-1,-1
1612,74,909,109,145,141,1.0,-1,-1,-1
1613,74,909,112,145,139,1.0,-1,-1,-1
1614,74,909,114,146,138,1.0,-1,-1,-1
1615,74,909,120,147,135,1.0,-1,-1,-1
1616,74,908,126,146,131,1.0,-1,-1,-1
1617,74,907,132,147,127,1.0,-1,-1,-1
1618,74,906,134,147,126,1.0,-1,-1,-1
1619,74,905,133,149,129,1.0,-1,-1,-1
1620,74,906,131,151,135,1.0,-1,-1,-1
1621,74,906,130,153,140,1.0,-1,-1,-1
1622,74,906,128,155,145,1.0,-1,-1,-1
1623,74,904,127,157,148,1.0,-1,-1,-1
1624,74,904,126,159,151,1.0,-1,-1,-1
1625,74,904,127,159,152,1.0,-1,-1,-1
1626,74,904,127,158,153,1.0,-1,-1,-1
1627,74,905,136,154,151,1.0,-1,-1,-1
1628,74,905,137,154,150,1.0,-1,-1,-1
1629,74,904,137,156,151,1.0,-1,-1,-1
1630,74,903,138,159,152,1.0,-1,-1,-1
1631,74,902,139,162,154,1.0,-1,-1,-1
1632,74,901,141,165,155,1.0,-1,-1,-1
1633,74,901,143,167,156,1.0,-1,-1,-1
1634,74,901,144,169,157,1.0,-1,-1,-1
1635,74,901,145,170,160,1.0,-1,-1,-1
1636,74,902,148,170,159,1.0,-1,-1,-1
1637,74,902,150,171,161,1.0,-1,-1,-1
1638,74,904,153,169,162,1.0,-1,-1,-1
1639,74,906,153,168,167,1.0,-1,-1,-1
1640,74,906,154,169,169,1.0,-1,-1,-1
1641,74,907,154,169,171,1.0,-1,-1,-1
1642,74,907,155,169,170,1.0,-1,-1,-1
1643,74,906,167,172,163,1.0,-1,-1,-1
1644,74,905,168,175,164,1.0,-1,-1,-1
1645,74,905,170,177,165,1.0,-1,-1,-1
1646,74,903,172,180,166,1.0,-1,-1,-1
1647,74,903,174,179,170,1.0,-1,-1,-1
1648,74,902,174,182,175,1.0,-1,-1,-1
1649,74,902,175,182,181,1.0,-1,-1,-1
1650,74,900,176,184,186,1.0,-1,-1,-1
1651,74,899,180,185,186,1.0,-1,-1,-1
1652,74,898,182,187,185,1.0,-1,-1,-1
1653,74,897,195,192,181,1.0,-1,-1,-1
1654,74,895,194,195,187,1.0,-1,-1,-1
1655,74,895,195,195,191,1.0,-1,-1,-1
1656,74,894,198,194,192,1.0,-1,-1,-1
1657,74,895,199,192,195,1.0,-1,-1,-1
1658,74,894,203,192,199,1.0,-1,-1,-1
1659,74,890,206,197,201,1.0,-1,-1,-1
1660,74,886,210,201,200,1.0,-1,-1,-1
1661,74,881,225,208,196,1.0,-1,-1,-1
1662,74,878,225,209,202,1.0,-1,-1,-1
1663,74,874,227,211,206,1.0,-1,-1,-1
1664,74,869,231,219,208,1.0,-1,-1,-1
1665,74,866,235,222,209,1.0,-1,-1,-1
1666,74,866,236,221,222,1.0,-1,-1,-1
1667,74,863,242,222,221,1.0,-1,-1,-1
1668,74,858,247,225,220,1.0,-1,-1,-1
1669,74,855,254,226,219,1.0,-1,-1,-1
1670,74,854,260,225,220,1.0,-1,-1,-1
1671,74,853,267,224,221,1.0,-1,-1,-1
1672,74,838,266,236,229,1.0,-1,-1,-1
1673,74,842,290,229,214,1.0,-1,-1,-1
1674,74,843,292,226,219,1.0,-1,-1,-1
1675,74,838,298,233,223,1.0,-1,-1,-1
1676,74,830,305,244,226,1.0,-1,-1,-1
1677,74,820,310,255,231,1.0,-1,-1,-1
1678,74,812,314,262,237,1.0,-1,-1,-1
1679,74,807,319,265,242,1.0,-1,-1,-1
1680,74,801,325,269,246,1.0,-1,-1,-1
1681,74,792,329,277,254,1.0,-1,-1,-1
1682,74,780,328,285,264,1.0,-1,-1,-1
1683,74,777,337,282,274,1.0,-1,-1,-1
1684,74,773,345,279,275,1.0,-1,-1,-1
1685,74,765,353,282,278,1.0,-1,-1,-1
1686,74,756,361,287,285,1.0,-1,-1,-1
1687,74,748,368,292,294,1.0,-1,-1,-1
1688,74,744,376,296,299,1.0,-1,-1,-1
1689,74,725,379,309,308,1.0,-1,-1,-1
1690,74,722,396,311,308,1.0,-1,-1,-1
1691,74,712,402,315,314,1.0,-1,-1,-1
1692,74,700,416,321,314,1.0,-1,-1,-1
1693,74,683,428,332,321,1.0,-1,-1,-1
1694,74,668,437,341,330,1.0,-1,-1,-1
1695,74,656,452,346,335,1.0,-1,-1,-1
1696,74,643,449,357,354,1.0,-1,-1,-1
1697,74,624,470,359,343,1.0,-1,-1,-1
1698,74,607,487,370,342,1.0,-1,-1,-1
1699,74,567,480,421,386,1.0,-1,-1,-1
1700,74,552,498,419,384,1.0,-1,-1,-1
1701,74,540,513,422,389,1.0,-1,-1,-1
1702,74,509,537,434,386,1.0,-1,-1,-1
1703,74,489,549,442,392,1.0,-1,-1,-1
1704,74,457,584,442,400,1.0,-1,-1,-1
1705,74,421,596,450,411,1.0,-1,-1,-1
1706,74,391,608,458,425,1.0,-1,-1,-1
1707,74,336,630,470,427,1.0,-1,-1,-1
1708,74,293,643,503,434,1.0,-1,-1,-1
2023,75,897,87,133,106,1.0,-1,-1,-1
2024,75,896,87,135,106,1.0,-1,-1,-1
2025,75,897,88,133,105,1.0,-1,-1,-1
2032,75,898,92,131,105,1.0,-1,-1,-1
2033,75,899,93,130,106,1.0,-1,-1,-1
2045,75,898,96,130,115,1.0,-1,-1,-1
2046,75,898,97,130,114,1.0,-1,-1,-1
2047,75,897,98,132,113,1.0,-1,-1,-1
2048,75,896,101,132,111,1.0,-1,-1,-1
2049,75,894,101,126,110,1.0,-1,-1,-1
2050,75,894,102,127,109,1.0,-1,-1,-1
2051,75,894,103,126,109,1.0,-1,-1,-1
2054,75,893,105,127,109,1.0,-1,-1,-1
2055,75,892,105,129,109,1.0,-1,-1,-1
2056,75,891,105,130,110,1.0,-1,-1,-1
2057,75,891,105,130,113,1.0,-1,-1,-1
2058,75,890,105,129,115,1.0,-1,-1,-1
2059,75,890,106,129,115,1.0,-1,-1,-1
2060,75,888,106,130,116,1.0,-1,-1,-1
2061,75,887,118,132,109,1.0,-1,-1,-1
2062,75,886,117,132,110,1.0,-1,-1,-1
2063,75,883,118,133,111,1.0,-1,-1,-1
2064,75,880,118,134,113,1.0,-1,-1,-1
2065,75,879,118,135,115,1.0,-1,-1,-1
2066,75,879,118,135,115,1.0,-1,-1,-1
2067,75,878,119,135,116,1.0,-1,-1,-1
2068,75,876,120,136,117,1.0,-1,-1,-1
2069,75,875,122,137,118,1.0,-1,-1,-1
2070,75,874,123,137,119,1.0,-1,-1,-1
2071,75,875,123,137,121,1.0,-1,-1,-1
2072,75,875,124,137,123,1.0,-1,-1,-1
2073,75,875,124,137,123,1.0,-1,-1,-1
2074,75,874,124,137,124,1.0,-1,-1,-1
2075,75,873,125,138,124,1.0,-1,-1,-1
2076,75,872,126,138,123,1.0,-1,-1,-1
2077,75,871,125,145,128,1.0,-1,-1,-1
2078,76,1255,671,475,407,1.0,-1,-1,-1
2078,75,871,128,145,126,1.0,-1,-1,-1
2079,76,1262,655,464,416,1.0,-1,-1,-1
2079,75,872,128,144,127,1.0,-1,-1,-1
2080,76,1268,638,453,420,1.0,-1,-1,-1
2080,75,872,130,143,127,1.0,-1,-1,-1
2081,76,1271,627,447,420,1.0,-1,-1,-1
2081,75,872,132,143,127,1.0,-1,-1,-1
2082,76,1271,619,442,413,1.0,-1,-1,-1
2082,75,872,135,142,126,1.0,-1,-1,-1
2083,76,1267,611,443,402,1.0,-1,-1,-1
2083,75,871,137,142,125,1.0,-1,-1,-1
2084,76,1244,604,446,384,1.0,-1,-1,-1
2084,75,870,138,142,125,1.0,-1,-1,-1
2085,76,1246,597,439,370,1.0,-1,-1,-1
2085,75,869,139,142,126,1.0,-1,-1,-1
2086,76,1241,595,442,357,1.0,-1,-1,-1
2086,75,868,137,142,129,1.0,-1,-1,-1
2087,76,1246,571,423,359,1.0,-1,-1,-1
2087,75,867,137,142,131,1.0,-1,-1,-1
2088,76,1244,567,416,358,1.0,-1,-1,-1
2088,75,869,141,139,139,1.0,-1,-1,-1
2089,76,1252,558,386,338,1.0,-1,-1,-1
2089,75,868,141,138,139,1.0,-1,-1,-1
2090,76,1247,545,383,342,1.0,-1,-1,-1
2090,75,867,142,138,141,1.0,-1,-1,-1
2091,76,1242,529,382,351,1.0,-1,-1,-1
2091,75,867,143,138,140,1.0,-1,-1,-1
2092,76,1238,520,381,354,1.0,-1,-1,-1
2092,75,867,144,138,140,1.0,-1,-1,-1
2093,76,1236,506,370,335,1.0,-1,-1,-1
2093,75,866,145,138,139,1.0,-1,-1,-1
2094,76,1232,494,366,337,1.0,-1,-1,-1
2094,75,865,148,139,138,1.0,-1,-1,-1
2095,76,1204,477,381,341,1.0,-1,-1,-1
2095,75,863,149,141,138,1.0,-1,-1,-1
2096,76,1206,465,368,343,1.0,-1,-1,-1
2096,75,862,152,143,136,1.0,-1,-1,-1
2097,76,1208,460,357,337,1.0,-1,-1,-1
2097,75,861,153,144,136,1.0,-1,-1,-1
2098,76,1207,460,349,323,1.0,-1,-1,-1
2098,75,859,155,145,135,1.0,-1,-1,-1
2099,76,1197,443,351,322,1.0,-1,-1,-1
2099,75,857,158,148,135,1.0,-1,-1,-1
2100,76,1195,441,343,316,1.0,-1,-1,-1
2100,75,856,161,149,135,1.0,-1,-1,-1
2101,76,1190,436,340,308,1.0,-1,-1,-1
2101,75,855,164,151,135,1.0,-1,-1,-1
2102,76,1190,429,334,301,1.0,-1,-1,-1
2102,75,854,166,151,135,1.0,-1,-1,-1
2103,76,1187,418,330,303,1.0,-1,-1,-1
2103,75,852,168,155,136,1.0,-1,-1,-1
2104,76,1186,407,324,306,1.0,-1,-1,-1
2104,75,850,170,156,135,1.0,-1,-1,-1
2105,76,1181,401,322,304,1.0,-1,-1,-1
2105,75,849,172,158,133,1.0,-1,-1,-1
2106,76,1158,402,331,291,1.0,-1,-1,-1
2106,75,849,173,158,133,1.0,-1,-1,-1
2107,76,1160,402,326,285,1.0,-1,-1,-1
2107,75,849,177,157,142,1.0,-1,-1,-1
2108,76,1166,384,309,285,1.0,-1,-1,-1
2108,75,849,176,157,145,1.0,-1,-1,-1
2109,76,1164,381,305,279,1.0,-1,-1,-1
2109,75,850,179,156,143,1.0,-1,-1,-1
2110,76,1164,375,300,273,1.0,-1,-1,-1
2110,75,849,182,156,143,1.0,-1,-1,-1
2111,76,1161,372,296,268,1.0,-1,-1,-1
2111,75,847,187,160,139,1.0,-1,-1,-1
2112,76,1161,367,290,267,1.0,-1,-1,-1
2112,75,846,188,162,141,1.0,-1,-1,-1
2113,76,1159,360,286,269,1.0,-1,-1,-1
2113,75,845,191,166,142,1.0,-1,-1,-1
2114,76,1157,350,282,273,1.0,-1,-1,-1
2114,75,844,193,168,145,1.0,-1,-1,-1
2115,76,1155,341,280,276,1.0,-1,-1,-1
2115,75,843,196,171,145,1.0,-1,-1,-1
2116,76,1154,338,276,271,1.0,-1,-1,-1
2116,75,843,196,174,148,1.0,-1,-1,-1
2117,76,1143,326,282,264,1.0,-1,-1,-1
2117,75,844,198,175,150,1.0,-1,-1,-1
2118,76,1143,326,274,256,1.0,-1,-1,-1
2118,75,844,200,175,148,1.0,-1,-1,-1
2119,76,1143,324,265,249,1.0,-1,-1,-1
2119,75,845,203,175,144,1.0,-1,-1,-1
2120,76,1143,322,259,242,1.0,-1,-1,-1
2120,75,844,213,176,146,1.0,-1,-1,-1
2121,76,1141,317,254,240,1.0,-1,-1,-1
2121,75,844,212,180,151,1.0,-1,-1,-1
2122,76,1139,313,251,237,1.0,-1,-1,-1
2122,75,842,212,183,155,1.0,-1,-1,-1
2123,76,1139,306,248,238,1.0,-1,-1,-1
2123,75,842,215,185,157,1.0,-1,-1,-1
2124,76,1139,304,244,236,1.0,-1,-1,-1
2124,75,842,217,184,162,1.0,-1,-1,-1
2125,76,1128,300,246,232,1.0,-1,-1,-1
2125,75,842,218,184,167,1.0,-1,-1,-1
2126,76,1130,297,242,230,1.0,-1,-1,-1
2126,75,840,220,185,171,1.0,-1,-1,-1
2127,76,1128,292,241,227,1.0,-1,-1,-1
2127,75,837,224,188,171,1.0,-1,-1,-1
2128,76,1122,289,244,223,1.0,-1,-1,-1
2128,75,835,228,190,168,1.0,-1,-1,-1
2129,76,1116,287,244,220,1.0,-1,-1,-1
2129,75,831,236,197,172,1.0,-1,-1,-1
2130,76,1106,271,243,231,1.0,-1,-1,-1
2130,75,830,235,198,176,1.0,-1,-1,-1
2131,76,1103,269,240,228,1.0,-1,-1,-1
2131,75,829,238,198,178,1.0,-1,-1,-1
2132,76,1098,267,238,225,1.0,-1,-1,-1
2132,75,829,241,196,180,1.0,-1,-1,-1
2133,76,1095,265,235,222,1.0,-1,-1,-1
2133,75,829,245,193,184,1.0,-1,-1,-1
2133,77,917,76,127,109,1.0,-1,-1,-1
2134,76,1091,261,233,221,1.0,-1,-1,-1
2134,75,829,248,193,188,1.0,-1,-1,-1
2134,77,916,76,127,109,1.0,-1,-1,-1
2135,76,1086,256,231,220,1.0,-1,-1,-1
2135,75,823,253,191,189,1.0,-1,-1,-1
2135,77,916,76,127,108,1.0,-1,-1,-1
2136,76,1082,251,228,219,1.0,-1,-1,-1
2136,75,820,255,194,189,1.0,-1,-1,-1
2136,77,916,76,127,108,1.0,-1,-1,-1
2137,76,1079,248,225,218,1.0,-1,-1,-1
2137,75,817,267,201,183,1.0,-1,-1,-1
2137,77,916,76,127,109,1.0,-1,-1,-1
2138,76,1078,246,221,215,1.0,-1,-1,-1
2138,75,816,270,200,185,1.0,-1,-1,-1
2138,77,916,76,126,111,1.0,-1,-1,-1
2139,76,1077,245,220,211,1.0,-1,-1,-1
2139,75,815,274,199,186,1.0,-1,-1,-1
2139,77,916,75,127,112,1.0,-1,-1,-1
2140,76,1067,237,238,204,1.0,-1,-1,-1
2140,75,810,279,203,189,1.0,-1,-1,-1
2140,77,915,75,127,113,1.0,-1,-1,-1
2141,76,1066,233,236,205,1.0,-1,-1,-1
2141,75,804,285,210,189,1.0,-1,-1,-1
2141,77,915,75,127,113,1.0,-1,-1,-1
2142,76,1064,233,228,203,1.0,-1,-1,-1
2142,75,798,291,216,186,1.0,-1,-1,-1
2142,77,915,75,126,113,1.0,-1,-1,-1
2143,76,1066,232,220,197,1.0,-1,-1,-1
2143,75,791,301,226,192,1.0,-1,-1,-1
2143,77,913,78,129,116,1.0,-1,-1,-1
2144,76,1066,231,214,193,1.0,-1,-1,-1
2144,75,785,303,231,199,1.0,-1,-1,-1
2144,77,913,77,129,117,1.0,-1,-1,-1
2145,76,1063,230,213,189,1.0,-1,-1,-1
2145,75,777,309,241,201,1.0,-1,-1,-1
2145,77,913,77,130,118,1.0,-1,-1,-1
2146,76,1058,227,212,190,1.0,-1,-1,-1
2146,75,771,316,245,200,1.0,-1,-1,-1
2146,77,912,77,131,119,1.0,-1,-1,-1
2147,76,1053,215,213,193,1.0,-1,-1,-1
2147,75,777,322,228,206,1.0,-1,-1,-1
2147,77,911,78,132,119,1.0,-1,-1,-1
2148,76,1050,210,213,197,1.0,-1,-1,-1
2148,75,764,328,236,204,1.0,-1,-1,-1
2148,77,910,79,132,120,1.0,-1,-1,-1
2149,76,1049,208,210,197,1.0,-1,-1,-1
2149,75,760,333,243,206,1.0,-1,-1,-1
2149,77,910,78,133,121,1.0,-1,-1,-1
2150,76,1047,204,209,198,1.0,-1,-1,-1
2150,75,757,338,246,210,1.0,-1,-1,-1
2150,77,909,78,134,122,1.0,-1,-1,-1
2151,76,1047,201,205,196,1.0,-1,-1,-1
2151,75,753,344,249,213,1.0,-1,-1,-1
2151,77,908,80,135,122,1.0,-1,-1,-1
2152,76,1046,196,204,197,1.0,-1,-1,-1
2152,75,750,348,247,218,1.0,-1,-1,-1
2152,77,906,83,136,121,1.0,-1,-1,-1
2153,76,1048,195,199,195,1.0,-1,-1,-1
2153,75,745,364,254,213,1.0,-1,-1,-1
2154,76,1046,201,193,180,1.0,-1,-1,-1
2154,75,738,365,259,221,1.0,-1,-1,-1
2155,76,1046,198,192,181,1.0,-1,-1,-1
2155,75,731,369,263,228,1.0,-1,-1,-1
2156,76,1044,198,194,178,1.0,-1,-1,-1
2156,75,723,375,266,234,1.0,-1,-1,-1
2156,77,905,89,138,116,1.0,-1,-1,-1
2157,76,1044,196,193,178,1.0,-1,-1,-1
2157,75,714,384,269,236,1.0,-1,-1,-1
2157,77,900,86,151,121,1.0,-1,-1,-1
2158,76,1044,197,192,175,1.0,-1,-1,-1
2158,75,706,393,271,237,1.0,-1,-1,-1
2158,77,901,85,152,120,1.0,-1,-1,-1
2159,76,1045,183,187,184,1.0,-1,-1,-1
2159,75,697,402,275,239,1.0,-1,-1,-1
2159,77,903,88,129,117,1.0,-1,-1,-1
2160,76,1046,182,186,184,1.0,-1,-1,-1
2160,75,689,405,279,246,1.0,-1,-1,-1
2160,77,902,88,130,118,1.0,-1,-1,-1
2161,76,1047,181,185,182,1.0,-1,-1,-1
2161,75,678,431,287,236,1.0,-1,-1,-1
2161,77,901,91,134,117,1.0,-1,-1,-1
2162,76,1048,180,183,180,1.0,-1,-1,-1
2162,75,673,438,288,238,1.0,-1,-1,-1
2162,77,901,92,136,116,1.0,-1,-1,-1
2163,76,1047,177,184,176,1.0,-1,-1,-1
2163,75,664,452,284,233,1.0,-1,-1,-1
2163,77,899,93,136,115,1.0,-1,-1,-1
2164,76,1049,175,183,176,1.0,-1,-1,-1
2164,75,653,460,292,237,1.0,-1,-1,-1
2164,77,898,93,137,116,1.0,-1,-1,-1
2165,76,1050,174,183,172,1.0,-1,-1,-1
2165,75,636,467,305,241,1.0,-1,-1,-1
2165,77,896,94,138,117,1.0,-1,-1,-1
2166,76,1050,172,182,171,1.0,-1,-1,-1
2166,75,618,472,316,251,1.0,-1,-1,-1
2166,77,896,96,139,116,1.0,-1,-1,-1
2167,76,1056,169,181,172,1.0,-1,-1,-1
2167,75,602,473,323,263,1.0,-1,-1,-1
2167,77,895,98,139,113,1.0,-1,-1,-1
2168,76,1057,168,181,170,1.0,-1,-1,-1
2168,75,587,491,331,270,1.0,-1,-1,-1
2168,77,894,100,140,112,1.0,-1,-1,-1
2169,76,1058,167,179,168,1.0,-1,-1,-1
2169,75,579,499,333,273,1.0,-1,-1,-1
2169,77,893,101,141,112,1.0,-1,-1,-1
2170,76,1058,166,180,166,1.0,-1,-1,-1
2170,75,560,513,331,274,1.0,-1,-1,-1
2170,77,892,104,142,112,1.0,-1,-1,-1
2171,76,1059,166,179,164,1.0,-1,-1,-1
2171,75,540,521,345,285,1.0,-1,-1,-1
2171,77,896,104,134,115,1.0,-1,-1,-1
2172,76,1060,166,180,164,1.0,-1,-1,-1
2172,75,519,527,358,294,1.0,-1,-1,-1
2172,77,896,108,134,113,1.0,-1,-1,-1
2173,76,1065,155,179,169,1.0,-1,-1,-1
2173,75,504,549,358,306,1.0,-1,-1,-1
2173,77,895,109,135,112,1.0,-1,-1,-1
2174,76,1068,155,178,168,1.0,-1,-1,-1
2174,75,473,566,368,314,1.0,-1,-1,-1
2174,77,886,108,142,117,1.0,-1,-1,-1
2175,76,1071,155,175,167,1.0,-1,-1,-1
2175,75,459,579,376,323,1.0,-1,-1,-1
2175,77,886,109,142,116,1.0,-1,-1,-1
2176,76,1073,154,175,166,1.0,-1,-1,-1
2176,75,437,610,380,321,1.0,-1,-1,-1
2176,77,886,110,142,116,1.0,-1,-1,-1
2177,76,1075,152,176,166,1.0,-1,-1,-1
2177,75,414,618,392,327,1.0,-1,-1,-1
2177,77,887,106,138,120,1.0,-1,-1,-1
2178,76,1076,150,175,165,1.0,-1,-1,-1
2178,75,377,641,401,326,1.0,-1,-1,-1
2178,77,886,107,139,120,1.0,-1,-1,-1
2179,76,1078,148,174,164,1.0,-1,-1,-1
2179,75,353,633,413,378,1.0,-1,-1,-1
2179,77,886,106,140,121,1.0,-1,-1,-1
2180,76,1079,147,172,162,1.0,-1,-1,-1
2180,75,316,653,428,384,1.0,-1,-1,-1
2180,77,886,107,140,131,1.0,-1,-1,-1
2181,76,1080,145,171,162,1.0,-1,-1,-1
2181,75,268,679,449,381,1.0,-1,-1,-1
2181,77,886,108,139,132,1.0,-1,-1,-1
2182,76,1080,142,172,161,1.0,-1,-1,-1
2182,75,225,695,483,381,1.0,-1,-1,-1
2182,77,886,107,139,134,1.0,-1,-1,-1
2183,76,1081,142,171,159,1.0,-1,-1,-1
2183,75,169,715,486,363,1.0,-1,-1,-1
2183,77,886,107,138,135,1.0,-1,-1,-1
2184,76,1082,143,171,156,1.0,-1,-1,-1
2184,77,886,107,138,136,1.0,-1,-1,-1
2185,76,1084,144,169,152,1.0,-1,-1,-1
2185,77,886,109,137,136,1.0,-1,-1,-1
2186,76,1087,145,166,149,1.0,-1,-1,-1
2186,77,885,110,138,137,1.0,-1,-1,-1
2187,76,1089,145,164,148,1.0,-1,-1,-1
2187,77,883,112,139,136,1.0,-1,-1,-1
2188,76,1091,144,162,146,1.0,-1,-1,-1
2188,77,881,115,141,134,1.0,-1,-1,-1
2189,76,1092,142,161,147,1.0,-1,-1,-1
2189,77,881,117,140,132,1.0,-1,-1,-1
2190,76,1094,141,159,146,1.0,-1,-1,-1
2190,77,881,120,140,130,1.0,-1,-1,-1
2191,76,1096,141,158,145,1.0,-1,-1,-1
2191,77,881,121,140,130,1.0,-1,-1,-1
2192,76,1098,141,156,144,1.0,-1,-1,-1
2192,77,879,122,142,130,1.0,-1,-1,-1
2193,76,1098,140,156,145,1.0,-1,-1,-1
2193,77,877,124,145,131,1.0,-1,-1,-1
2194,76,1099,139,154,145,1.0,-1,-1,-1
2194,77,875,125,148,132,1.0,-1,-1,-1
2195,76,1097,131,158,142,1.0,-1,-1,-1
2195,77,873,127,151,132,1.0,-1,-1,-1
2196,76,1099,131,157,142,1.0,-1,-1,-1
2196,77,871,128,151,134,1.0,-1,-1,-1
2197,76,1099,131,157,142,1.0,-1,-1,-1
2197,77,871,129,151,136,1.0,-1,-1,-1
2198,76,1099,130,157,142,1.0,-1,-1,-1
2198,77,871,130,150,135,1.0,-1,-1,-1
2199,76,1100,130,155,141,1.0,-1,-1,-1
2199,77,871,131,149,136,1.0,-1,-1,-1
2200,76,1101,129,153,141,1.0,-1,-1,-1
2200,77,871,131,149,135,1.0,-1,-1,-1
2201,76,1102,128,151,142,1.0,-1,-1,-1
2201,77,870,132,151,135,1.0,-1,-1,-1
2202,76,1104,128,150,141,1.0,-1,-1,-1
2202,77,870,133,154,134,1.0,-1,-1,-1
2203,76,1105,126,148,140,1.0,-1,-1,-1
2203,77,869,135,157,134,1.0,-1,-1,-1
2204,76,1105,126,148,138,1.0,-1,-1,-1
2204,77,873,140,152,140,1.0,-1,-1,-1
2205,76,1105,125,148,136,1.0,-1,-1,-1
2205,77,873,141,152,140,1.0,-1,-1,-1
2206,76,1105,124,148,136,1.0,-1,-1,-1
2206,77,874,142,153,138,1.0,-1,-1,-1
2207,76,1105,122,148,135,1.0,-1,-1,-1
2207,77,873,144,156,138,1.0,-1,-1,-1
2208,76,1106,120,147,135,1.0,-1,-1,-1
2208,77,873,145,159,138,1.0,-1,-1,-1
2209,76,1106,119,146,134,1.0,-1,-1,-1
2209,77,872,146,161,138,1.0,-1,-1,-1
2210,76,1106,117,145,135,1.0,-1,-1,-1
2210,77,874,147,159,138,1.0,-1,-1,-1
2211,76,1107,116,144,135,1.0,-1,-1,-1
2211,77,874,149,160,139,1.0,-1,-1,-1
2212,76,1107,115,143,136,1.0,-1,-1,-1
2212,77,873,150,163,140,1.0,-1,-1,-1
2213,76,1108,115,142,135,1.0,-1,-1,-1
2213,77,872,152,165,144,1.0,-1,-1,-1
2214,76,1108,114,141,134,1.0,-1,-1,-1
2214,77,872,153,167,145,1.0,-1,-1,-1
2215,76,1108,113,141,134,1.0,-1,-1,-1
2215,77,872,154,167,148,1.0,-1,-1,-1
2216,76,1109,112,140,134,1.0,-1,-1,-1
2216,77,871,157,170,148,1.0,-1,-1,-1
2217,76,1109,110,140,135,1.0,-1,-1,-1
2217,77,871,159,170,150,1.0,-1,-1,-1
2218,76,1109,109,140,136,1.0,-1,-1,-1
2218,77,870,160,172,152,1.0,-1,-1,-1
2219,76,1108,109,141,136,1.0,-1,-1,-1
2219,77,871,161,171,153,1.0,-1,-1,-1
2220,76,1108,109,142,136,1.0,-1,-1,-1
2220,77,871,163,172,152,1.0,-1,-1,-1
2221,76,1109,108,140,137,1.0,-1,-1,-1
2221,77,872,165,170,149,1.0,-1,-1,-1
2222,76,1109,107,138,137,1.0,-1,-1,-1
2222,77,870,168,175,158,1.0,-1,-1,-1
2223,76,1108,109,136,130,1.0,-1,-1,-1
2223,77,870,168,176,161,1.0,-1,-1,-1
2224,76,1108,110,135,129,1.0,-1,-1,-1
2224,77,871,171,186,160,1.0,-1,-1,-1
2225,76,1108,109,135,130,1.0,-1,-1,-1
2225,77,871,174,186,159,1.0,-1,-1,-1
2226,76,1103,107,137,121,1.0,-1,-1,-1
2226,77,872,175,187,161,1.0,-1,-1,-1
2227,76,1103,106,137,122,1.0,-1,-1,-1
2227,77,874,177,186,162,1.0,-1,-1,-1
2228,76,1103,104,136,124,1.0,-1,-1,-1
2228,77,875,178,186,165,1.0,-1,-1,-1
2229,76,1103,104,137,125,1.0,-1,-1,-1
2229,77,877,180,186,168,1.0,-1,-1,-1
2230,76,1103,103,138,126,1.0,-1,-1,-1
2230,77,879,183,185,170,1.0,-1,-1,-1
2231,76,1103,102,138,126,1.0,-1,-1,-1
2231,77,881,186,185,171,1.0,-1,-1,-1
2232,76,1103,102,137,125,1.0,-1,-1,-1
2232,77,881,190,187,170,1.0,-1,-1,-1
2233,76,1103,101,136,125,1.0,-1,-1,-1
2233,77,880,192,190,167,1.0,-1,-1,-1
2234,76,1103,100,136,125,1.0,-1,-1,-1
2234,77,877,202,196,165,1.0,-1,-1,-1
2235,76,1103,99,136,125,1.0,-1,-1,-1
2235,77,878,203,196,167,1.0,-1,-1,-1
2236,76,1104,99,136,124,1.0,-1,-1,-1
2236,77,881,205,194,169,1.0,-1,-1,-1
2237,76,1104,99,135,121,1.0,-1,-1,-1
2237,77,882,207,192,171,1.0,-1,-1,-1
2238,76,1104,98,135,119,1.0,-1,-1,-1
2238,77,883,209,193,173,1.0,-1,-1,-1
2239,76,1105,97,134,120,1.0,-1,-1,-1
2239,77,883,211,194,175,1.0,-1,-1,-1
2240,76,1105,96,134,120,1.0,-1,-1,-1
2240,77,883,213,195,179,1.0,-1,-1,-1
2241,76,1105,93,134,121,1.0,-1,-1,-1
2241,77,882,215,196,182,1.0,-1,-1,-1
2242,76,1104,91,134,122,1.0,-1,-1,-1
2242,77,881,217,200,185,1.0,-1,-1,-1
2243,76,1105,89,133,123,1.0,-1,-1,-1
2243,77,880,219,204,185,1.0,-1,-1,-1
2244,76,1106,89,132,123,1.0,-1,-1,-1
2244,77,875,227,211,191,1.0,-1,-1,-1
2245,76,1107,89,131,122,1.0,-1,-1,-1
2245,77,875,229,210,192,1.0,-1,-1,-1
2246,76,1108,88,131,121,1.0,-1,-1,-1
2246,77,875,233,209,192,1.0,-1,-1,-1
2247,76,1107,88,131,120,1.0,-1,-1,-1
2247,77,874,236,208,192,1.0,-1,-1,-1
2248,76,1107,88,131,121,1.0,-1,-1,-1
2248,77,871,238,211,196,1.0,-1,-1,-1
2249,76,1107,87,131,121,1.0,-1,-1,-1
2249,77,866,241,218,196,1.0,-1,-1,-1
2250,76,1107,86,131,122,1.0,-1,-1,-1
2250,77,861,248,226,191,1.0,-1,-1,-1
2251,76,1107,86,130,123,1.0,-1,-1,-1
2251,77,859,255,229,182,1.0,-1,-1,-1
2252,76,1107,85,129,123,1.0,-1,-1,-1
2252,77,850,262,240,196,1.0,-1,-1,-1
2253,76,1107,84,127,123,1.0,-1,-1,-1
2253,77,847,265,243,195,1.0,-1,-1,-1
2254,76,1107,83,127,124,1.0,-1,-1,-1
2254,77,859,263,219,215,1.0,-1,-1,-1
2255,76,1106,82,127,125,1.0,-1,-1,-1
2255,77,858,269,218,214,1.0,-1,-1,-1
2256,76,1106,80,128,126,1.0,-1,-1,-1
2256,77,856,273,220,216,1.0,-1,-1,-1
2257,76,1105,79,128,127,1.0,-1,-1,-1
2257,77,837,275,235,214,1.0,-1,-1,-1
2258,76,1104,78,127,127,1.0,-1,-1,-1
2258,77,848,296,231,205,1.0,-1,-1,-1
2259,76,1103,78,127,126,1.0,-1,-1,-1
2259,77,841,297,229,208,1.0,-1,-1,-1
2260,76,1103,78,128,125,1.0,-1,-1,-1
2260,77,836,299,236,215,1.0,-1,-1,-1
2261,76,1103,78,129,125,1.0,-1,-1,-1
2261,77,830,303,244,219,1.0,-1,-1,-1
2262,77,823,308,251,223,1.0,-1,-1,-1
2263,77,816,312,259,225,1.0,-1,-1,-1
2264,77,810,315,263,229,1.0,-1,-1,-1
2265,77,806,318,266,231,1.0,-1,-1,-1
2266,77,801,323,268,236,1.0,-1,-1,-1
2267,77,791,330,275,240,1.0,-1,-1,-1
2268,77,782,334,281,246,1.0,-1,-1,-1
2269,77,774,335,286,252,1.0,-1,-1,-1
2270,77,773,350,288,249,1.0,-1,-1,-1
2271,77,766,355,291,252,1.0,-1,-1,-1
2272,77,759,363,293,252,1.0,-1,-1,-1
2273,77,752,370,294,254,1.0,-1,-1,-1
2274,76,1108,73,124,112,1.0,-1,-1,-1
2274,77,748,378,294,255,1.0,-1,-1,-1
2275,76,1108,73,124,112,1.0,-1,-1,-1
2275,77,745,385,295,259,1.0,-1,-1,-1
2276,76,1108,73,124,113,1.0,-1,-1,-1
2276,77,731,391,299,263,1.0,-1,-1,-1
2277,76,1108,72,123,113,1.0,-1,-1,-1
2277,77,727,393,304,273,1.0,-1,-1,-1
2278,76,1108,72,123,113,1.0,-1,-1,-1
2278,77,715,409,321,276,1.0,-1,-1,-1
2279,76,1108,71,122,113,1.0,-1,-1,-1
2279,77,708,414,321,278,1.0,-1,-1,-1
2280,76,1108,72,123,112,1.0,-1,-1,-1
2280,77,700,423,325,276,1.0,-1,-1,-1
2281,76,1108,72,123,112,1.0,-1,-1,-1
2281,77,691,435,330,275,1.0,-1,-1,-1
2282,76,1107,73,123,111,1.0,-1,-1,-1
2282,77,683,444,335,281,1.0,-1,-1,-1
2283,76,1107,73,123,111,1.0,-1,-1,-1
2283,77,673,450,340,293,1.0,-1,-1,-1
2284,76,1107,73,124,112,1.0,-1,-1,-1
2284,77,662,453,345,305,1.0,-1,-1,-1
2285,76,1107,73,124,112,1.0,-1,-1,-1
2285,77,654,466,347,307,1.0,-1,-1,-1
2286,76,1107,73,124,112,1.0,-1,-1,-1
2286,77,642,470,360,308,1.0,-1,-1,-1
2287,76,1106,73,125,112,1.0,-1,-1,-1
2287,77,629,482,350,305,1.0,-1,-1,-1
2288,76,1106,73,125,112,1.0,-1,-1,-1
2288,77,624,493,352,315,1.0,-1,-1,-1
2289,76,1106,73,125,112,1.0,-1,-1,-1
2289,77,612,500,361,331,1.0,-1,-1,-1
2290,76,1106,73,125,112,1.0,-1,-1,-1
2290,77,600,513,366,328,1.0,-1,-1,-1
2291,76,1105,73,126,112,1.0,-1,-1,-1
2291,77,578,522,378,353,1.0,-1,-1,-1
2292,76,1105,73,126,112,1.0,-1,-1,-1
2292,77,560,535,391,352,1.0,-1,-1,-1
2293,76,1105,73,126,112,1.0,-1,-1,-1
2293,77,547,531,409,388,1.0,-1,-1,-1
2294,76,1105,73,127,112,1.0,-1,-1,-1
2294,77,520,560,419,364,1.0,-1,-1,-1
2295,76,1104,73,127,112,1.0,-1,-1,-1
2295,77,513,565,423,369,1.0,-1,-1,-1
2296,76,1104,73,127,112,1.0,-1,-1,-1
2296,77,500,582,419,399,1.0,-1,-1,-1
2297,76,1104,73,128,112,1.0,-1,-1,-1
2297,77,476,593,429,409,1.0,-1,-1,-1
2298,76,1104,73,128,112,1.0,-1,-1,-1
2298,77,443,609,444,417,1.0,-1,-1,-1
2299,76,1103,73,128,112,1.0,-1,-1,-1
2299,77,411,628,454,418,1.0,-1,-1,-1
2300,76,1103,73,128,112,1.0,-1,-1,-1
2300,77,382,646,467,416,1.0,-1,-1,-1
2301,76,1103,73,129,112,1.0,-1,-1,-1
2301,77,362,662,484,411,1.0,-1,-1,-1
2302,76,1103,73,129,112,1.0,-1,-1,-1
2303,76,1102,73,129,112,1.0,-1,-1,-1
2303,78,1230,722,475,353,1.0,-1,-1,-1
2304,76,1102,73,130,112,1.0,-1,-1,-1
2304,78,1263,701,448,366,1.0,-1,-1,-1
2305,76,1102,73,130,112,1.0,-1,-1,-1
2305,78,1266,683,445,369,1.0,-1,-1,-1
2306,76,1102,73,130,112,1.0,-1,-1,-1
2306,78,1246,673,440,360,1.0,-1,-1,-1
2307,76,1102,73,131,113,1.0,-1,-1,-1
2307,78,1245,657,437,359,1.0,-1,-1,-1
2308,76,1101,72,131,113,1.0,-1,-1,-1
2308,78,1242,639,437,357,1.0,-1,-1,-1
2309,76,1100,72,131,113,1.0,-1,-1,-1
2309,78,1258,637,406,325,1.0,-1,-1,-1
2310,76,1099,71,131,113,1.0,-1,-1,-1
2310,78,1255,623,402,325,1.0,-1,-1,-1
2311,76,1098,71,131,113,1.0,-1,-1,-1
2311,78,1250,611,400,327,1.0,-1,-1,-1
2312,76,1097,70,131,113,1.0,-1,-1,-1
2312,78,1248,601,395,333,1.0,-1,-1,-1
2313,76,1097,70,131,113,1.0,-1,-1,-1
2313,78,1246,591,391,315,1.0,-1,-1,-1
2314,76,1096,70,131,113,1.0,-1,-1,-1
2314,78,1245,582,382,308,1.0,-1,-1,-1
2315,76,1095,69,132,114,1.0,-1,-1,-1
2315,78,1241,566,378,307,1.0,-1,-1,-1
2316,76,1094,69,132,114,1.0,-1,-1,-1
2316,78,1236,551,374,307,1.0,-1,-1,-1
2317,76,1093,68,132,114,1.0,-1,-1,-1
2317,78,1233,542,368,308,1.0,-1,-1,-1
2318,76,1092,68,132,114,1.0,-1,-1,-1
2318,78,1222,521,377,314,1.0,-1,-1,-1
2319,76,1092,68,132,114,1.0,-1,-1,-1
2319,78,1229,518,361,304,1.0,-1,-1,-1
2320,76,1091,67,132,114,1.0,-1,-1,-1
2320,78,1215,513,354,284,1.0,-1,-1,-1
2321,76,1090,67,132,114,1.0,-1,-1,-1
2321,78,1214,506,349,278,1.0,-1,-1,-1
2322,76,1089,66,132,114,1.0,-1,-1,-1
2322,78,1208,500,347,270,1.0,-1,-1,-1
2323,76,1088,66,133,115,1.0,-1,-1,-1
2323,78,1203,494,344,265,1.0,-1,-1,-1
2324,76,1087,65,133,115,1.0,-1,-1,-1
2324,78,1196,488,341,265,1.0,-1,-1,-1
2325,76,1087,65,133,115,1.0,-1,-1,-1
2325,78,1188,465,340,272,1.0,-1,-1,-1
2326,76,1086,65,133,115,1.0,-1,-1,-1
2326,78,1185,459,334,268,1.0,-1,-1,-1
2327,76,1085,64,133,115,1.0,-1,-1,-1
2327,78,1181,452,329,264,1.0,-1,-1,-1
2328,76,1084,64,133,115,1.0,-1,-1,-1
2328,78,1181,447,322,259,1.0,-1,-1,-1
2329,76,1083,63,133,115,1.0,-1,-1,-1
2329,78,1179,444,318,251,1.0,-1,-1,-1
2330,76,1082,63,133,115,1.0,-1,-1,-1
2330,78,1158,438,328,239,1.0,-1,-1,-1
2331,76,1082,63,134,116,1.0,-1,-1,-1
2331,78,1158,433,313,235,1.0,-1,-1,-1
