0,87,1178,255,249,166,1.0,-1,-1,-1
1,87,1153,249,281,185,1.0,-1,-1,-1
2,87,1139,245,269,181,1.0,-1,-1,-1
3,87,1124,241,257,177,1.0,-1,-1,-1
4,87,1110,237,245,173,1.0,-1,-1,-1
5,87,1096,233,234,169,1.0,-1,-1,-1
6,87,1082,229,222,165,1.0,-1,-1,-1
7,87,1038,217,247,171,1.0,-1,-1,-1
8,87,1040,220,227,165,1.0,-1,-1,-1
9,87,1018,216,220,163,1.0,-1,-1,-1
10,87,1012,217,215,155,1.0,-1,-1,-1
11,87,982,216,220,151,1.0,-1,-1,-1
12,87,978,217,212,146,1.0,-1,-1,-1
13,87,949,212,210,151,1.0,-1,-1,-1
14,87,946,187,205,172,1.0,-1,-1,-1
15,87,918,190,207,168,1.0,-1,-1,-1
16,87,910,194,202,156,1.0,-1,-1,-1
17,87,887,190,201,154,1.0,-1,-1,-1
17,88,1522,310,396,275,1.0,-1,-1,-1
18,87,879,190,198,147,1.0,-1,-1,-1
18,88,1504,308,414,263,1.0,-1,-1,-1
19,87,872,187,193,144,1.0,-1,-1,-1
19,88,1465,299,408,266,1.0,-1,-1,-1
20,87,844,183,200,145,1.0,-1,-1,-1
20,88,1441,291,415,265,1.0,-1,-1,-1
21,87,837,182,197,143,1.0,-1,-1,-1
21,88,1414,287,395,258,1.0,-1,-1,-1
22,87,814,180,198,143,1.0,-1,-1,-1
22,88,1390,278,410,261,1.0,-1,-1,-1
23,87,810,179,189,141,1.0,-1,-1,-1
23,88,1369,275,412,259,1.0,-1,-1,-1
24,87,806,178,182,140,1.0,-1,-1,-1
24,88,1342,273,393,255,1.0,-1,-1,-1
25,87,783,178,186,137,1.0,-1,-1,-1
25,88,1326,270,389,257,1.0,-1,-1,-1
26,87,779,166,175,146,1.0,-1,-1,-1
26,88,1308,257,385,257,1.0,-1,-1,-1
27,87,768,166,178,139,1.0,-1,-1,-1
27,88,1277,261,375,245,1.0,-1,-1,-1
28,87,752,168,178,133,1.0,-1,-1,-1
28,88,1262,256,374,247,1.0,-1,-1,-1
29,87,745,168,175,127,1.0,-1,-1,-1
29,88,1248,250,361,245,1.0,-1,-1,-1
30,87,737,165,171,126,1.0,-1,-1,-1
30,88,1239,243,352,242,1.0,-1,-1,-1
31,87,717,158,175,131,1.0,-1,-1,-1
31,88,1206,240,350,237,1.0,-1,-1,-1
32,87,713,155,170,132,1.0,-1,-1,-1
32,88,1195,237,338,232,1.0,-1,-1,-1
33,87,708,155,165,130,1.0,-1,-1,-1
33,88,1177,235,337,226,1.0,-1,-1,-1
34,87,703,153,162,130,1.0,-1,-1,-1
34,88,1144,239,343,214,1.0,-1,-1,-1
35,87,684,151,164,131,1.0,-1,-1,-1
35,88,1136,234,331,214,1.0,-1,-1,-1
36,87,678,152,161,128,1.0,-1,-1,-1
36,88,1127,232,317,210,1.0,-1,-1,-1
37,87,671,152,157,125,1.0,-1,-1,-1
37,88,1118,228,306,212,1.0,-1,-1,-1
38,87,668,152,152,122,1.0,-1,-1,-1
38,88,1082,229,315,206,1.0,-1,-1,-1
39,87,651,152,156,119,1.0,-1,-1,-1
39,88,1076,223,304,210,1.0,-1,-1,-1
40,87,647,151,151,118,1.0,-1,-1,-1
40,88,1066,201,296,217,1.0,-1,-1,-1
41,87,637,141,156,120,1.0,-1,-1,-1
41,88,1055,200,291,217,1.0,-1,-1,-1
42,87,633,140,153,119,1.0,-1,-1,-1
42,88,1048,201,289,209,1.0,-1,-1,-1
43,87,619,129,153,129,1.0,-1,-1,-1
43,88,1011,201,302,194,1.0,-1,-1,-1
44,87,609,129,153,125,1.0,-1,-1,-1
44,88,1003,199,294,197,1.0,-1,-1,-1
45,87,611,127,148,123,1.0,-1,-1,-1
45,88,995,193,288,202,1.0,-1,-1,-1
46,87,607,125,144,122,1.0,-1,-1,-1
46,88,983,186,288,207,1.0,-1,-1,-1
47,87,602,123,143,121,1.0,-1,-1,-1
47,88,978,182,282,208,1.0,-1,-1,-1
48,87,595,122,143,121,1.0,-1,-1,-1
48,88,949,180,295,208,1.0,-1,-1,-1
49,87,589,121,143,121,1.0,-1,-1,-1
49,88,942,180,290,203,1.0,-1,-1,-1
50,87,582,119,143,120,1.0,-1,-1,-1
50,88,933,179,284,197,1.0,-1,-1,-1
51,87,576,118,143,120,1.0,-1,-1,-1
51,88,922,179,283,191,1.0,-1,-1,-1
52,87,570,117,143,120,1.0,-1,-1,-1
52,88,913,179,289,188,1.0,-1,-1,-1
53,87,563,115,143,119,1.0,-1,-1,-1
53,88,903,175,299,187,1.0,-1,-1,-1
54,87,557,114,143,119,1.0,-1,-1,-1
54,88,895,175,249,180,1.0,-1,-1,-1
55,87,550,112,143,118,1.0,-1,-1,-1
55,89,1575,372,343,222,1.0,-1,-1,-1
55,88,886,175,250,180,1.0,-1,-1,-1
56,87,544,111,143,118,1.0,-1,-1,-1
56,89,1552,345,365,231,1.0,-1,-1,-1
56,88,862,158,257,201,1.0,-1,-1,-1
57,87,537,110,143,118,1.0,-1,-1,-1
57,89,1501,343,350,224,1.0,-1,-1,-1
57,88,859,176,243,173,1.0,-1,-1,-1
58,87,531,108,143,117,1.0,-1,-1,-1
58,89,1478,340,354,217,1.0,-1,-1,-1
58,88,847,174,249,171,1.0,-1,-1,-1
59,87,524,107,143,117,1.0,-1,-1,-1
59,89,1429,335,345,212,1.0,-1,-1,-1
59,88,841,171,248,170,1.0,-1,-1,-1
60,87,518,106,143,117,1.0,-1,-1,-1
60,89,1404,328,351,208,1.0,-1,-1,-1
60,88,833,169,230,169,1.0,-1,-1,-1
61,87,511,104,143,116,1.0,-1,-1,-1
61,89,1355,321,346,200,1.0,-1,-1,-1
61,88,826,168,229,167,1.0,-1,-1,-1
62,87,505,103,143,116,1.0,-1,-1,-1
62,89,1331,310,350,201,1.0,-1,-1,-1
62,88,820,168,228,165,1.0,-1,-1,-1
63,87,499,102,144,116,1.0,-1,-1,-1
63,89,1285,303,343,198,1.0,-1,-1,-1
63,88,800,166,226,166,1.0,-1,-1,-1
64,87,494,100,142,115,1.0,-1,-1,-1
64,89,1273,282,322,206,1.0,-1,-1,-1
64,88,791,164,233,167,1.0,-1,-1,-1
65,87,490,99,141,115,1.0,-1,-1,-1
65,89,1219,282,339,200,1.0,-1,-1,-1
65,88,787,153,226,175,1.0,-1,-1,-1
66,87,486,98,140,114,1.0,-1,-1,-1
66,89,1214,280,318,194,1.0,-1,-1,-1
66,88,781,152,226,173,1.0,-1,-1,-1
67,87,482,97,139,114,1.0,-1,-1,-1
67,89,1195,273,313,191,1.0,-1,-1,-1
67,88,771,154,213,167,1.0,-1,-1,-1
68,87,478,96,138,113,1.0,-1,-1,-1
68,89,1150,272,322,184,1.0,-1,-1,-1
68,88,766,153,212,164,1.0,-1,-1,-1
69,87,474,95,136,113,1.0,-1,-1,-1
69,89,1136,266,308,184,1.0,-1,-1,-1
69,88,761,153,210,161,1.0,-1,-1,-1
70,87,470,94,135,112,1.0,-1,-1,-1
70,89,1123,260,295,181,1.0,-1,-1,-1
70,88,755,151,208,163,1.0,-1,-1,-1
71,87,466,93,134,112,1.0,-1,-1,-1
71,89,1081,257,298,178,1.0,-1,-1,-1
71,88,740,148,204,164,1.0,-1,-1,-1
72,87,462,92,133,111,1.0,-1,-1,-1
72,89,1068,249,284,178,1.0,-1,-1,-1
72,88,735,148,206,160,1.0,-1,-1,-1
73,87,458,91,132,111,1.0,-1,-1,-1
73,89,1070,244,252,175,1.0,-1,-1,-1
73,88,728,149,207,154,1.0,-1,-1,-1
74,87,453,89,130,110,1.0,-1,-1,-1
74,89,1029,237,276,179,1.0,-1,-1,-1
74,88,723,151,208,150,1.0,-1,-1,-1
75,87,449,88,129,110,1.0,-1,-1,-1
75,89,1031,241,254,170,1.0,-1,-1,-1
75,88,717,152,208,147,1.0,-1,-1,-1
76,87,445,87,128,109,1.0,-1,-1,-1
76,89,991,204,270,188,1.0,-1,-1,-1
76,88,704,147,204,151,1.0,-1,-1,-1
77,87,441,86,127,109,1.0,-1,-1,-1
77,89,994,218,249,175,1.0,-1,-1,-1
77,88,699,146,207,150,1.0,-1,-1,-1
78,87,437,85,126,108,1.0,-1,-1,-1
78,89,977,220,238,164,1.0,-1,-1,-1
78,88,694,146,207,148,1.0,-1,-1,-1
79,87,433,84,124,108,1.0,-1,-1,-1
79,89,964,220,247,156,1.0,-1,-1,-1
79,88,689,145,205,147,1.0,-1,-1,-1
80,87,429,83,123,107,1.0,-1,-1,-1
80,89,941,216,230,156,1.0,-1,-1,-1
80,88,683,142,206,150,1.0,-1,-1,-1
81,87,425,82,122,107,1.0,-1,-1,-1
81,89,933,215,228,153,1.0,-1,-1,-1
81,88,680,140,204,153,1.0,-1,-1,-1
82,87,421,81,121,106,1.0,-1,-1,-1
82,89,904,212,230,154,1.0,-1,-1,-1
82,88,667,139,202,152,1.0,-1,-1,-1
83,87,417,80,120,106,1.0,-1,-1,-1
83,89,898,209,225,155,1.0,-1,-1,-1
83,88,663,138,202,152,1.0,-1,-1,-1
84,87,413,79,119,106,1.0,-1,-1,-1
84,89,870,207,235,155,1.0,-1,-1,-1
84,88,659,139,202,150,1.0,-1,-1,-1
85,87,409,78,118,105,1.0,-1,-1,-1
85,89,871,192,219,160,1.0,-1,-1,-1
85,88,656,138,201,150,1.0,-1,-1,-1
86,87,406,77,118,105,1.0,-1,-1,-1
86,89,863,189,216,158,1.0,-1,-1,-1
86,88,654,139,197,148,1.0,-1,-1,-1
87,87,403,77,118,104,1.0,-1,-1,-1
87,89,842,187,216,154,1.0,-1,-1,-1
87,88,652,140,194,146,1.0,-1,-1,-1
88,87,399,76,117,104,1.0,-1,-1,-1
88,89,834,185,214,151,1.0,-1,-1,-1
88,88,652,142,189,141,1.0,-1,-1,-1
89,87,396,76,117,103,1.0,-1,-1,-1
89,89,825,182,215,149,1.0,-1,-1,-1
89,88,651,144,186,139,1.0,-1,-1,-1
90,87,393,75,117,103,1.0,-1,-1,-1
90,89,811,184,210,146,1.0,-1,-1,-1
90,88,648,146,172,134,1.0,-1,-1,-1
91,87,389,74,116,103,1.0,-1,-1,-1
91,89,807,184,207,142,1.0,-1,-1,-1
91,88,650,146,167,133,1.0,-1,-1,-1
92,87,386,74,116,102,1.0,-1,-1,-1
92,89,800,184,206,140,1.0,-1,-1,-1
92,88,652,146,162,133,1.0,-1,-1,-1
93,87,383,73,116,102,1.0,-1,-1,-1
93,89,794,182,204,141,1.0,-1,-1,-1
93,88,653,145,160,133,1.0,-1,-1,-1
94,87,380,73,116,101,1.0,-1,-1,-1
94,89,776,178,207,145,1.0,-1,-1,-1
94,88,652,133,162,136,1.0,-1,-1,-1
95,87,376,72,115,101,1.0,-1,-1,-1
95,89,775,177,201,144,1.0,-1,-1,-1
95,88,653,134,159,134,1.0,-1,-1,-1
96,87,373,71,115,101,1.0,-1,-1,-1
96,89,773,163,192,153,1.0,-1,-1,-1
96,88,654,137,157,129,1.0,-1,-1,-1
97,87,370,71,115,100,1.0,-1,-1,-1
97,89,765,162,193,154,1.0,-1,-1,-1
97,88,654,136,157,130,1.0,-1,-1,-1
98,87,366,70,114,100,1.0,-1,-1,-1
98,89,759,162,192,151,1.0,-1,-1,-1
98,88,652,136,163,130,1.0,-1,-1,-1
99,87,363,70,114,99,1.0,-1,-1,-1
99,89,745,163,195,146,1.0,-1,-1,-1
100,87,360,69,114,99,1.0,-1,-1,-1
100,89,742,164,194,143,1.0,-1,-1,-1
101,87,357,69,114,99,1.0,-1,-1,-1
101,89,737,162,193,143,1.0,-1,-1,-1
102,87,355,68,113,98,1.0,-1,-1,-1
102,89,730,163,195,138,1.0,-1,-1,-1
103,87,353,68,113,98,1.0,-1,-1,-1
103,89,724,160,194,137,1.0,-1,-1,-1
104,87,351,67,112,97,1.0,-1,-1,-1
104,89,695,153,215,140,1.0,-1,-1,-1
105,87,349,67,112,97,1.0,-1,-1,-1
105,89,699,152,204,140,1.0,-1,-1,-1
106,87,347,67,111,97,1.0,-1,-1,-1
106,89,695,151,204,140,1.0,-1,-1,-1
106,90,1585,370,333,215,1.0,-1,-1,-1
107,87,345,66,111,96,1.0,-1,-1,-1
107,89,693,152,202,136,1.0,-1,-1,-1
107,90,1558,367,360,213,1.0,-1,-1,-1
108,87,343,66,110,96,1.0,-1,-1,-1
108,89,687,152,200,134,1.0,-1,-1,-1
108,90,1544,350,358,216,1.0,-1,-1,-1
109,87,341,65,110,96,1.0,-1,-1,-1
109,89,688,155,192,128,1.0,-1,-1,-1
109,90,1508,347,336,213,1.0,-1,-1,-1
110,87,339,65,109,95,1.0,-1,-1,-1
110,89,671,152,195,134,1.0,-1,-1,-1
110,90,1486,345,338,207,1.0,-1,-1,-1
111,87,337,65,109,95,1.0,-1,-1,-1
111,89,666,152,194,131,1.0,-1,-1,-1
111,90,1441,342,340,197,1.0,-1,-1,-1
112,87,335,64,109,95,1.0,-1,-1,-1
112,89,659,154,194,128,1.0,-1,-1,-1
112,90,1422,340,339,192,1.0,-1,-1,-1
113,87,333,64,108,94,1.0,-1,-1,-1
113,89,653,156,191,124,1.0,-1,-1,-1
113,90,1396,334,349,189,1.0,-1,-1,-1
114,87,331,63,108,94,1.0,-1,-1,-1
114,89,650,156,188,122,1.0,-1,-1,-1
114,90,1363,323,335,192,1.0,-1,-1,-1
115,87,329,63,107,94,1.0,-1,-1,-1
115,89,634,156,189,125,1.0,-1,-1,-1
115,90,1341,315,338,192,1.0,-1,-1,-1
116,87,327,63,107,93,1.0,-1,-1,-1
116,89,630,156,185,122,1.0,-1,-1,-1
116,90,1319,308,343,195,1.0,-1,-1,-1
117,87,325,62,106,93,1.0,-1,-1,-1
117,89,626,154,180,120,1.0,-1,-1,-1
117,90,1287,303,329,192,1.0,-1,-1,-1
118,87,323,62,106,92,1.0,-1,-1,-1
118,89,621,154,178,120,1.0,-1,-1,-1
118,90,1273,284,313,201,1.0,-1,-1,-1
119,87,321,62,105,92,1.0,-1,-1,-1
119,89,604,155,181,118,1.0,-1,-1,-1
119,90,1257,281,314,198,1.0,-1,-1,-1
120,87,319,61,105,92,1.0,-1,-1,-1
120,89,603,154,176,118,1.0,-1,-1,-1
120,90,1222,283,314,194,1.0,-1,-1,-1
121,87,317,61,104,91,1.0,-1,-1,-1
121,89,603,152,166,119,1.0,-1,-1,-1
121,90,1205,279,308,191,1.0,-1,-1,-1
122,87,315,60,104,91,1.0,-1,-1,-1
122,89,598,135,163,126,1.0,-1,-1,-1
122,90,1186,275,311,187,1.0,-1,-1,-1
123,87,313,60,104,91,1.0,-1,-1,-1
123,89,595,136,160,123,1.0,-1,-1,-1
123,90,1156,274,304,184,1.0,-1,-1,-1
124,87,311,60,103,90,1.0,-1,-1,-1
124,89,590,135,161,121,1.0,-1,-1,-1
124,90,1137,270,302,183,1.0,-1,-1,-1
125,87,309,59,103,90,1.0,-1,-1,-1
125,89,576,137,166,120,1.0,-1,-1,-1
125,90,1124,265,295,182,1.0,-1,-1,-1
126,87,307,59,102,90,1.0,-1,-1,-1
126,89,574,136,162,118,1.0,-1,-1,-1
126,90,1094,262,294,178,1.0,-1,-1,-1
127,89,571,138,157,114,1.0,-1,-1,-1
127,90,1107,257,258,178,1.0,-1,-1,-1
128,89,570,139,152,111,1.0,-1,-1,-1
128,90,1070,248,277,183,1.0,-1,-1,-1
129,89,569,140,148,108,1.0,-1,-1,-1
129,90,1074,247,245,176,1.0,-1,-1,-1
130,89,568,139,144,107,1.0,-1,-1,-1
130,90,1045,244,248,172,1.0,-1,-1,-1
131,89,566,138,141,107,1.0,-1,-1,-1
131,90,1035,243,250,170,1.0,-1,-1,-1
132,89,565,137,139,107,1.0,-1,-1,-1
132,90,1037,246,232,162,1.0,-1,-1,-1
133,89,563,134,140,108,1.0,-1,-1,-1
133,90,1008,238,238,171,1.0,-1,-1,-1
134,89,551,129,146,117,1.0,-1,-1,-1
134,90,999,219,236,180,1.0,-1,-1,-1
135,89,548,125,147,121,1.0,-1,-1,-1
135,90,986,226,226,167,1.0,-1,-1,-1
136,89,547,124,145,121,1.0,-1,-1,-1
136,90,975,226,230,161,1.0,-1,-1,-1
137,89,542,123,145,121,1.0,-1,-1,-1
137,90,969,227,226,153,1.0,-1,-1,-1
138,89,539,121,145,122,1.0,-1,-1,-1
138,90,945,220,219,155,1.0,-1,-1,-1
139,89,540,120,138,117,1.0,-1,-1,-1
139,90,939,217,215,152,1.0,-1,-1,-1
140,89,537,119,137,117,1.0,-1,-1,-1
140,90,907,215,224,150,1.0,-1,-1,-1
141,89,533,117,135,117,1.0,-1,-1,-1
141,90,901,214,218,148,1.0,-1,-1,-1
142,89,529,118,135,115,1.0,-1,-1,-1
142,90,876,213,226,148,1.0,-1,-1,-1
143,89,527,118,134,112,1.0,-1,-1,-1
143,90,871,210,220,150,1.0,-1,-1,-1
144,91,237,61,101,91,1.0,-1,-1,-1
144,89,508,118,147,114,1.0,-1,-1,-1
144,90,869,199,210,154,1.0,-1,-1,-1
145,91,238,61,103,92,1.0,-1,-1,-1
145,89,516,111,136,111,1.0,-1,-1,-1
145,90,844,196,215,154,1.0,-1,-1,-1
146,91,238,62,105,93,1.0,-1,-1,-1
146,89,514,112,134,109,1.0,-1,-1,-1
146,90,837,192,214,153,1.0,-1,-1,-1
146,88,1121,94,294,138,1.0,-1,-1,-1
147,91,244,57,114,96,1.0,-1,-1,-1
147,89,509,112,134,109,1.0,-1,-1,-1
147,90,831,188,207,151,1.0,-1,-1,-1
147,88,1130,94,287,135,1.0,-1,-1,-1
148,91,242,57,119,100,1.0,-1,-1,-1
148,89,505,112,134,108,1.0,-1,-1,-1
148,90,812,188,207,147,1.0,-1,-1,-1
148,88,1161,90,292,138,1.0,-1,-1,-1
149,91,243,57,118,102,1.0,-1,-1,-1
149,89,499,111,135,108,1.0,-1,-1,-1
149,90,807,187,201,144,1.0,-1,-1,-1
149,88,1166,89,292,138,1.0,-1,-1,-1
150,91,245,58,117,103,1.0,-1,-1,-1
150,89,495,110,135,107,1.0,-1,-1,-1
150,90,798,186,200,140,1.0,-1,-1,-1
151,91,248,58,113,103,1.0,-1,-1,-1
151,89,490,108,141,100,1.0,-1,-1,-1
151,90,778,184,203,141,1.0,-1,-1,-1
152,91,248,59,114,103,1.0,-1,-1,-1
152,89,484,109,132,103,1.0,-1,-1,-1
152,90,772,182,199,140,1.0,-1,-1,-1
153,91,250,61,114,102,1.0,-1,-1,-1
153,89,474,106,148,109,1.0,-1,-1,-1
153,90,763,181,199,139,1.0,-1,-1,-1
154,91,251,63,116,101,1.0,-1,-1,-1
154,89,472,105,145,108,1.0,-1,-1,-1
154,90,757,180,198,139,1.0,-1,-1,-1
155,91,254,65,115,99,1.0,-1,-1,-1
155,89,469,105,140,105,1.0,-1,-1,-1
155,90,741,179,196,138,1.0,-1,-1,-1
156,91,255,66,116,99,1.0,-1,-1,-1
156,89,466,103,136,103,1.0,-1,-1,-1
156,90,746,168,178,145,1.0,-1,-1,-1
157,91,257,67,117,98,1.0,-1,-1,-1
157,89,462,100,134,102,1.0,-1,-1,-1
157,90,736,169,180,141,1.0,-1,-1,-1
158,91,260,67,119,99,1.0,-1,-1,-1
158,89,459,88,131,116,1.0,-1,-1,-1
158,90,728,169,180,135,1.0,-1,-1,-1
159,91,261,69,122,99,1.0,-1,-1,-1
159,89,457,97,131,101,1.0,-1,-1,-1
159,90,715,165,184,136,1.0,-1,-1,-1
160,91,262,71,125,99,1.0,-1,-1,-1
160,89,457,99,127,97,1.0,-1,-1,-1
160,90,712,164,180,132,1.0,-1,-1,-1
161,91,262,72,128,100,1.0,-1,-1,-1
161,89,448,98,130,101,1.0,-1,-1,-1
161,90,706,165,178,128,1.0,-1,-1,-1
162,91,265,73,124,100,1.0,-1,-1,-1
162,89,445,97,132,99,1.0,-1,-1,-1
162,90,700,164,174,126,1.0,-1,-1,-1
163,91,271,73,129,102,1.0,-1,-1,-1
163,89,443,96,128,97,1.0,-1,-1,-1
163,90,696,162,171,126,1.0,-1,-1,-1
164,91,271,72,132,105,1.0,-1,-1,-1
164,89,441,96,124,95,1.0,-1,-1,-1
164,90,686,155,169,131,1.0,-1,-1,-1
165,91,273,73,132,106,1.0,-1,-1,-1
165,89,437,96,123,93,1.0,-1,-1,-1
165,90,682,157,167,127,1.0,-1,-1,-1
166,91,275,73,131,106,1.0,-1,-1,-1
166,89,434,98,121,92,1.0,-1,-1,-1
166,90,678,158,166,124,1.0,-1,-1,-1
167,91,280,74,127,106,1.0,-1,-1,-1
167,89,431,99,121,88,1.0,-1,-1,-1
167,90,674,158,162,123,1.0,-1,-1,-1
168,91,284,75,123,106,1.0,-1,-1,-1
168,89,428,100,121,85,1.0,-1,-1,-1
168,90,671,155,158,125,1.0,-1,-1,-1
169,91,288,75,121,106,1.0,-1,-1,-1
169,89,424,100,122,83,1.0,-1,-1,-1
169,90,667,155,155,125,1.0,-1,-1,-1
170,91,291,75,120,107,1.0,-1,-1,-1
170,89,424,100,117,81,1.0,-1,-1,-1
170,90,652,153,164,126,1.0,-1,-1,-1
171,91,294,75,120,107,1.0,-1,-1,-1
171,89,411,101,130,79,1.0,-1,-1,-1
171,90,649,154,162,121,1.0,-1,-1,-1
172,91,299,76,120,110,1.0,-1,-1,-1
172,89,411,100,126,79,1.0,-1,-1,-1
172,90,646,153,160,120,1.0,-1,-1,-1
173,91,302,81,123,108,1.0,-1,-1,-1
173,89,410,97,123,82,1.0,-1,-1,-1
173,90,642,152,156,119,1.0,-1,-1,-1
174,91,306,80,141,111,1.0,-1,-1,-1
174,89,408,95,120,84,1.0,-1,-1,-1
174,90,639,151,153,119,1.0,-1,-1,-1
175,91,308,80,138,111,1.0,-1,-1,-1
175,89,412,81,108,90,1.0,-1,-1,-1
175,90,635,152,150,117,1.0,-1,-1,-1
176,91,307,84,137,106,1.0,-1,-1,-1
176,89,409,79,108,93,1.0,-1,-1,-1
176,90,633,153,146,114,1.0,-1,-1,-1
177,91,311,85,135,108,1.0,-1,-1,-1
177,89,406,79,108,92,1.0,-1,-1,-1
177,90,620,155,154,111,1.0,-1,-1,-1
178,91,315,87,133,111,1.0,-1,-1,-1
178,90,620,135,146,124,1.0,-1,-1,-1
179,91,316,86,141,119,1.0,-1,-1,-1
179,90,616,137,145,120,1.0,-1,-1,-1
180,91,321,88,143,118,1.0,-1,-1,-1
180,90,610,136,146,119,1.0,-1,-1,-1
181,91,326,88,142,119,1.0,-1,-1,-1
181,90,606,134,144,118,1.0,-1,-1,-1
182,91,331,88,141,120,1.0,-1,-1,-1
182,90,602,132,143,116,1.0,-1,-1,-1
183,91,333,86,140,123,1.0,-1,-1,-1
183,90,599,129,142,115,1.0,-1,-1,-1
184,91,350,85,133,122,1.0,-1,-1,-1
184,90,588,132,144,113,1.0,-1,-1,-1
185,91,354,83,134,127,1.0,-1,-1,-1
185,90,586,131,142,112,1.0,-1,-1,-1
186,91,359,83,134,130,1.0,-1,-1,-1
186,90,579,128,142,113,1.0,-1,-1,-1
187,91,363,83,133,132,1.0,-1,-1,-1
187,90,573,125,142,113,1.0,-1,-1,-1
188,91,366,86,133,132,1.0,-1,-1,-1
188,90,567,123,142,113,1.0,-1,-1,-1
189,91,362,92,146,128,1.0,-1,-1,-1
189,90,571,126,137,115,1.0,-1,-1,-1
190,91,364,95,148,127,1.0,-1,-1,-1
190,90,567,124,136,117,1.0,-1,-1,-1
191,91,378,103,145,121,1.0,-1,-1,-1
191,90,564,123,135,114,1.0,-1,-1,-1
192,91,382,103,147,125,1.0,-1,-1,-1
192,90,551,122,144,121,1.0,-1,-1,-1
193,91,385,100,152,130,1.0,-1,-1,-1
193,90,554,120,135,117,1.0,-1,-1,-1
194,91,389,109,154,129,1.0,-1,-1,-1
194,90,551,120,135,115,1.0,-1,-1,-1
195,91,394,112,157,128,1.0,-1,-1,-1
195,89,342,73,115,85,1.0,-1,-1,-1
195,90,547,120,135,113,1.0,-1,-1,-1
196,91,403,113,163,128,1.0,-1,-1,-1
196,89,339,73,115,82,1.0,-1,-1,-1
196,90,540,128,138,101,1.0,-1,-1,-1
197,91,406,117,164,126,1.0,-1,-1,-1
197,90,536,128,139,100,1.0,-1,-1,-1
198,91,412,119,166,124,1.0,-1,-1,-1
198,90,531,126,140,102,1.0,-1,-1,-1
199,91,418,119,166,127,1.0,-1,-1,-1
200,91,423,119,168,130,1.0,-1,-1,-1
201,91,427,118,168,135,1.0,-1,-1,-1
201,89,326,68,110,84,1.0,-1,-1,-1
202,91,436,119,176,133,1.0,-1,-1,-1
202,89,321,67,113,85,1.0,-1,-1,-1
203,91,441,123,176,135,1.0,-1,-1,-1
203,89,319,67,111,84,1.0,-1,-1,-1
204,91,448,124,177,138,1.0,-1,-1,-1
204,89,317,68,110,83,1.0,-1,-1,-1
205,91,454,125,178,143,1.0,-1,-1,-1
206,91,459,123,180,152,1.0,-1,-1,-1
207,91,472,120,178,159,1.0,-1,-1,-1
208,91,479,117,178,168,1.0,-1,-1,-1
209,91,485,116,180,169,1.0,-1,-1,-1
210,91,488,130,189,161,1.0,-1,-1,-1
211,91,489,134,195,159,1.0,-1,-1,-1
212,91,505,139,195,156,1.0,-1,-1,-1
213,91,514,142,194,156,1.0,-1,-1,-1
214,91,523,142,191,160,1.0,-1,-1,-1
215,91,541,141,193,168,1.0,-1,-1,-1
216,91,547,145,196,168,1.0,-1,-1,-1
216,90,469,103,126,100,1.0,-1,-1,-1
217,91,555,149,198,168,1.0,-1,-1,-1
217,90,466,100,125,100,1.0,-1,-1,-1
218,91,573,150,200,173,1.0,-1,-1,-1
218,90,462,98,126,102,1.0,-1,-1,-1
219,91,577,153,206,172,1.0,-1,-1,-1
219,90,459,97,127,103,1.0,-1,-1,-1
220,91,580,160,217,176,1.0,-1,-1,-1
220,90,457,98,126,103,1.0,-1,-1,-1
221,91,603,163,211,176,1.0,-1,-1,-1
221,90,450,98,128,104,1.0,-1,-1,-1
222,91,610,166,211,175,1.0,-1,-1,-1
222,90,445,99,133,101,1.0,-1,-1,-1
223,91,616,171,216,174,1.0,-1,-1,-1
223,90,442,99,133,99,1.0,-1,-1,-1
224,91,631,169,229,187,1.0,-1,-1,-1
224,90,441,98,130,97,1.0,-1,-1,-1
225,91,638,173,229,186,1.0,-1,-1,-1
225,90,439,96,126,97,1.0,-1,-1,-1
226,91,649,179,226,181,1.0,-1,-1,-1
226,90,436,94,123,97,1.0,-1,-1,-1
227,91,656,171,251,200,1.0,-1,-1,-1
227,90,432,94,122,97,1.0,-1,-1,-1
228,91,668,180,255,195,1.0,-1,-1,-1
228,90,428,94,124,96,1.0,-1,-1,-1
229,91,675,185,260,195,1.0,-1,-1,-1
229,90,424,95,127,94,1.0,-1,-1,-1
230,91,699,190,258,193,1.0,-1,-1,-1
230,90,420,95,130,92,1.0,-1,-1,-1
231,91,708,196,268,198,1.0,-1,-1,-1
231,90,420,94,127,91,1.0,-1,-1,-1
232,91,722,201,274,200,1.0,-1,-1,-1
232,90,411,95,128,92,1.0,-1,-1,-1
233,91,730,205,283,202,1.0,-1,-1,-1
233,90,410,94,127,92,1.0,-1,-1,-1
234,91,764,206,262,211,1.0,-1,-1,-1
234,90,409,93,124,92,1.0,-1,-1,-1
235,91,771,203,273,221,1.0,-1,-1,-1
235,90,406,93,124,91,1.0,-1,-1,-1
235,92,1523,300,395,268,1.0,-1,-1,-1
236,91,783,215,289,219,1.0,-1,-1,-1
236,90,404,92,119,92,1.0,-1,-1,-1
236,92,1480,294,400,262,1.0,-1,-1,-1
237,91,795,218,298,223,1.0,-1,-1,-1
237,90,401,92,118,92,1.0,-1,-1,-1
237,92,1447,287,427,260,1.0,-1,-1,-1
238,91,821,225,305,230,1.0,-1,-1,-1
238,90,405,76,111,96,1.0,-1,-1,-1
238,92,1427,287,430,248,1.0,-1,-1,-1
239,91,835,231,308,231,1.0,-1,-1,-1
239,90,404,75,110,96,1.0,-1,-1,-1
239,92,1399,279,401,251,1.0,-1,-1,-1
240,91,848,238,316,233,1.0,-1,-1,-1
240,90,402,75,110,96,1.0,-1,-1,-1
240,92,1377,277,404,247,1.0,-1,-1,-1
241,91,856,246,328,230,1.0,-1,-1,-1
241,90,400,75,109,96,1.0,-1,-1,-1
241,92,1334,274,401,245,1.0,-1,-1,-1
242,91,887,250,337,232,1.0,-1,-1,-1
242,90,398,75,109,95,1.0,-1,-1,-1
242,92,1318,254,397,255,1.0,-1,-1,-1
243,91,903,255,342,236,1.0,-1,-1,-1
243,90,396,73,109,95,1.0,-1,-1,-1
243,92,1304,250,388,251,1.0,-1,-1,-1
244,91,920,257,340,239,1.0,-1,-1,-1
244,90,394,71,112,95,1.0,-1,-1,-1
244,92,1265,247,366,248,1.0,-1,-1,-1
245,91,950,259,344,249,1.0,-1,-1,-1
245,90,382,79,110,94,1.0,-1,-1,-1
245,92,1250,242,358,245,1.0,-1,-1,-1
246,91,962,266,363,270,1.0,-1,-1,-1
246,90,380,80,111,93,1.0,-1,-1,-1
247,91,976,267,372,276,1.0,-1,-1,-1
247,90,378,82,110,90,1.0,-1,-1,-1
248,91,1018,274,369,278,1.0,-1,-1,-1
248,90,375,83,110,89,1.0,-1,-1,-1
249,91,1025,280,391,283,1.0,-1,-1,-1
249,90,371,83,111,87,1.0,-1,-1,-1
250,91,1038,285,400,286,1.0,-1,-1,-1
250,90,368,83,112,87,1.0,-1,-1,-1
251,91,1071,293,411,295,1.0,-1,-1,-1
251,90,365,82,112,85,1.0,-1,-1,-1
252,91,1082,296,422,302,1.0,-1,-1,-1
253,91,1085,308,453,336,1.0,-1,-1,-1
254,91,1140,322,439,307,1.0,-1,-1,-1
255,91,1142,319,459,335,1.0,-1,-1,-1
256,91,1162,323,476,338,1.0,-1,-1,-1
256,92,1014,205,298,183,1.0,-1,-1,-1
257,91,1195,331,475,339,1.0,-1,-1,-1
257,92,1008,203,293,185,1.0,-1,-1,-1
258,91,1213,341,486,345,1.0,-1,-1,-1
258,92,999,196,286,192,1.0,-1,-1,-1
259,91,1267,357,478,349,1.0,-1,-1,-1
259,90,338,78,122,83,1.0,-1,-1,-1
259,92,990,187,277,198,1.0,-1,-1,-1
260,91,1289,369,485,352,1.0,-1,-1,-1
260,90,336,79,122,83,1.0,-1,-1,-1
260,92,981,181,277,201,1.0,-1,-1,-1
261,91,1324,379,473,353,1.0,-1,-1,-1
261,90,336,80,117,81,1.0,-1,-1,-1
261,92,954,176,285,201,1.0,-1,-1,-1
262,91,1353,386,463,355,1.0,-1,-1,-1
262,92,944,177,295,196,1.0,-1,-1,-1
263,91,1372,391,464,359,1.0,-1,-1,-1
263,92,935,177,297,189,1.0,-1,-1,-1
264,91,1403,414,496,351,1.0,-1,-1,-1
264,92,922,176,305,183,1.0,-1,-1,-1
265,92,927,179,244,177,1.0,-1,-1,-1
266,92,905,174,231,178,1.0,-1,-1,-1
267,92,897,176,233,176,1.0,-1,-1,-1
268,92,869,156,250,201,1.0,-1,-1,-1
269,92,863,171,232,173,1.0,-1,-1,-1
270,92,853,171,234,169,1.0,-1,-1,-1
271,92,838,170,228,168,1.0,-1,-1,-1
272,92,832,169,228,167,1.0,-1,-1,-1
273,92,828,166,221,169,1.0,-1,-1,-1
274,92,826,150,219,181,1.0,-1,-1,-1
275,92,794,150,231,181,1.0,-1,-1,-1
276,92,785,151,235,178,1.0,-1,-1,-1
277,92,779,152,235,172,1.0,-1,-1,-1
278,92,766,154,219,165,1.0,-1,-1,-1
279,92,759,154,221,162,1.0,-1,-1,-1
280,92,755,152,218,162,1.0,-1,-1,-1
281,92,752,150,212,161,1.0,-1,-1,-1
282,92,729,149,216,159,1.0,-1,-1,-1
283,92,722,148,215,155,1.0,-1,-1,-1
284,92,716,147,214,153,1.0,-1,-1,-1
285,92,699,141,212,158,1.0,-1,-1,-1
286,92,689,140,217,158,1.0,-1,-1,-1
287,92,682,135,217,162,1.0,-1,-1,-1
288,92,676,131,216,166,1.0,-1,-1,-1
289,92,653,134,223,160,1.0,-1,-1,-1
290,92,643,135,227,158,1.0,-1,-1,-1
291,92,636,134,225,158,1.0,-1,-1,-1
292,92,613,134,231,159,1.0,-1,-1,-1
293,92,601,132,240,159,1.0,-1,-1,-1
294,92,597,119,244,160,1.0,-1,-1,-1
295,92,568,138,242,150,1.0,-1,-1,-1
296,92,559,112,243,172,1.0,-1,-1,-1
297,92,553,111,243,171,1.0,-1,-1,-1
298,92,520,118,256,163,1.0,-1,-1,-1
299,92,509,119,262,159,1.0,-1,-1,-1
300,92,481,123,260,156,1.0,-1,-1,-1
301,92,468,124,268,155,1.0,-1,-1,-1
302,92,443,126,267,152,1.0,-1,-1,-1
303,92,434,126,267,150,1.0,-1,-1,-1
304,92,405,125,266,151,1.0,-1,-1,-1
305,92,397,124,264,152,1.0,-1,-1,-1
306,92,370,124,267,152,1.0,-1,-1,-1
307,92,361,124,268,149,1.0,-1,-1,-1
308,92,324,126,276,148,1.0,-1,-1,-1
309,92,289,128,279,146,1.0,-1,-1,-1
310,92,282,128,279,144,1.0,-1,-1,-1
311,92,241,131,290,139,1.0,-1,-1,-1
312,92,205,131,300,142,1.0,-1,-1,-1
313,92,197,131,300,140,1.0,-1,-1,-1
314,92,164,135,295,134,1.0,-1,-1,-1
315,92,144,134,267,136,1.0,-1,-1,-1
316,92,114,136,260,135,1.0,-1,-1,-1
317,92,88,148,294,124,1.0,-1,-1,-1
318,92,43,146,312,129,1.0,-1,-1,-1
319,92,16,148,300,126,1.0,-1,-1,-1
320,92,0,149,276,128,1.0,-1,-1,-1
321,93,256,70,101,92,1.0,-1,-1,-1
322,93,256,72,104,92,1.0,-1,-1,-1
323,93,257,75,105,90,1.0,-1,-1,-1
324,93,257,76,106,92,1.0,-1,-1,-1
325,93,258,77,106,91,1.0,-1,-1,-1
326,93,259,79,106,91,1.0,-1,-1,-1
327,93,262,82,108,90,1.0,-1,-1,-1
328,93,265,83,110,90,1.0,-1,-1,-1
329,93,268,84,111,90,1.0,-1,-1,-1
330,93,269,84,112,91,1.0,-1,-1,-1
331,93,270,83,112,93,1.0,-1,-1,-1
332,93,271,82,112,95,1.0,-1,-1,-1
333,93,273,82,110,94,1.0,-1,-1,-1
336,93,281,93,112,86,1.0,-1,-1,-1
337,93,281,92,117,88,1.0,-1,-1,-1
338,93,285,92,115,89,1.0,-1,-1,-1
339,93,289,93,114,89,1.0,-1,-1,-1
340,93,292,95,112,89,1.0,-1,-1,-1
341,93,294,97,111,88,1.0,-1,-1,-1
342,93,296,98,111,88,1.0,-1,-1,-1
343,93,298,99,109,88,1.0,-1,-1,-1
344,93,301,99,107,89,1.0,-1,-1,-1
345,93,305,97,104,92,1.0,-1,-1,-1
346,93,308,97,104,95,1.0,-1,-1,-1
347,93,309,96,107,99,1.0,-1,-1,-1
348,93,309,96,109,101,1.0,-1,-1,-1
349,93,314,96,121,101,1.0,-1,-1,-1
350,93,313,96,125,102,1.0,-1,-1,-1
351,93,314,98,127,101,1.0,-1,-1,-1
352,93,318,100,129,100,1.0,-1,-1,-1
353,93,322,103,128,99,1.0,-1,-1,-1
354,93,326,104,127,100,1.0,-1,-1,-1
355,93,327,106,129,102,1.0,-1,-1,-1
356,93,330,105,129,105,1.0,-1,-1,-1
357,93,333,104,128,106,1.0,-1,-1,-1
358,93,355,110,114,98,1.0,-1,-1,-1
359,93,354,110,120,102,1.0,-1,-1,-1
360,93,355,110,124,104,1.0,-1,-1,-1
361,93,357,111,125,106,1.0,-1,-1,-1
362,93,361,112,124,106,1.0,-1,-1,-1
363,93,364,112,125,107,1.0,-1,-1,-1
364,93,369,118,122,102,1.0,-1,-1,-1
