0,250,351,79,268,213,1.0,-1,-1,-1
0,185,1085,281,567,465,1.0,-1,-1,-1
1,250,384,93,242,198,1.0,-1,-1,-1
1,185,1113,278,544,478,1.0,-1,-1,-1
2,250,380,95,244,200,1.0,-1,-1,-1
2,185,1129,278,558,499,1.0,-1,-1,-1
3,250,377,96,244,201,1.0,-1,-1,-1
3,185,1139,281,581,515,1.0,-1,-1,-1
4,250,372,98,247,201,1.0,-1,-1,-1
4,185,1149,284,596,521,1.0,-1,-1,-1
5,250,369,99,248,202,1.0,-1,-1,-1
5,185,1157,293,602,519,1.0,-1,-1,-1
6,250,365,101,250,202,1.0,-1,-1,-1
6,185,1179,300,624,518,1.0,-1,-1,-1
7,250,357,103,253,202,1.0,-1,-1,-1
7,185,1186,309,633,531,1.0,-1,-1,-1
8,250,349,106,257,200,1.0,-1,-1,-1
8,185,1203,315,637,547,1.0,-1,-1,-1
9,250,343,106,255,205,1.0,-1,-1,-1
9,185,1213,323,658,559,1.0,-1,-1,-1
10,250,339,105,252,209,1.0,-1,-1,-1
10,185,1230,321,668,573,1.0,-1,-1,-1
11,250,333,104,252,213,1.0,-1,-1,-1
11,185,1256,342,662,586,1.0,-1,-1,-1
12,250,327,108,255,209,1.0,-1,-1,-1
12,252,1468,132,356,281,1.0,-1,-1,-1
12,185,1273,356,645,590,1.0,-1,-1,-1
13,250,322,109,256,209,1.0,-1,-1,-1
13,252,1457,127,357,286,1.0,-1,-1,-1
13,185,1321,363,597,594,1.0,-1,-1,-1
14,250,311,114,259,207,1.0,-1,-1,-1
14,252,1440,127,343,283,1.0,-1,-1,-1
15,250,308,113,262,213,1.0,-1,-1,-1
15,252,1429,128,342,280,1.0,-1,-1,-1
16,250,304,111,268,217,1.0,-1,-1,-1
16,252,1416,128,337,279,1.0,-1,-1,-1
17,250,300,111,271,219,1.0,-1,-1,-1
17,252,1403,125,335,279,1.0,-1,-1,-1
18,250,297,112,270,219,1.0,-1,-1,-1
18,252,1391,123,340,279,1.0,-1,-1,-1
19,250,295,111,266,222,1.0,-1,-1,-1
19,252,1377,121,333,275,1.0,-1,-1,-1
20,250,294,111,262,225,1.0,-1,-1,-1
20,252,1374,121,332,274,1.0,-1,-1,-1
21,250,294,111,260,227,1.0,-1,-1,-1
21,252,1373,121,329,275,1.0,-1,-1,-1
22,250,294,111,260,227,1.0,-1,-1,-1
22,252,1373,121,329,275,1.0,-1,-1,-1
23,250,294,111,260,227,1.0,-1,-1,-1
23,252,1373,121,329,275,1.0,-1,-1,-1
24,250,294,111,260,227,1.0,-1,-1,-1
24,252,1373,121,329,275,1.0,-1,-1,-1
25,250,294,111,260,227,1.0,-1,-1,-1
25,252,1373,121,329,275,1.0,-1,-1,-1
26,250,294,111,260,227,1.0,-1,-1,-1
26,252,1373,121,329,275,1.0,-1,-1,-1
27,250,294,111,260,227,1.0,-1,-1,-1
27,252,1373,121,329,275,1.0,-1,-1,-1
28,250,294,111,260,227,1.0,-1,-1,-1
28,252,1373,121,329,275,1.0,-1,-1,-1
29,250,294,111,260,227,1.0,-1,-1,-1
29,252,1373,121,329,275,1.0,-1,-1,-1
30,250,282,113,266,233,1.0,-1,-1,-1
30,252,1342,129,362,258,1.0,-1,-1,-1
31,250,269,114,275,241,1.0,-1,-1,-1
31,252,1255,123,343,227,1.0,-1,-1,-1
32,250,254,116,285,249,1.0,-1,-1,-1
32,252,1269,118,285,239,1.0,-1,-1,-1
33,250,252,116,290,253,1.0,-1,-1,-1
33,252,1245,119,299,233,1.0,-1,-1,-1
34,250,255,128,289,250,1.0,-1,-1,-1
34,252,1244,118,289,232,1.0,-1,-1,-1
34,253,1568,157,350,310,1.0,-1,-1,-1
35,250,254,127,292,254,1.0,-1,-1,-1
35,252,1234,117,285,231,1.0,-1,-1,-1
35,253,1557,155,361,310,1.0,-1,-1,-1
36,250,254,130,290,253,1.0,-1,-1,-1
36,252,1225,115,282,232,1.0,-1,-1,-1
36,253,1540,152,378,310,1.0,-1,-1,-1
37,250,252,130,297,255,1.0,-1,-1,-1
37,252,1215,113,280,232,1.0,-1,-1,-1
37,253,1527,151,380,308,1.0,-1,-1,-1
38,250,250,130,301,257,1.0,-1,-1,-1
38,252,1211,111,277,232,1.0,-1,-1,-1
38,253,1499,146,386,300,1.0,-1,-1,-1
39,250,249,130,305,258,1.0,-1,-1,-1
39,252,1207,109,277,233,1.0,-1,-1,-1
39,253,1500,145,382,302,1.0,-1,-1,-1
40,250,253,136,302,258,1.0,-1,-1,-1
40,252,1205,106,273,235,1.0,-1,-1,-1
40,253,1493,142,372,299,1.0,-1,-1,-1
41,250,258,143,301,257,1.0,-1,-1,-1
41,252,1179,104,278,235,1.0,-1,-1,-1
41,253,1478,138,368,296,1.0,-1,-1,-1
42,250,263,148,303,260,1.0,-1,-1,-1
42,252,1178,100,265,236,1.0,-1,-1,-1
42,253,1457,136,370,289,1.0,-1,-1,-1
43,250,266,152,307,258,1.0,-1,-1,-1
43,252,1171,98,262,234,1.0,-1,-1,-1
43,253,1429,130,374,289,1.0,-1,-1,-1
44,250,268,153,311,261,1.0,-1,-1,-1
44,252,1163,102,265,229,1.0,-1,-1,-1
44,253,1423,129,366,287,1.0,-1,-1,-1
45,250,271,156,314,261,1.0,-1,-1,-1
45,252,1153,101,269,229,1.0,-1,-1,-1
45,253,1414,128,357,285,1.0,-1,-1,-1
46,250,272,154,316,266,1.0,-1,-1,-1
46,252,1145,101,271,227,1.0,-1,-1,-1
46,253,1405,128,348,280,1.0,-1,-1,-1
47,250,275,157,316,267,1.0,-1,-1,-1
47,252,1138,98,270,229,1.0,-1,-1,-1
47,253,1395,127,347,277,1.0,-1,-1,-1
48,250,277,159,317,272,1.0,-1,-1,-1
48,252,1134,96,265,230,1.0,-1,-1,-1
48,253,1387,124,347,278,1.0,-1,-1,-1
49,250,277,163,321,277,1.0,-1,-1,-1
49,252,1125,95,251,220,1.0,-1,-1,-1
49,253,1358,122,356,274,1.0,-1,-1,-1
50,250,276,163,325,285,1.0,-1,-1,-1
50,252,1128,91,242,224,1.0,-1,-1,-1
50,253,1354,122,351,272,1.0,-1,-1,-1
51,250,275,163,328,287,1.0,-1,-1,-1
51,252,1128,90,239,223,1.0,-1,-1,-1
51,253,1351,122,348,270,1.0,-1,-1,-1
52,250,275,163,328,287,1.0,-1,-1,-1
52,252,1128,90,239,223,1.0,-1,-1,-1
52,253,1351,122,348,270,1.0,-1,-1,-1
53,250,275,163,328,287,1.0,-1,-1,-1
53,252,1128,90,239,223,1.0,-1,-1,-1
53,253,1351,122,348,270,1.0,-1,-1,-1
54,250,275,163,328,287,1.0,-1,-1,-1
54,252,1128,90,239,223,1.0,-1,-1,-1
54,253,1351,122,348,270,1.0,-1,-1,-1
55,250,275,163,328,287,1.0,-1,-1,-1
55,252,1128,90,239,223,1.0,-1,-1,-1
55,253,1351,122,348,270,1.0,-1,-1,-1
56,250,275,163,328,287,1.0,-1,-1,-1
56,252,1128,90,239,223,1.0,-1,-1,-1
56,253,1351,122,348,270,1.0,-1,-1,-1
57,250,275,163,328,287,1.0,-1,-1,-1
57,252,1128,90,239,223,1.0,-1,-1,-1
57,253,1351,122,348,270,1.0,-1,-1,-1
58,250,275,163,328,287,1.0,-1,-1,-1
58,252,1128,90,239,223,1.0,-1,-1,-1
58,253,1351,122,348,270,1.0,-1,-1,-1
59,250,275,163,328,287,1.0,-1,-1,-1
59,252,1128,90,239,223,1.0,-1,-1,-1
59,253,1351,122,348,270,1.0,-1,-1,-1
60,250,289,187,359,300,1.0,-1,-1,-1
60,252,1106,91,241,216,1.0,-1,-1,-1
60,253,1351,122,348,270,1.0,-1,-1,-1
61,250,303,200,369,304,1.0,-1,-1,-1
61,253,1248,118,312,252,1.0,-1,-1,-1
62,250,317,210,381,313,1.0,-1,-1,-1
62,252,1054,90,226,206,1.0,-1,-1,-1
62,253,1230,116,318,242,1.0,-1,-1,-1
63,250,313,208,393,324,1.0,-1,-1,-1
63,252,1050,90,224,207,1.0,-1,-1,-1
63,253,1225,117,307,237,1.0,-1,-1,-1
64,250,313,210,395,328,1.0,-1,-1,-1
64,252,1043,90,224,207,1.0,-1,-1,-1
64,253,1217,116,301,234,1.0,-1,-1,-1
65,250,322,214,407,331,1.0,-1,-1,-1
65,252,1034,91,226,207,1.0,-1,-1,-1
65,254,319,95,207,175,1.0,-1,-1,-1
65,253,1210,117,296,230,1.0,-1,-1,-1
66,250,324,226,410,351,1.0,-1,-1,-1
66,252,1017,103,237,188,1.0,-1,-1,-1
66,254,313,92,210,180,1.0,-1,-1,-1
66,253,1202,115,295,232,1.0,-1,-1,-1
67,250,326,225,412,353,1.0,-1,-1,-1
67,252,1011,103,237,189,1.0,-1,-1,-1
67,254,309,89,210,184,1.0,-1,-1,-1
67,253,1197,113,293,233,1.0,-1,-1,-1
68,250,331,231,410,348,1.0,-1,-1,-1
68,252,1006,102,237,189,1.0,-1,-1,-1
68,254,306,87,210,188,1.0,-1,-1,-1
68,253,1192,110,292,234,1.0,-1,-1,-1
69,250,335,206,403,398,1.0,-1,-1,-1
69,252,1004,91,225,208,1.0,-1,-1,-1
69,253,1174,110,294,234,1.0,-1,-1,-1
70,250,343,213,402,398,1.0,-1,-1,-1
70,252,1001,91,225,204,1.0,-1,-1,-1
70,254,298,84,205,190,1.0,-1,-1,-1
70,253,1172,109,289,234,1.0,-1,-1,-1
71,250,350,217,400,404,1.0,-1,-1,-1
71,252,1001,91,223,204,1.0,-1,-1,-1
71,254,294,85,208,191,1.0,-1,-1,-1
71,253,1171,107,278,236,1.0,-1,-1,-1
72,250,356,225,403,409,1.0,-1,-1,-1
72,252,980,104,233,181,1.0,-1,-1,-1
72,254,291,86,208,190,1.0,-1,-1,-1
72,253,1166,106,272,234,1.0,-1,-1,-1
73,250,358,230,408,414,1.0,-1,-1,-1
73,252,980,105,231,183,1.0,-1,-1,-1
73,254,288,87,209,189,1.0,-1,-1,-1
73,253,1163,105,266,232,1.0,-1,-1,-1
74,250,359,236,412,413,1.0,-1,-1,-1
74,252,978,105,230,183,1.0,-1,-1,-1
74,254,287,87,208,189,1.0,-1,-1,-1
74,253,1160,105,266,231,1.0,-1,-1,-1
75,250,359,236,412,413,1.0,-1,-1,-1
75,252,978,105,230,183,1.0,-1,-1,-1
75,254,287,87,208,189,1.0,-1,-1,-1
75,253,1160,105,266,231,1.0,-1,-1,-1
76,250,359,236,412,413,1.0,-1,-1,-1
76,252,978,105,230,183,1.0,-1,-1,-1
76,254,287,87,208,189,1.0,-1,-1,-1
76,253,1160,105,266,231,1.0,-1,-1,-1
77,250,359,236,412,413,1.0,-1,-1,-1
77,252,978,105,230,183,1.0,-1,-1,-1
77,254,287,87,208,189,1.0,-1,-1,-1
77,253,1160,105,266,231,1.0,-1,-1,-1
78,250,359,236,412,413,1.0,-1,-1,-1
78,252,978,105,230,183,1.0,-1,-1,-1
78,254,287,87,208,189,1.0,-1,-1,-1
78,253,1160,105,266,231,1.0,-1,-1,-1
79,250,359,238,412,411,1.0,-1,-1,-1
79,252,978,105,230,183,1.0,-1,-1,-1
79,254,287,87,208,190,1.0,-1,-1,-1
79,253,1160,105,266,231,1.0,-1,-1,-1
80,250,360,241,412,408,1.0,-1,-1,-1
80,252,978,106,230,183,1.0,-1,-1,-1
80,254,287,87,207,190,1.0,-1,-1,-1
80,253,1160,105,265,231,1.0,-1,-1,-1
81,250,360,243,412,406,1.0,-1,-1,-1
81,252,979,106,230,182,1.0,-1,-1,-1
81,254,287,86,207,190,1.0,-1,-1,-1
81,253,1160,106,265,231,1.0,-1,-1,-1
82,250,360,243,412,406,1.0,-1,-1,-1
82,252,979,106,230,182,1.0,-1,-1,-1
82,254,287,86,207,190,1.0,-1,-1,-1
82,253,1160,106,265,231,1.0,-1,-1,-1
83,250,360,243,412,406,1.0,-1,-1,-1
83,252,979,106,230,182,1.0,-1,-1,-1
83,254,287,86,207,190,1.0,-1,-1,-1
83,253,1160,106,265,231,1.0,-1,-1,-1
84,250,360,243,412,406,1.0,-1,-1,-1
84,252,979,106,230,182,1.0,-1,-1,-1
84,254,287,86,207,190,1.0,-1,-1,-1
84,253,1160,106,265,231,1.0,-1,-1,-1
85,250,360,243,412,406,1.0,-1,-1,-1
85,252,979,106,230,182,1.0,-1,-1,-1
85,254,287,86,207,190,1.0,-1,-1,-1
85,253,1160,106,265,231,1.0,-1,-1,-1
86,250,360,243,412,406,1.0,-1,-1,-1
86,252,979,106,230,182,1.0,-1,-1,-1
86,254,287,86,207,190,1.0,-1,-1,-1
86,253,1160,106,265,231,1.0,-1,-1,-1
87,250,360,243,412,406,1.0,-1,-1,-1
87,252,979,106,230,182,1.0,-1,-1,-1
87,254,287,86,207,190,1.0,-1,-1,-1
87,253,1160,106,265,231,1.0,-1,-1,-1
88,250,360,243,412,406,1.0,-1,-1,-1
88,252,979,106,230,182,1.0,-1,-1,-1
88,254,287,86,207,190,1.0,-1,-1,-1
88,253,1160,106,265,231,1.0,-1,-1,-1
89,250,360,243,412,406,1.0,-1,-1,-1
89,252,979,106,230,182,1.0,-1,-1,-1
89,254,287,86,207,190,1.0,-1,-1,-1
89,253,1160,106,265,231,1.0,-1,-1,-1
90,250,304,226,500,414,1.0,-1,-1,-1
90,252,979,106,230,182,1.0,-1,-1,-1
90,253,1160,106,265,231,1.0,-1,-1,-1
91,250,425,397,619,533,1.0,-1,-1,-1
91,254,265,94,227,214,1.0,-1,-1,-1
91,253,1032,99,238,208,1.0,-1,-1,-1
91,255,1397,142,334,275,1.0,-1,-1,-1
92,250,439,403,626,529,1.0,-1,-1,-1
92,254,239,102,244,223,1.0,-1,-1,-1
92,253,1050,99,237,212,1.0,-1,-1,-1
92,255,1392,145,340,257,1.0,-1,-1,-1
93,250,445,412,636,544,1.0,-1,-1,-1
93,254,236,101,247,224,1.0,-1,-1,-1
93,253,1045,99,237,212,1.0,-1,-1,-1
93,255,1366,147,339,249,1.0,-1,-1,-1
94,250,454,422,643,561,1.0,-1,-1,-1
94,254,234,100,250,226,1.0,-1,-1,-1
94,253,1034,101,243,207,1.0,-1,-1,-1
94,255,1360,143,334,249,1.0,-1,-1,-1
95,250,459,433,662,579,1.0,-1,-1,-1
95,254,233,100,250,229,1.0,-1,-1,-1
95,253,1024,101,245,206,1.0,-1,-1,-1
95,255,1352,138,327,253,1.0,-1,-1,-1
96,250,468,441,677,596,1.0,-1,-1,-1
96,254,233,100,252,232,1.0,-1,-1,-1
96,253,1014,101,248,204,1.0,-1,-1,-1
96,255,1343,136,320,253,1.0,-1,-1,-1
97,250,474,439,716,617,1.0,-1,-1,-1
97,254,234,101,254,234,1.0,-1,-1,-1
97,253,1008,100,249,206,1.0,-1,-1,-1
97,255,1334,135,317,252,1.0,-1,-1,-1
98,250,493,502,700,566,1.0,-1,-1,-1
98,254,233,102,257,237,1.0,-1,-1,-1
98,253,1004,100,249,206,1.0,-1,-1,-1
98,255,1310,136,321,241,1.0,-1,-1,-1
99,250,500,492,727,594,1.0,-1,-1,-1
99,254,232,101,260,240,1.0,-1,-1,-1
99,253,1001,100,249,204,1.0,-1,-1,-1
99,255,1304,138,322,236,1.0,-1,-1,-1
100,254,233,102,262,243,1.0,-1,-1,-1
100,253,1019,105,226,193,1.0,-1,-1,-1
100,255,1300,142,316,229,1.0,-1,-1,-1
101,254,231,103,265,244,1.0,-1,-1,-1
101,253,1020,105,218,192,1.0,-1,-1,-1
101,255,1294,143,307,225,1.0,-1,-1,-1
102,254,229,105,272,246,1.0,-1,-1,-1
102,253,1017,104,215,190,1.0,-1,-1,-1
102,255,1289,143,298,223,1.0,-1,-1,-1
103,254,225,108,280,248,1.0,-1,-1,-1
103,253,1013,103,214,190,1.0,-1,-1,-1
103,255,1282,142,294,222,1.0,-1,-1,-1
104,254,234,107,283,252,1.0,-1,-1,-1
104,253,1007,102,216,191,1.0,-1,-1,-1
104,255,1273,143,295,220,1.0,-1,-1,-1
105,254,233,110,287,254,1.0,-1,-1,-1
105,253,1000,101,218,192,1.0,-1,-1,-1
105,255,1264,130,298,225,1.0,-1,-1,-1
106,254,233,111,292,258,1.0,-1,-1,-1
106,253,994,100,220,193,1.0,-1,-1,-1
106,255,1234,128,320,227,1.0,-1,-1,-1
107,254,235,113,297,257,1.0,-1,-1,-1
107,253,988,99,222,194,1.0,-1,-1,-1
107,255,1232,127,312,229,1.0,-1,-1,-1
107,256,1597,185,321,285,1.0,-1,-1,-1
108,254,233,125,303,256,1.0,-1,-1,-1
108,253,981,98,224,195,1.0,-1,-1,-1
108,255,1227,126,301,228,1.0,-1,-1,-1
108,256,1590,186,328,282,1.0,-1,-1,-1
109,254,234,123,305,263,1.0,-1,-1,-1
109,253,979,100,225,191,1.0,-1,-1,-1
109,255,1222,127,292,226,1.0,-1,-1,-1
109,256,1585,180,330,272,1.0,-1,-1,-1
110,254,233,122,310,267,1.0,-1,-1,-1
110,253,977,100,226,189,1.0,-1,-1,-1
110,255,1219,127,287,225,1.0,-1,-1,-1
110,256,1580,181,326,267,1.0,-1,-1,-1
111,254,234,120,311,271,1.0,-1,-1,-1
111,253,975,101,228,189,1.0,-1,-1,-1
111,255,1218,127,284,225,1.0,-1,-1,-1
111,256,1576,182,328,266,1.0,-1,-1,-1
112,254,234,120,311,271,1.0,-1,-1,-1
112,253,975,101,228,189,1.0,-1,-1,-1
112,255,1218,127,284,225,1.0,-1,-1,-1
112,256,1576,182,328,266,1.0,-1,-1,-1
113,254,234,120,311,271,1.0,-1,-1,-1
113,253,975,101,228,189,1.0,-1,-1,-1
113,255,1218,127,284,225,1.0,-1,-1,-1
113,256,1576,182,328,266,1.0,-1,-1,-1
114,254,234,120,311,271,1.0,-1,-1,-1
114,253,975,101,228,189,1.0,-1,-1,-1
114,255,1218,127,284,225,1.0,-1,-1,-1
114,256,1576,182,328,266,1.0,-1,-1,-1
115,254,234,120,311,271,1.0,-1,-1,-1
115,253,975,101,228,189,1.0,-1,-1,-1
115,255,1218,127,284,225,1.0,-1,-1,-1
115,256,1576,182,328,266,1.0,-1,-1,-1
116,254,234,120,311,271,1.0,-1,-1,-1
116,253,975,101,228,189,1.0,-1,-1,-1
116,255,1218,127,284,225,1.0,-1,-1,-1
116,256,1576,182,328,266,1.0,-1,-1,-1
117,254,234,120,311,271,1.0,-1,-1,-1
117,253,975,101,228,189,1.0,-1,-1,-1
117,255,1218,127,284,225,1.0,-1,-1,-1
117,256,1576,182,328,266,1.0,-1,-1,-1
118,254,234,120,311,271,1.0,-1,-1,-1
118,253,975,101,228,189,1.0,-1,-1,-1
118,255,1218,127,284,225,1.0,-1,-1,-1
118,256,1576,182,328,266,1.0,-1,-1,-1
119,254,234,120,311,271,1.0,-1,-1,-1
119,253,975,101,228,189,1.0,-1,-1,-1
119,255,1218,127,284,225,1.0,-1,-1,-1
119,256,1576,182,328,266,1.0,-1,-1,-1
120,254,245,131,316,286,1.0,-1,-1,-1
120,253,971,104,227,187,1.0,-1,-1,-1
120,255,1196,126,316,218,1.0,-1,-1,-1
120,256,1581,190,337,275,1.0,-1,-1,-1
121,254,256,140,322,306,1.0,-1,-1,-1
121,253,935,109,226,179,1.0,-1,-1,-1
121,255,1149,122,281,218,1.0,-1,-1,-1
121,256,1430,168,343,226,1.0,-1,-1,-1
122,254,266,147,332,331,1.0,-1,-1,-1
122,253,950,111,208,184,1.0,-1,-1,-1
122,255,1140,123,261,214,1.0,-1,-1,-1
122,256,1449,161,288,238,1.0,-1,-1,-1
123,254,265,146,341,339,1.0,-1,-1,-1
123,253,948,113,208,180,1.0,-1,-1,-1
123,255,1134,121,261,214,1.0,-1,-1,-1
123,256,1439,161,285,239,1.0,-1,-1,-1
124,254,260,161,355,330,1.0,-1,-1,-1
124,253,944,114,211,177,1.0,-1,-1,-1
124,255,1116,126,270,205,1.0,-1,-1,-1
124,256,1429,158,284,241,1.0,-1,-1,-1
125,254,260,159,359,335,1.0,-1,-1,-1
125,253,943,116,210,173,1.0,-1,-1,-1
125,255,1116,124,266,207,1.0,-1,-1,-1
125,256,1423,156,282,241,1.0,-1,-1,-1
126,254,259,157,362,339,1.0,-1,-1,-1
126,253,940,116,214,172,1.0,-1,-1,-1
126,255,1117,123,262,207,1.0,-1,-1,-1
126,256,1422,153,280,241,1.0,-1,-1,-1
127,254,259,157,362,339,1.0,-1,-1,-1
127,253,940,116,214,172,1.0,-1,-1,-1
127,255,1117,123,262,207,1.0,-1,-1,-1
127,256,1422,153,280,241,1.0,-1,-1,-1
128,254,259,157,362,339,1.0,-1,-1,-1
128,253,940,116,214,172,1.0,-1,-1,-1
128,255,1117,123,262,207,1.0,-1,-1,-1
128,256,1422,153,280,241,1.0,-1,-1,-1
129,254,260,157,360,340,1.0,-1,-1,-1
129,253,941,115,213,173,1.0,-1,-1,-1
129,255,1117,123,261,207,1.0,-1,-1,-1
129,256,1422,153,281,242,1.0,-1,-1,-1
130,254,274,168,367,342,1.0,-1,-1,-1
130,253,939,117,212,171,1.0,-1,-1,-1
130,255,1108,119,255,209,1.0,-1,-1,-1
130,256,1388,153,286,234,1.0,-1,-1,-1
131,254,286,183,367,342,1.0,-1,-1,-1
131,257,1571,159,322,286,1.0,-1,-1,-1
131,253,936,119,212,169,1.0,-1,-1,-1
131,255,1097,113,248,212,1.0,-1,-1,-1
132,254,298,198,371,343,1.0,-1,-1,-1
132,257,1550,151,321,287,1.0,-1,-1,-1
132,253,923,120,205,169,1.0,-1,-1,-1
132,255,1083,107,242,215,1.0,-1,-1,-1
132,256,1365,145,245,230,1.0,-1,-1,-1
133,258,208,87,223,191,1.0,-1,-1,-1
133,254,303,201,374,347,1.0,-1,-1,-1
133,257,1548,150,314,284,1.0,-1,-1,-1
133,253,923,121,202,167,1.0,-1,-1,-1
133,255,1079,104,240,216,1.0,-1,-1,-1
133,256,1342,141,260,232,1.0,-1,-1,-1
134,254,311,176,375,402,1.0,-1,-1,-1
134,257,1528,152,316,275,1.0,-1,-1,-1
134,253,922,122,202,165,1.0,-1,-1,-1
134,255,1077,104,234,215,1.0,-1,-1,-1
134,256,1340,140,254,230,1.0,-1,-1,-1
135,254,301,174,391,415,1.0,-1,-1,-1
135,257,1518,149,315,273,1.0,-1,-1,-1
135,253,922,124,201,162,1.0,-1,-1,-1
135,255,1076,105,229,213,1.0,-1,-1,-1
136,254,303,178,397,420,1.0,-1,-1,-1
136,257,1504,146,315,273,1.0,-1,-1,-1
136,253,920,125,200,159,1.0,-1,-1,-1
136,255,1074,107,224,210,1.0,-1,-1,-1
137,254,304,181,405,426,1.0,-1,-1,-1
137,257,1492,142,315,275,1.0,-1,-1,-1
137,255,1073,107,223,208,1.0,-1,-1,-1
138,254,309,183,414,437,1.0,-1,-1,-1
138,257,1484,139,313,277,1.0,-1,-1,-1
138,255,1055,106,238,206,1.0,-1,-1,-1
139,254,310,190,425,441,1.0,-1,-1,-1
139,257,1479,137,312,277,1.0,-1,-1,-1
139,255,1049,105,240,208,1.0,-1,-1,-1
139,256,1302,139,239,227,1.0,-1,-1,-1
140,254,316,199,434,445,1.0,-1,-1,-1
140,257,1452,138,320,273,1.0,-1,-1,-1
140,255,1043,105,240,207,1.0,-1,-1,-1
141,258,203,88,238,211,1.0,-1,-1,-1
141,254,322,213,437,439,1.0,-1,-1,-1
141,257,1444,136,320,272,1.0,-1,-1,-1
141,255,1044,117,239,178,1.0,-1,-1,-1
142,258,202,89,240,209,1.0,-1,-1,-1
142,259,420,138,185,135,1.0,-1,-1,-1
142,254,329,227,443,437,1.0,-1,-1,-1
142,257,1436,134,314,270,1.0,-1,-1,-1
142,255,1042,117,235,178,1.0,-1,-1,-1
143,258,202,90,242,207,1.0,-1,-1,-1
143,259,428,135,183,140,1.0,-1,-1,-1
143,254,334,237,446,433,1.0,-1,-1,-1
143,257,1430,132,311,270,1.0,-1,-1,-1
143,255,1042,115,235,197,1.0,-1,-1,-1
144,258,202,89,243,205,1.0,-1,-1,-1
144,259,427,134,184,142,1.0,-1,-1,-1
144,254,336,241,448,433,1.0,-1,-1,-1
144,257,1427,131,308,269,1.0,-1,-1,-1
144,255,1041,114,234,198,1.0,-1,-1,-1
145,258,202,89,243,205,1.0,-1,-1,-1
145,259,427,134,184,142,1.0,-1,-1,-1
145,254,336,241,448,433,1.0,-1,-1,-1
145,257,1427,131,308,269,1.0,-1,-1,-1
145,255,1041,114,234,198,1.0,-1,-1,-1
146,258,202,89,243,205,1.0,-1,-1,-1
146,259,427,134,184,142,1.0,-1,-1,-1
146,254,336,241,448,433,1.0,-1,-1,-1
146,257,1427,131,308,269,1.0,-1,-1,-1
146,255,1041,114,234,198,1.0,-1,-1,-1
147,258,202,89,243,205,1.0,-1,-1,-1
147,259,427,134,184,142,1.0,-1,-1,-1
147,254,336,241,448,433,1.0,-1,-1,-1
147,257,1427,131,308,269,1.0,-1,-1,-1
147,255,1041,114,234,198,1.0,-1,-1,-1
148,258,202,89,243,205,1.0,-1,-1,-1
148,259,427,134,184,142,1.0,-1,-1,-1
148,254,336,241,448,433,1.0,-1,-1,-1
148,257,1427,131,308,269,1.0,-1,-1,-1
148,255,1041,114,234,198,1.0,-1,-1,-1
149,258,202,89,241,206,1.0,-1,-1,-1
149,259,427,134,184,142,1.0,-1,-1,-1
149,254,336,242,448,431,1.0,-1,-1,-1
149,257,1428,131,308,269,1.0,-1,-1,-1
149,255,1041,114,234,198,1.0,-1,-1,-1
150,258,208,92,246,210,1.0,-1,-1,-1
150,259,431,128,190,147,1.0,-1,-1,-1
150,254,332,278,471,451,1.0,-1,-1,-1
150,257,1410,132,331,260,1.0,-1,-1,-1
150,255,1014,109,246,200,1.0,-1,-1,-1
151,258,213,95,253,216,1.0,-1,-1,-1
151,259,436,123,196,150,1.0,-1,-1,-1
151,254,361,301,527,483,1.0,-1,-1,-1
151,257,1356,127,306,259,1.0,-1,-1,-1
152,258,219,98,260,222,1.0,-1,-1,-1
152,259,440,119,204,157,1.0,-1,-1,-1
152,254,367,322,560,514,1.0,-1,-1,-1
152,257,1345,123,290,262,1.0,-1,-1,-1
152,255,978,112,234,180,1.0,-1,-1,-1
153,258,223,98,259,225,1.0,-1,-1,-1
153,259,442,120,202,156,1.0,-1,-1,-1
153,254,370,327,580,532,1.0,-1,-1,-1
153,257,1344,123,281,260,1.0,-1,-1,-1
153,255,973,113,237,179,1.0,-1,-1,-1
154,258,227,98,257,227,1.0,-1,-1,-1
154,259,445,120,201,158,1.0,-1,-1,-1
154,254,374,327,601,550,1.0,-1,-1,-1
154,257,1323,126,289,253,1.0,-1,-1,-1
154,255,936,111,282,182,1.0,-1,-1,-1
155,258,231,99,255,228,1.0,-1,-1,-1
155,259,462,121,193,156,1.0,-1,-1,-1
155,254,393,367,600,546,1.0,-1,-1,-1
155,257,1320,127,283,250,1.0,-1,-1,-1
155,255,968,114,239,176,1.0,-1,-1,-1
156,258,232,99,257,230,1.0,-1,-1,-1
156,259,461,121,196,159,1.0,-1,-1,-1
156,254,401,375,613,560,1.0,-1,-1,-1
156,257,1312,128,282,247,1.0,-1,-1,-1
156,255,967,114,239,177,1.0,-1,-1,-1
157,258,233,99,260,234,1.0,-1,-1,-1
157,259,461,120,199,163,1.0,-1,-1,-1
157,254,408,387,627,575,1.0,-1,-1,-1
157,257,1306,129,277,245,1.0,-1,-1,-1
157,255,965,114,239,177,1.0,-1,-1,-1
158,258,233,99,262,238,1.0,-1,-1,-1
158,259,462,119,201,166,1.0,-1,-1,-1
158,254,418,408,662,578,1.0,-1,-1,-1
158,257,1298,118,276,247,1.0,-1,-1,-1
158,255,932,112,268,183,1.0,-1,-1,-1
159,258,234,101,263,241,1.0,-1,-1,-1
159,259,465,118,202,168,1.0,-1,-1,-1
159,254,417,428,681,586,1.0,-1,-1,-1
159,257,1290,118,276,247,1.0,-1,-1,-1
159,255,928,109,265,187,1.0,-1,-1,-1
160,258,234,103,263,241,1.0,-1,-1,-1
160,259,467,118,203,169,1.0,-1,-1,-1
160,254,421,442,690,591,1.0,-1,-1,-1
160,257,1284,118,278,249,1.0,-1,-1,-1
160,255,934,116,245,172,1.0,-1,-1,-1
161,258,233,104,264,241,1.0,-1,-1,-1
161,259,469,119,203,170,1.0,-1,-1,-1
161,254,406,443,736,601,1.0,-1,-1,-1
161,257,1280,117,279,250,1.0,-1,-1,-1
161,255,935,115,242,172,1.0,-1,-1,-1
162,258,233,104,264,241,1.0,-1,-1,-1
162,259,469,119,203,170,1.0,-1,-1,-1
162,254,406,443,736,601,1.0,-1,-1,-1
162,257,1280,117,279,250,1.0,-1,-1,-1
162,255,935,115,242,172,1.0,-1,-1,-1
163,258,233,104,264,241,1.0,-1,-1,-1
163,259,469,119,203,170,1.0,-1,-1,-1
163,254,406,443,736,601,1.0,-1,-1,-1
163,257,1280,117,279,250,1.0,-1,-1,-1
163,255,935,115,242,172,1.0,-1,-1,-1
164,258,233,104,264,241,1.0,-1,-1,-1
164,259,469,119,203,170,1.0,-1,-1,-1
164,254,406,443,736,601,1.0,-1,-1,-1
164,257,1280,117,279,250,1.0,-1,-1,-1
164,255,935,115,242,172,1.0,-1,-1,-1
165,258,233,104,264,241,1.0,-1,-1,-1
165,259,469,119,203,170,1.0,-1,-1,-1
165,254,406,443,736,601,1.0,-1,-1,-1
165,257,1280,117,279,250,1.0,-1,-1,-1
165,255,935,115,242,172,1.0,-1,-1,-1
166,258,233,104,264,241,1.0,-1,-1,-1
166,259,469,119,203,170,1.0,-1,-1,-1
166,254,406,443,736,601,1.0,-1,-1,-1
166,257,1280,117,279,250,1.0,-1,-1,-1
166,255,935,115,242,172,1.0,-1,-1,-1
167,258,233,104,264,241,1.0,-1,-1,-1
167,259,469,119,203,170,1.0,-1,-1,-1
167,254,406,443,736,601,1.0,-1,-1,-1
167,257,1280,117,279,250,1.0,-1,-1,-1
167,255,935,115,242,172,1.0,-1,-1,-1
168,258,233,104,264,241,1.0,-1,-1,-1
168,259,469,119,203,170,1.0,-1,-1,-1
168,254,406,443,736,601,1.0,-1,-1,-1
168,257,1280,117,279,250,1.0,-1,-1,-1
168,255,935,115,242,172,1.0,-1,-1,-1
169,258,233,104,264,241,1.0,-1,-1,-1
169,259,469,119,203,170,1.0,-1,-1,-1
169,254,406,443,736,601,1.0,-1,-1,-1
169,257,1280,117,279,250,1.0,-1,-1,-1
169,255,935,115,242,172,1.0,-1,-1,-1
170,258,247,109,278,246,1.0,-1,-1,-1
170,259,471,127,205,150,1.0,-1,-1,-1
170,254,388,379,803,686,1.0,-1,-1,-1
170,257,1238,123,278,225,1.0,-1,-1,-1
170,255,937,116,231,173,1.0,-1,-1,-1
171,258,250,106,303,263,1.0,-1,-1,-1
171,259,525,144,220,150,1.0,-1,-1,-1
171,257,1228,122,254,223,1.0,-1,-1,-1
171,255,939,117,220,173,1.0,-1,-1,-1
172,258,256,119,327,278,1.0,-1,-1,-1
172,259,529,129,208,179,1.0,-1,-1,-1
172,257,1188,126,264,217,1.0,-1,-1,-1
173,258,259,118,332,285,1.0,-1,-1,-1
173,257,1182,126,262,216,1.0,-1,-1,-1
174,258,263,117,335,293,1.0,-1,-1,-1
174,257,1179,125,258,217,1.0,-1,-1,-1
175,258,269,120,332,297,1.0,-1,-1,-1
175,257,1174,120,256,221,1.0,-1,-1,-1
176,258,271,124,332,300,1.0,-1,-1,-1
176,259,546,138,209,172,1.0,-1,-1,-1
176,257,1174,117,251,223,1.0,-1,-1,-1
177,258,271,129,337,303,1.0,-1,-1,-1
177,257,1169,114,251,222,1.0,-1,-1,-1
178,258,279,131,340,307,1.0,-1,-1,-1
178,257,1161,115,252,220,1.0,-1,-1,-1
179,258,282,135,341,311,1.0,-1,-1,-1
179,257,1156,114,250,220,1.0,-1,-1,-1
180,258,286,139,342,315,1.0,-1,-1,-1
180,257,1149,112,250,220,1.0,-1,-1,-1
181,258,292,144,342,320,1.0,-1,-1,-1
181,257,1148,113,244,219,1.0,-1,-1,-1
182,258,295,147,348,325,1.0,-1,-1,-1
182,257,1144,114,240,215,1.0,-1,-1,-1
183,258,298,149,354,333,1.0,-1,-1,-1
183,257,1144,115,235,211,1.0,-1,-1,-1
184,258,299,153,366,346,1.0,-1,-1,-1
184,257,1107,117,270,203,1.0,-1,-1,-1
185,258,301,154,373,350,1.0,-1,-1,-1
185,257,1111,115,260,202,1.0,-1,-1,-1
186,258,303,157,383,354,1.0,-1,-1,-1
186,257,1114,115,251,202,1.0,-1,-1,-1
187,258,304,161,389,355,1.0,-1,-1,-1
187,257,1115,115,245,202,1.0,-1,-1,-1
188,258,303,163,393,355,1.0,-1,-1,-1
188,257,1114,115,245,202,1.0,-1,-1,-1
189,258,303,162,393,355,1.0,-1,-1,-1
189,257,1115,115,244,201,1.0,-1,-1,-1
190,258,291,176,417,361,1.0,-1,-1,-1
190,257,1108,112,245,204,1.0,-1,-1,-1
191,258,302,178,428,374,1.0,-1,-1,-1
191,257,1099,109,245,207,1.0,-1,-1,-1
192,258,315,183,441,388,1.0,-1,-1,-1
192,257,1089,105,246,212,1.0,-1,-1,-1
193,258,322,184,440,395,1.0,-1,-1,-1
193,257,1087,104,244,215,1.0,-1,-1,-1
194,258,331,188,438,401,1.0,-1,-1,-1
194,257,1086,104,242,217,1.0,-1,-1,-1
195,258,338,193,442,412,1.0,-1,-1,-1
195,257,1083,103,241,218,1.0,-1,-1,-1
196,258,344,197,450,425,1.0,-1,-1,-1
196,257,1078,104,244,216,1.0,-1,-1,-1
197,258,347,200,461,436,1.0,-1,-1,-1
197,257,1074,104,243,214,1.0,-1,-1,-1
198,258,348,208,470,436,1.0,-1,-1,-1
198,257,1072,105,241,213,1.0,-1,-1,-1
199,258,368,219,462,435,1.0,-1,-1,-1
199,260,419,93,217,180,1.0,-1,-1,-1
199,257,1072,104,235,213,1.0,-1,-1,-1
200,258,369,227,460,435,1.0,-1,-1,-1
200,260,417,90,217,186,1.0,-1,-1,-1
200,257,1073,103,232,213,1.0,-1,-1,-1
201,258,371,230,458,434,1.0,-1,-1,-1
201,260,417,88,218,192,1.0,-1,-1,-1
201,257,1084,111,222,205,1.0,-1,-1,-1
202,258,371,230,458,434,1.0,-1,-1,-1
202,260,417,88,218,192,1.0,-1,-1,-1
202,257,1084,111,222,205,1.0,-1,-1,-1
203,258,371,230,458,434,1.0,-1,-1,-1
203,260,417,88,218,192,1.0,-1,-1,-1
203,257,1084,111,222,205,1.0,-1,-1,-1
204,258,371,230,458,434,1.0,-1,-1,-1
204,260,417,88,218,192,1.0,-1,-1,-1
204,257,1084,111,222,205,1.0,-1,-1,-1
205,258,371,230,458,434,1.0,-1,-1,-1
205,260,417,88,218,192,1.0,-1,-1,-1
205,257,1084,111,222,205,1.0,-1,-1,-1
206,258,371,230,458,434,1.0,-1,-1,-1
206,260,417,88,218,192,1.0,-1,-1,-1
206,257,1084,111,222,205,1.0,-1,-1,-1
207,258,371,230,458,434,1.0,-1,-1,-1
207,260,417,88,218,192,1.0,-1,-1,-1
207,257,1084,111,222,205,1.0,-1,-1,-1
208,258,371,230,458,434,1.0,-1,-1,-1
208,260,417,88,218,192,1.0,-1,-1,-1
208,257,1084,111,222,205,1.0,-1,-1,-1
209,258,371,230,458,434,1.0,-1,-1,-1
209,260,417,88,218,192,1.0,-1,-1,-1
209,257,1084,111,222,205,1.0,-1,-1,-1
210,258,371,230,458,434,1.0,-1,-1,-1
210,257,1084,111,222,205,1.0,-1,-1,-1
211,258,453,347,638,543,1.0,-1,-1,-1
211,260,410,40,235,243,1.0,-1,-1,-1
211,261,1308,200,403,314,1.0,-1,-1,-1
211,257,1042,105,240,203,1.0,-1,-1,-1
212,258,454,342,669,578,1.0,-1,-1,-1
212,260,411,38,227,246,1.0,-1,-1,-1
212,261,1299,190,385,313,1.0,-1,-1,-1
212,257,1054,105,217,200,1.0,-1,-1,-1
213,258,455,337,700,614,1.0,-1,-1,-1
213,260,411,34,228,247,1.0,-1,-1,-1
213,261,1260,181,392,317,1.0,-1,-1,-1
213,257,1051,104,217,201,1.0,-1,-1,-1
214,258,456,332,731,650,1.0,-1,-1,-1
214,260,410,29,231,250,1.0,-1,-1,-1
214,261,1250,178,378,314,1.0,-1,-1,-1
214,257,1049,103,216,201,1.0,-1,-1,-1
215,258,476,364,731,643,1.0,-1,-1,-1
215,260,411,22,231,254,1.0,-1,-1,-1
215,261,1235,175,375,312,1.0,-1,-1,-1
215,257,1048,102,213,200,1.0,-1,-1,-1
216,258,496,398,734,635,1.0,-1,-1,-1
216,260,411,17,232,258,1.0,-1,-1,-1
216,261,1196,175,386,304,1.0,-1,-1,-1
216,257,1047,103,211,197,1.0,-1,-1,-1
217,258,520,405,762,657,1.0,-1,-1,-1
217,260,415,17,229,256,1.0,-1,-1,-1
217,261,1189,174,375,303,1.0,-1,-1,-1
217,257,1047,102,208,198,1.0,-1,-1,-1
218,258,517,397,788,689,1.0,-1,-1,-1
218,260,419,15,229,256,1.0,-1,-1,-1
218,261,1173,165,367,303,1.0,-1,-1,-1
219,258,528,462,800,624,1.0,-1,-1,-1
219,260,422,13,230,258,1.0,-1,-1,-1
219,261,1168,169,350,289,1.0,-1,-1,-1
220,259,563,277,380,281,1.0,-1,-1,-1
220,260,424,8,233,261,1.0,-1,-1,-1
220,261,1138,169,354,272,1.0,-1,-1,-1
221,259,570,282,374,288,1.0,-1,-1,-1
221,260,425,3,237,267,1.0,-1,-1,-1
221,261,1128,164,348,270,1.0,-1,-1,-1
221,262,1528,300,390,321,1.0,-1,-1,-1
222,259,576,288,374,293,1.0,-1,-1,-1
222,260,427,4,236,265,1.0,-1,-1,-1
222,261,1116,157,339,269,1.0,-1,-1,-1
222,262,1507,298,411,312,1.0,-1,-1,-1
223,259,578,294,377,292,1.0,-1,-1,-1
223,260,429,5,236,264,1.0,-1,-1,-1
223,261,1111,153,328,271,1.0,-1,-1,-1
223,262,1493,296,425,305,1.0,-1,-1,-1
224,259,579,300,379,288,1.0,-1,-1,-1
224,260,430,9,234,260,1.0,-1,-1,-1
224,261,1107,151,325,271,1.0,-1,-1,-1
224,262,1474,294,431,296,1.0,-1,-1,-1
225,259,579,300,379,288,1.0,-1,-1,-1
225,260,430,9,234,260,1.0,-1,-1,-1
225,261,1107,151,325,271,1.0,-1,-1,-1
225,262,1474,294,431,296,1.0,-1,-1,-1
226,259,579,300,379,288,1.0,-1,-1,-1
226,260,430,9,234,260,1.0,-1,-1,-1
226,261,1107,151,325,271,1.0,-1,-1,-1
226,262,1474,294,431,296,1.0,-1,-1,-1
227,259,579,300,379,288,1.0,-1,-1,-1
227,260,430,9,234,260,1.0,-1,-1,-1
227,261,1107,151,325,271,1.0,-1,-1,-1
227,262,1474,294,431,296,1.0,-1,-1,-1
228,259,579,300,379,288,1.0,-1,-1,-1
228,260,430,9,234,260,1.0,-1,-1,-1
228,261,1107,151,325,271,1.0,-1,-1,-1
228,262,1474,294,431,296,1.0,-1,-1,-1
229,259,579,300,380,288,1.0,-1,-1,-1
229,260,431,10,234,259,1.0,-1,-1,-1
229,261,1107,151,325,271,1.0,-1,-1,-1
229,262,1473,294,432,296,1.0,-1,-1,-1
230,259,572,320,405,249,1.0,-1,-1,-1
230,260,440,8,237,268,1.0,-1,-1,-1
230,261,1107,151,325,271,1.0,-1,-1,-1
230,262,1473,294,432,296,1.0,-1,-1,-1
231,259,581,330,458,410,1.0,-1,-1,-1
231,260,449,6,241,277,1.0,-1,-1,-1
231,261,1021,132,298,258,1.0,-1,-1,-1
231,262,1290,248,412,234,1.0,-1,-1,-1
232,259,611,368,443,402,1.0,-1,-1,-1
232,260,458,0,246,292,1.0,-1,-1,-1
232,261,999,120,310,266,1.0,-1,-1,-1
232,262,1286,236,351,258,1.0,-1,-1,-1
233,259,625,391,438,394,1.0,-1,-1,-1
233,260,458,0,250,295,1.0,-1,-1,-1
233,261,995,121,296,263,1.0,-1,-1,-1
233,262,1276,230,340,255,1.0,-1,-1,-1
233,263,1525,305,393,346,1.0,-1,-1,-1
234,259,632,412,445,383,1.0,-1,-1,-1
234,260,457,0,255,299,1.0,-1,-1,-1
234,261,984,113,291,258,1.0,-1,-1,-1
234,262,1256,227,341,250,1.0,-1,-1,-1
234,263,1500,298,418,367,1.0,-1,-1,-1
235,259,624,437,473,384,1.0,-1,-1,-1
235,260,464,10,243,283,1.0,-1,-1,-1
235,261,979,112,284,257,1.0,-1,-1,-1
235,263,1482,281,412,358,1.0,-1,-1,-1
236,259,623,438,493,403,1.0,-1,-1,-1
236,260,472,5,246,299,1.0,-1,-1,-1
236,261,977,113,274,249,1.0,-1,-1,-1
236,263,1446,300,430,302,1.0,-1,-1,-1
237,259,622,446,508,420,1.0,-1,-1,-1
237,260,473,7,250,299,1.0,-1,-1,-1
237,261,952,114,285,238,1.0,-1,-1,-1
237,262,1200,208,337,246,1.0,-1,-1,-1
237,263,1432,296,421,295,1.0,-1,-1,-1
238,259,631,459,532,431,1.0,-1,-1,-1
238,260,473,7,252,301,1.0,-1,-1,-1
238,261,945,115,278,234,1.0,-1,-1,-1
238,263,1397,289,419,290,1.0,-1,-1,-1
239,259,632,470,543,443,1.0,-1,-1,-1
239,260,474,7,256,305,1.0,-1,-1,-1
239,261,933,114,280,233,1.0,-1,-1,-1
239,263,1383,283,413,290,1.0,-1,-1,-1
240,259,633,477,554,451,1.0,-1,-1,-1
240,260,474,6,259,311,1.0,-1,-1,-1
240,261,925,113,281,232,1.0,-1,-1,-1
240,263,1370,280,408,285,1.0,-1,-1,-1
241,259,631,478,564,457,1.0,-1,-1,-1
241,260,474,6,260,311,1.0,-1,-1,-1
241,261,922,113,283,231,1.0,-1,-1,-1
241,263,1361,279,412,285,1.0,-1,-1,-1
242,259,631,478,564,457,1.0,-1,-1,-1
242,260,474,6,260,311,1.0,-1,-1,-1
242,261,922,113,283,231,1.0,-1,-1,-1
242,263,1361,279,412,285,1.0,-1,-1,-1
243,259,631,478,564,457,1.0,-1,-1,-1
243,260,474,6,260,311,1.0,-1,-1,-1
243,261,922,113,283,231,1.0,-1,-1,-1
243,263,1361,279,412,285,1.0,-1,-1,-1
244,259,631,478,564,457,1.0,-1,-1,-1
244,260,474,6,260,311,1.0,-1,-1,-1
244,261,922,113,283,231,1.0,-1,-1,-1
244,263,1361,279,412,285,1.0,-1,-1,-1
245,259,631,478,564,457,1.0,-1,-1,-1
245,260,474,6,260,311,1.0,-1,-1,-1
245,261,922,113,283,231,1.0,-1,-1,-1
245,263,1361,279,412,285,1.0,-1,-1,-1
246,259,631,478,564,457,1.0,-1,-1,-1
246,260,474,6,260,311,1.0,-1,-1,-1
246,261,922,113,283,231,1.0,-1,-1,-1
246,263,1361,279,412,285,1.0,-1,-1,-1
247,259,631,478,564,457,1.0,-1,-1,-1
247,260,474,6,260,311,1.0,-1,-1,-1
247,261,922,113,283,231,1.0,-1,-1,-1
247,263,1361,279,412,285,1.0,-1,-1,-1
248,259,631,478,564,457,1.0,-1,-1,-1
248,260,474,6,260,311,1.0,-1,-1,-1
248,261,922,113,283,231,1.0,-1,-1,-1
248,263,1361,279,412,285,1.0,-1,-1,-1
249,259,631,478,564,457,1.0,-1,-1,-1
249,260,474,6,260,311,1.0,-1,-1,-1
249,261,922,113,283,231,1.0,-1,-1,-1
249,263,1361,279,412,285,1.0,-1,-1,-1
250,259,599,478,662,448,1.0,-1,-1,-1
250,260,491,4,265,320,1.0,-1,-1,-1
250,261,918,107,280,226,1.0,-1,-1,-1
250,263,1361,279,412,285,1.0,-1,-1,-1
251,260,504,3,276,328,1.0,-1,-1,-1
251,263,1184,217,340,246,1.0,-1,-1,-1
252,260,533,12,280,332,1.0,-1,-1,-1
252,263,1185,215,338,260,1.0,-1,-1,-1
253,260,536,16,281,329,1.0,-1,-1,-1
253,263,1173,212,337,258,1.0,-1,-1,-1
254,260,540,15,285,333,1.0,-1,-1,-1
254,263,1145,210,353,249,1.0,-1,-1,-1
255,260,543,15,291,336,1.0,-1,-1,-1
255,261,819,98,247,228,1.0,-1,-1,-1
255,263,1138,206,353,248,1.0,-1,-1,-1
256,260,545,14,300,341,1.0,-1,-1,-1
256,261,815,96,239,227,1.0,-1,-1,-1
256,263,1132,202,344,251,1.0,-1,-1,-1
257,260,547,17,308,340,1.0,-1,-1,-1
257,261,812,96,232,224,1.0,-1,-1,-1
257,263,1128,191,319,249,1.0,-1,-1,-1
258,260,551,21,311,339,1.0,-1,-1,-1
258,263,1119,192,312,243,1.0,-1,-1,-1
259,260,557,22,312,341,1.0,-1,-1,-1
259,263,1112,193,307,234,1.0,-1,-1,-1
260,260,566,24,310,343,1.0,-1,-1,-1
260,263,1107,195,306,224,1.0,-1,-1,-1
261,260,572,22,311,352,1.0,-1,-1,-1
261,263,1097,194,302,219,1.0,-1,-1,-1
262,260,577,26,312,353,1.0,-1,-1,-1
262,263,1088,191,306,219,1.0,-1,-1,-1
262,264,1584,220,334,263,1.0,-1,-1,-1
263,260,591,30,307,356,1.0,-1,-1,-1
263,263,1079,187,306,221,1.0,-1,-1,-1
263,264,1564,213,354,264,1.0,-1,-1,-1
264,260,594,32,315,356,1.0,-1,-1,-1
264,263,1067,184,306,222,1.0,-1,-1,-1
264,264,1545,205,362,265,1.0,-1,-1,-1
265,260,599,7,323,391,1.0,-1,-1,-1
265,263,1058,182,301,222,1.0,-1,-1,-1
265,264,1504,202,373,256,1.0,-1,-1,-1
266,260,605,6,331,397,1.0,-1,-1,-1
266,263,1048,181,300,221,1.0,-1,-1,-1
266,264,1499,202,360,252,1.0,-1,-1,-1
267,260,614,11,335,396,1.0,-1,-1,-1
267,263,1040,179,302,221,1.0,-1,-1,-1
267,264,1491,193,341,247,1.0,-1,-1,-1
268,260,621,15,340,395,1.0,-1,-1,-1
268,263,1010,175,317,218,1.0,-1,-1,-1
268,264,1476,192,336,243,1.0,-1,-1,-1
269,260,626,24,347,389,1.0,-1,-1,-1
269,263,991,169,324,221,1.0,-1,-1,-1
269,264,1448,191,334,235,1.0,-1,-1,-1
270,260,625,30,360,392,1.0,-1,-1,-1
270,263,972,162,325,226,1.0,-1,-1,-1
270,264,1440,187,324,234,1.0,-1,-1,-1
271,260,646,34,349,396,1.0,-1,-1,-1
271,263,961,159,320,227,1.0,-1,-1,-1
271,264,1426,184,317,233,1.0,-1,-1,-1
272,260,650,34,359,403,1.0,-1,-1,-1
272,263,940,151,309,224,1.0,-1,-1,-1
272,264,1412,181,312,231,1.0,-1,-1,-1
273,260,655,35,367,405,1.0,-1,-1,-1
273,264,1384,179,313,227,1.0,-1,-1,-1
274,260,663,39,369,403,1.0,-1,-1,-1
274,264,1375,176,306,225,1.0,-1,-1,-1
275,260,682,60,349,386,1.0,-1,-1,-1
275,264,1361,173,303,223,1.0,-1,-1,-1
276,260,689,56,356,396,1.0,-1,-1,-1
276,264,1347,170,299,223,1.0,-1,-1,-1
277,260,691,52,369,409,1.0,-1,-1,-1
277,264,1340,169,293,222,1.0,-1,-1,-1
278,260,690,52,405,418,1.0,-1,-1,-1
278,264,1319,169,297,217,1.0,-1,-1,-1
279,260,690,55,406,416,1.0,-1,-1,-1
279,264,1316,169,297,216,1.0,-1,-1,-1
280,260,691,53,405,418,1.0,-1,-1,-1
280,264,1317,169,297,217,1.0,-1,-1,-1
281,260,691,51,404,421,1.0,-1,-1,-1
281,264,1317,169,296,217,1.0,-1,-1,-1
282,260,691,51,404,421,1.0,-1,-1,-1
282,264,1317,169,296,217,1.0,-1,-1,-1
283,260,691,51,404,421,1.0,-1,-1,-1
283,264,1317,169,296,217,1.0,-1,-1,-1
284,260,691,51,404,421,1.0,-1,-1,-1
284,264,1317,169,296,217,1.0,-1,-1,-1
285,260,691,51,404,421,1.0,-1,-1,-1
285,264,1317,169,296,217,1.0,-1,-1,-1
286,260,691,51,404,421,1.0,-1,-1,-1
286,264,1317,169,296,217,1.0,-1,-1,-1
287,260,691,51,404,421,1.0,-1,-1,-1
287,264,1317,169,296,217,1.0,-1,-1,-1
288,260,691,51,404,421,1.0,-1,-1,-1
288,264,1317,169,296,217,1.0,-1,-1,-1
289,260,691,51,404,421,1.0,-1,-1,-1
289,264,1317,169,296,217,1.0,-1,-1,-1
290,260,734,56,353,437,1.0,-1,-1,-1
290,264,1296,161,321,225,1.0,-1,-1,-1
291,260,812,149,569,436,1.0,-1,-1,-1
291,263,221,152,453,207,1.0,-1,-1,-1
291,265,1422,268,405,285,1.0,-1,-1,-1
292,260,863,115,472,500,1.0,-1,-1,-1
292,263,182,154,471,200,1.0,-1,-1,-1
292,265,1396,255,407,292,1.0,-1,-1,-1
293,260,879,118,484,512,1.0,-1,-1,-1
293,263,160,156,476,199,1.0,-1,-1,-1
293,265,1384,242,396,296,1.0,-1,-1,-1
294,260,898,111,491,531,1.0,-1,-1,-1
294,263,155,156,458,201,1.0,-1,-1,-1
294,265,1381,241,374,291,1.0,-1,-1,-1
295,260,914,104,498,552,1.0,-1,-1,-1
295,263,118,161,457,196,1.0,-1,-1,-1
295,265,1379,238,357,284,1.0,-1,-1,-1
296,260,942,109,513,551,1.0,-1,-1,-1
296,263,101,161,466,196,1.0,-1,-1,-1
297,260,955,112,522,562,1.0,-1,-1,-1
297,263,87,160,467,196,1.0,-1,-1,-1
298,260,977,109,527,601,1.0,-1,-1,-1
298,263,85,151,450,211,1.0,-1,-1,-1
