59,48,0,1157,843,659,1.0,-1,-1,-1
60,48,193,1135,760,592,1.0,-1,-1,-1
61,48,398,1113,677,526,1.0,-1,-1,-1
62,48,603,1091,594,459,1.0,-1,-1,-1
63,48,713,1079,548,421,1.0,-1,-1,-1
64,48,822,1067,503,383,1.0,-1,-1,-1
65,48,932,1055,457,344,1.0,-1,-1,-1
66,48,1042,1043,412,306,1.0,-1,-1,-1
67,48,1145,1033,364,284,1.0,-1,-1,-1
68,48,1227,1001,341,276,1.0,-1,-1,-1
69,48,1267,997,311,271,1.0,-1,-1,-1
70,48,1295,989,312,258,1.0,-1,-1,-1
71,48,1371,1000,257,229,1.0,-1,-1,-1
72,48,1414,976,259,233,1.0,-1,-1,-1
73,48,1432,973,247,227,1.0,-1,-1,-1
74,48,1475,969,239,218,1.0,-1,-1,-1
75,48,1497,972,222,202,1.0,-1,-1,-1
76,48,1531,970,214,197,1.0,-1,-1,-1
77,48,1551,975,202,184,1.0,-1,-1,-1
78,48,1568,963,197,173,1.0,-1,-1,-1
79,48,1595,963,194,163,1.0,-1,-1,-1
80,48,1612,960,188,162,1.0,-1,-1,-1
81,48,1622,956,188,162,1.0,-1,-1,-1
82,48,1646,954,181,160,1.0,-1,-1,-1
83,48,1661,951,176,159,1.0,-1,-1,-1
84,48,1673,948,174,157,1.0,-1,-1,-1
85,48,1698,948,162,141,1.0,-1,-1,-1
86,48,1704,948,165,138,1.0,-1,-1,-1
87,48,1714,947,163,136,1.0,-1,-1,-1
88,48,1725,946,160,136,1.0,-1,-1,-1
89,48,1735,946,152,136,1.0,-1,-1,-1
91,48,1752,936,158,133,1.0,-1,-1,-1
92,48,1763,938,150,127,1.0,-1,-1,-1
93,48,1773,937,147,125,1.0,-1,-1,-1
94,48,1784,936,141,123,1.0,-1,-1,-1
95,48,1792,935,136,123,1.0,-1,-1,-1
96,48,1797,933,132,121,1.0,-1,-1,-1
137,49,33,1195,892,623,1.0,-1,-1,-1
138,49,266,1147,827,541,1.0,-1,-1,-1
139,49,499,1099,763,459,1.0,-1,-1,-1
140,49,558,1086,727,442,1.0,-1,-1,-1
141,49,707,1072,641,401,1.0,-1,-1,-1
142,49,855,1057,556,361,1.0,-1,-1,-1
143,49,1003,1043,471,320,1.0,-1,-1,-1
144,49,1120,1030,414,296,1.0,-1,-1,-1
145,49,1194,1015,367,283,1.0,-1,-1,-1
146,49,1268,1000,320,270,1.0,-1,-1,-1
147,49,1289,993,333,259,1.0,-1,-1,-1
148,49,1353,970,316,265,1.0,-1,-1,-1
149,49,1405,980,285,225,1.0,-1,-1,-1
150,49,1421,979,279,213,1.0,-1,-1,-1
151,49,1476,968,248,213,1.0,-1,-1,-1
152,49,1516,967,239,205,1.0,-1,-1,-1
153,49,1536,966,227,199,1.0,-1,-1,-1
154,49,1552,972,220,183,1.0,-1,-1,-1
155,49,1587,965,208,166,1.0,-1,-1,-1
156,49,1603,960,205,165,1.0,-1,-1,-1
157,49,1613,955,205,163,1.0,-1,-1,-1
158,49,1642,955,192,157,1.0,-1,-1,-1
159,49,1658,951,186,155,1.0,-1,-1,-1
160,49,1673,947,179,154,1.0,-1,-1,-1
161,49,1695,941,168,156,1.0,-1,-1,-1
162,49,1704,948,170,136,1.0,-1,-1,-1
163,49,1717,947,166,133,1.0,-1,-1,-1
164,49,1728,947,164,131,1.0,-1,-1,-1
165,49,1736,948,161,127,1.0,-1,-1,-1
166,49,1751,937,158,135,1.0,-1,-1,-1
167,49,1756,936,159,134,1.0,-1,-1,-1
168,49,1767,937,155,125,1.0,-1,-1,-1
169,49,1777,936,151,125,1.0,-1,-1,-1
170,49,1786,933,147,125,1.0,-1,-1,-1
171,49,1792,931,144,122,1.0,-1,-1,-1
191,50,100,1074,1036,576,1.0,-1,-1,-1
192,50,301,1077,920,495,1.0,-1,-1,-1
193,50,502,1081,805,415,1.0,-1,-1,-1
194,50,763,1025,640,409,1.0,-1,-1,-1
195,50,834,1037,602,328,1.0,-1,-1,-1
196,50,970,1023,533,313,1.0,-1,-1,-1
197,50,1077,1020,491,288,1.0,-1,-1,-1
198,50,1121,994,460,285,1.0,-1,-1,-1
199,50,1242,985,375,266,1.0,-1,-1,-1
200,50,1277,978,359,254,1.0,-1,-1,-1
201,50,1347,965,330,248,1.0,-1,-1,-1
202,50,1405,972,291,221,1.0,-1,-1,-1
203,50,1456,964,270,215,1.0,-1,-1,-1
204,50,1478,963,254,207,1.0,-1,-1,-1
205,50,1518,964,245,198,1.0,-1,-1,-1
206,50,1546,964,221,172,1.0,-1,-1,-1
207,50,1578,961,215,163,1.0,-1,-1,-1
208,50,1596,956,208,163,1.0,-1,-1,-1
209,50,1612,951,201,163,1.0,-1,-1,-1
210,50,1643,949,187,159,1.0,-1,-1,-1
211,50,1660,947,180,155,1.0,-1,-1,-1
212,50,1674,944,175,152,1.0,-1,-1,-1
213,50,1694,938,167,152,1.0,-1,-1,-1
214,50,1701,947,172,133,1.0,-1,-1,-1
215,50,1715,946,168,134,1.0,-1,-1,-1
216,50,1728,941,166,128,1.0,-1,-1,-1
217,50,1736,939,163,127,1.0,-1,-1,-1
218,50,1749,937,163,130,1.0,-1,-1,-1
219,50,1757,937,161,125,1.0,-1,-1,-1
220,50,1768,936,158,124,1.0,-1,-1,-1
221,50,1778,934,154,122,1.0,-1,-1,-1
222,50,1786,930,154,120,1.0,-1,-1,-1
223,50,1792,928,148,118,1.0,-1,-1,-1
224,50,1798,927,155,112,1.0,-1,-1,-1
225,50,1805,928,148,110,1.0,-1,-1,-1
249,51,1739,855,145,128,1.0,-1,-1,-1
250,51,1737,857,145,126,1.0,-1,-1,-1
251,51,1731,860,145,123,1.0,-1,-1,-1
252,51,1721,860,150,123,1.0,-1,-1,-1
253,51,1712,861,152,122,1.0,-1,-1,-1
254,51,1707,858,153,126,1.0,-1,-1,-1
255,51,1684,855,159,133,1.0,-1,-1,-1
256,51,1678,854,160,137,1.0,-1,-1,-1
257,51,1669,854,162,138,1.0,-1,-1,-1
258,51,1659,853,164,141,1.0,-1,-1,-1
259,51,1652,853,164,142,1.0,-1,-1,-1
260,51,1631,851,160,147,1.0,-1,-1,-1
261,51,1621,852,163,146,1.0,-1,-1,-1
262,51,1612,851,163,147,1.0,-1,-1,-1
263,51,1592,845,181,159,1.0,-1,-1,-1
264,51,1560,847,191,159,1.0,-1,-1,-1
265,51,1546,845,195,164,1.0,-1,-1,-1
266,51,1533,843,200,165,1.0,-1,-1,-1
267,51,1501,841,213,174,1.0,-1,-1,-1
268,51,1480,834,228,184,1.0,-1,-1,-1
269,51,1440,830,244,193,1.0,-1,-1,-1
270,51,1421,828,255,200,1.0,-1,-1,-1
271,51,1383,836,248,194,1.0,-1,-1,-1
272,51,1362,831,266,204,1.0,-1,-1,-1
273,51,1310,831,292,214,1.0,-1,-1,-1
274,51,1237,832,371,216,1.0,-1,-1,-1
275,51,1200,826,400,224,1.0,-1,-1,-1
276,51,1138,827,397,236,1.0,-1,-1,-1
277,51,1104,808,414,263,1.0,-1,-1,-1
278,51,1012,806,449,275,1.0,-1,-1,-1
279,51,983,782,466,300,1.0,-1,-1,-1
280,51,865,778,523,325,1.0,-1,-1,-1
281,51,768,781,537,326,1.0,-1,-1,-1
282,51,588,739,648,427,1.0,-1,-1,-1
283,51,494,748,746,444,1.0,-1,-1,-1
284,51,291,752,781,464,1.0,-1,-1,-1
285,51,18,729,986,524,1.0,-1,-1,-1
299,52,33,1141,954,604,1.0,-1,-1,-1
300,52,296,1109,805,512,1.0,-1,-1,-1
301,52,525,1090,709,448,1.0,-1,-1,-1
302,52,571,1079,703,432,1.0,-1,-1,-1
303,52,858,1054,537,334,1.0,-1,-1,-1
304,52,867,1044,540,330,1.0,-1,-1,-1
305,52,1022,1033,438,302,1.0,-1,-1,-1
306,52,1113,1032,416,269,1.0,-1,-1,-1
307,52,1164,1002,375,271,1.0,-1,-1,-1
308,52,1261,991,324,262,1.0,-1,-1,-1
309,52,1291,986,324,246,1.0,-1,-1,-1
310,52,1361,981,286,231,1.0,-1,-1,-1
311,52,1412,971,264,226,1.0,-1,-1,-1
312,52,1433,970,250,211,1.0,-1,-1,-1
313,52,1482,966,236,206,1.0,-1,-1,-1
314,52,1503,970,221,193,1.0,-1,-1,-1
315,52,1544,962,207,182,1.0,-1,-1,-1
316,52,1561,961,201,177,1.0,-1,-1,-1
317,52,1588,959,197,165,1.0,-1,-1,-1
318,52,1604,955,192,162,1.0,-1,-1,-1
319,52,1618,950,187,162,1.0,-1,-1,-1
320,52,1645,949,178,160,1.0,-1,-1,-1
321,52,1661,947,172,155,1.0,-1,-1,-1
322,52,1673,946,170,150,1.0,-1,-1,-1
323,52,1693,948,167,131,1.0,-1,-1,-1
324,52,1700,947,165,130,1.0,-1,-1,-1
325,52,1714,942,162,129,1.0,-1,-1,-1
326,52,1724,942,162,127,1.0,-1,-1,-1
327,52,1732,938,155,130,1.0,-1,-1,-1
328,52,1743,939,143,125,1.0,-1,-1,-1
329,52,1763,936,141,124,1.0,-1,-1,-1
330,52,1766,936,144,122,1.0,-1,-1,-1
331,52,1773,937,142,118,1.0,-1,-1,-1
332,52,1781,935,140,116,1.0,-1,-1,-1
333,52,1789,932,137,117,1.0,-1,-1,-1
334,52,1796,926,133,121,1.0,-1,-1,-1
344,53,1697,860,132,121,1.0,-1,-1,-1
345,53,1691,863,133,120,1.0,-1,-1,-1
346,53,1682,865,135,118,1.0,-1,-1,-1
347,53,1674,864,136,119,1.0,-1,-1,-1
348,53,1641,846,152,141,1.0,-1,-1,-1
349,53,1639,846,152,142,1.0,-1,-1,-1
350,53,1633,845,153,143,1.0,-1,-1,-1
351,53,1625,845,153,145,1.0,-1,-1,-1
352,53,1616,845,155,146,1.0,-1,-1,-1
353,53,1609,847,155,143,1.0,-1,-1,-1
354,53,1606,849,152,141,1.0,-1,-1,-1
355,53,1573,858,161,137,1.0,-1,-1,-1
356,53,1558,857,166,142,1.0,-1,-1,-1
357,53,1549,853,166,147,1.0,-1,-1,-1
358,53,1526,849,175,158,1.0,-1,-1,-1
359,53,1514,852,176,156,1.0,-1,-1,-1
360,53,1496,845,188,165,1.0,-1,-1,-1
361,53,1487,841,192,171,1.0,-1,-1,-1
362,53,1455,854,195,159,1.0,-1,-1,-1
363,53,1440,857,197,156,1.0,-1,-1,-1
364,53,1400,856,216,161,1.0,-1,-1,-1
365,53,1384,856,221,162,1.0,-1,-1,-1
366,53,1343,852,240,173,1.0,-1,-1,-1
367,53,1328,848,243,179,1.0,-1,-1,-1
368,53,1278,844,255,189,1.0,-1,-1,-1
369,53,1268,841,250,196,1.0,-1,-1,-1
370,53,1216,848,275,200,1.0,-1,-1,-1
371,53,1171,854,276,189,1.0,-1,-1,-1
372,53,1120,856,281,186,1.0,-1,-1,-1
373,53,1044,853,362,225,1.0,-1,-1,-1
374,53,955,850,404,235,1.0,-1,-1,-1
375,53,927,845,406,241,1.0,-1,-1,-1
376,53,822,837,455,259,1.0,-1,-1,-1
377,53,780,836,487,262,1.0,-1,-1,-1
378,53,675,830,522,277,1.0,-1,-1,-1
379,53,505,805,624,338,1.0,-1,-1,-1
379,54,1743,857,135,122,1.0,-1,-1,-1
380,53,335,779,726,398,1.0,-1,-1,-1
380,54,1741,857,131,121,1.0,-1,-1,-1
381,53,217,782,733,414,1.0,-1,-1,-1
382,53,98,784,740,430,1.0,-1,-1,-1
383,53,0,787,748,446,1.0,-1,-1,-1
383,54,1720,857,130,122,1.0,-1,-1,-1
384,54,1707,857,134,124,1.0,-1,-1,-1
385,54,1694,858,138,125,1.0,-1,-1,-1
386,54,1691,858,138,126,1.0,-1,-1,-1
387,54,1669,850,161,135,1.0,-1,-1,-1
388,54,1660,849,162,138,1.0,-1,-1,-1
389,54,1653,848,161,139,1.0,-1,-1,-1
390,54,1638,846,154,142,1.0,-1,-1,-1
391,54,1634,847,154,141,1.0,-1,-1,-1
392,54,1625,847,156,143,1.0,-1,-1,-1
393,54,1616,848,158,143,1.0,-1,-1,-1
394,54,1609,847,156,145,1.0,-1,-1,-1
395,54,1576,850,160,145,1.0,-1,-1,-1
396,54,1557,849,176,151,1.0,-1,-1,-1
397,54,1548,848,174,152,1.0,-1,-1,-1
398,54,1524,844,184,162,1.0,-1,-1,-1
399,54,1511,838,190,170,1.0,-1,-1,-1
400,54,1492,829,205,185,1.0,-1,-1,-1
401,54,1473,821,226,197,1.0,-1,-1,-1
402,54,1435,835,237,186,1.0,-1,-1,-1
403,54,1421,837,240,185,1.0,-1,-1,-1
404,54,1382,844,241,183,1.0,-1,-1,-1
405,54,1330,843,267,189,1.0,-1,-1,-1
406,54,1310,835,281,204,1.0,-1,-1,-1
407,54,1263,836,287,209,1.0,-1,-1,-1
408,54,1216,844,295,205,1.0,-1,-1,-1
409,54,1163,833,341,223,1.0,-1,-1,-1
410,54,1132,820,352,240,1.0,-1,-1,-1
411,54,1050,822,382,247,1.0,-1,-1,-1
412,54,1020,810,387,261,1.0,-1,-1,-1
413,54,921,805,437,283,1.0,-1,-1,-1
414,54,814,801,478,308,1.0,-1,-1,-1
415,54,706,797,519,332,1.0,-1,-1,-1
416,54,598,793,560,357,1.0,-1,-1,-1
417,54,491,789,602,382,1.0,-1,-1,-1
418,54,302,778,683,417,1.0,-1,-1,-1
419,54,114,767,765,452,1.0,-1,-1,-1
487,55,1691,863,137,117,1.0,-1,-1,-1
488,55,1683,865,140,117,1.0,-1,-1,-1
489,55,1675,863,141,121,1.0,-1,-1,-1
490,55,1654,849,159,141,1.0,-1,-1,-1
491,55,1636,847,158,143,1.0,-1,-1,-1
492,55,1631,848,156,142,1.0,-1,-1,-1
493,55,1624,848,158,143,1.0,-1,-1,-1
494,55,1614,849,160,142,1.0,-1,-1,-1
495,55,1597,860,156,135,1.0,-1,-1,-1
496,55,1581,870,153,128,1.0,-1,-1,-1
497,55,1559,862,171,139,1.0,-1,-1,-1
498,55,1548,858,171,144,1.0,-1,-1,-1
499,55,1524,854,184,155,1.0,-1,-1,-1
500,55,1511,857,188,154,1.0,-1,-1,-1
501,55,1491,849,203,164,1.0,-1,-1,-1
501,56,1741,855,147,126,1.0,-1,-1,-1
502,55,1457,856,210,157,1.0,-1,-1,-1
502,56,1741,857,144,123,1.0,-1,-1,-1
503,55,1442,857,213,158,1.0,-1,-1,-1
503,56,1740,860,138,119,1.0,-1,-1,-1
504,55,1400,858,228,160,1.0,-1,-1,-1
505,55,1386,859,230,164,1.0,-1,-1,-1
506,55,1335,856,256,170,1.0,-1,-1,-1
507,55,1321,854,257,179,1.0,-1,-1,-1
508,55,1273,850,269,190,1.0,-1,-1,-1
509,55,1263,848,265,197,1.0,-1,-1,-1
509,56,1691,860,140,123,1.0,-1,-1,-1
510,55,1207,852,292,196,1.0,-1,-1,-1
510,56,1687,862,140,121,1.0,-1,-1,-1
511,55,1162,857,287,183,1.0,-1,-1,-1
511,56,1663,850,162,138,1.0,-1,-1,-1
512,55,1044,859,388,218,1.0,-1,-1,-1
512,56,1655,849,163,141,1.0,-1,-1,-1
513,55,1004,854,414,228,1.0,-1,-1,-1
513,56,1638,845,157,148,1.0,-1,-1,-1
514,55,919,850,429,236,1.0,-1,-1,-1
514,56,1634,846,159,147,1.0,-1,-1,-1
515,55,807,842,483,254,1.0,-1,-1,-1
515,56,1628,847,157,145,1.0,-1,-1,-1
516,55,777,838,497,262,1.0,-1,-1,-1
516,56,1618,846,159,147,1.0,-1,-1,-1
517,55,674,831,524,280,1.0,-1,-1,-1
517,56,1609,845,158,148,1.0,-1,-1,-1
518,55,422,846,649,276,1.0,-1,-1,-1
518,56,1562,842,189,158,1.0,-1,-1,-1
519,55,358,795,672,402,1.0,-1,-1,-1
519,56,1557,849,184,151,1.0,-1,-1,-1
520,55,170,800,757,414,1.0,-1,-1,-1
520,56,1547,851,180,149,1.0,-1,-1,-1
521,55,0,805,843,426,1.0,-1,-1,-1
521,56,1525,853,184,153,1.0,-1,-1,-1
522,56,1517,861,182,149,1.0,-1,-1,-1
523,56,1499,852,193,162,1.0,-1,-1,-1
524,56,1484,842,205,173,1.0,-1,-1,-1
525,56,1447,851,212,168,1.0,-1,-1,-1
526,56,1433,860,213,161,1.0,-1,-1,-1
527,56,1389,858,229,165,1.0,-1,-1,-1
528,56,1376,857,229,166,1.0,-1,-1,-1
529,56,1327,854,254,179,1.0,-1,-1,-1
530,56,1276,852,267,186,1.0,-1,-1,-1
531,56,1268,849,260,192,1.0,-1,-1,-1
532,56,1214,853,282,196,1.0,-1,-1,-1
533,56,1163,866,286,196,1.0,-1,-1,-1
534,56,1108,866,299,197,1.0,-1,-1,-1
535,56,1037,852,368,229,1.0,-1,-1,-1
536,56,946,849,401,242,1.0,-1,-1,-1
537,56,902,843,436,250,1.0,-1,-1,-1
538,56,803,838,463,262,1.0,-1,-1,-1
539,56,686,834,514,279,1.0,-1,-1,-1
540,56,513,810,622,337,1.0,-1,-1,-1
541,56,340,786,729,396,1.0,-1,-1,-1
542,56,224,795,731,401,1.0,-1,-1,-1
543,56,109,805,733,407,1.0,-1,-1,-1
