86,77,975,728,440,351,1.0,-1,-1,-1
87,77,989,707,410,371,1.0,-1,-1,-1
88,77,1004,687,381,383,1.0,-1,-1,-1
89,77,1005,680,380,356,1.0,-1,-1,-1
90,77,999,627,406,402,1.0,-1,-1,-1
91,77,1009,639,370,336,1.0,-1,-1,-1
92,77,1011,616,364,348,1.0,-1,-1,-1
93,77,1015,600,354,350,1.0,-1,-1,-1
94,77,1017,598,351,339,1.0,-1,-1,-1
95,77,1019,578,345,326,1.0,-1,-1,-1
96,77,1023,563,339,320,1.0,-1,-1,-1
97,77,1027,548,330,318,1.0,-1,-1,-1
98,77,1032,542,320,310,1.0,-1,-1,-1
99,77,1033,515,318,309,1.0,-1,-1,-1
100,77,1036,500,308,309,1.0,-1,-1,-1
101,77,1041,485,298,307,1.0,-1,-1,-1
102,77,1045,478,290,299,1.0,-1,-1,-1
103,77,1044,464,299,280,1.0,-1,-1,-1
104,77,1049,456,288,277,1.0,-1,-1,-1
105,77,1053,448,278,272,1.0,-1,-1,-1
106,77,1056,438,270,265,1.0,-1,-1,-1
107,77,1058,431,265,257,1.0,-1,-1,-1
108,77,1061,426,257,248,1.0,-1,-1,-1
109,77,1060,398,262,259,1.0,-1,-1,-1
110,77,1061,389,256,257,1.0,-1,-1,-1
111,77,1063,381,251,253,1.0,-1,-1,-1
112,77,1066,371,244,249,1.0,-1,-1,-1
113,77,1069,364,238,243,1.0,-1,-1,-1
114,77,1072,360,235,234,1.0,-1,-1,-1
115,77,1071,337,239,237,1.0,-1,-1,-1
116,77,1070,331,237,235,1.0,-1,-1,-1
117,77,1070,322,234,233,1.0,-1,-1,-1
118,77,1071,313,233,230,1.0,-1,-1,-1
119,77,1072,308,230,224,1.0,-1,-1,-1
120,77,1072,304,231,217,1.0,-1,-1,-1
121,77,1066,299,221,210,1.0,-1,-1,-1
122,77,1073,286,224,187,1.0,-1,-1,-1
123,77,1072,275,226,204,1.0,-1,-1,-1
124,77,1075,268,219,209,1.0,-1,-1,-1
125,77,1077,268,203,197,1.0,-1,-1,-1
126,77,1080,256,196,170,1.0,-1,-1,-1
126,78,1025,20,116,97,1.0,-1,-1,-1
127,77,1080,247,197,182,1.0,-1,-1,-1
127,78,1024,20,116,97,1.0,-1,-1,-1
128,77,1080,237,207,197,1.0,-1,-1,-1
128,78,1023,21,116,97,1.0,-1,-1,-1
129,77,1081,232,205,200,1.0,-1,-1,-1
129,78,1023,21,116,97,1.0,-1,-1,-1
130,77,1081,232,196,192,1.0,-1,-1,-1
130,78,1022,22,116,97,1.0,-1,-1,-1
131,77,1086,223,198,168,1.0,-1,-1,-1
131,78,1022,23,117,97,1.0,-1,-1,-1
132,77,1085,217,184,180,1.0,-1,-1,-1
132,78,1021,23,117,98,1.0,-1,-1,-1
133,77,1086,210,182,186,1.0,-1,-1,-1
133,78,1021,24,117,98,1.0,-1,-1,-1
134,77,1086,208,183,183,1.0,-1,-1,-1
134,78,1020,25,117,98,1.0,-1,-1,-1
135,77,1087,204,183,180,1.0,-1,-1,-1
135,78,1020,25,118,98,1.0,-1,-1,-1
136,77,1088,200,182,179,1.0,-1,-1,-1
136,78,1019,26,118,98,1.0,-1,-1,-1
137,77,1088,200,181,172,1.0,-1,-1,-1
137,78,1019,27,118,99,1.0,-1,-1,-1
138,77,1088,189,178,164,1.0,-1,-1,-1
138,78,1018,27,118,99,1.0,-1,-1,-1
139,77,1088,183,179,170,1.0,-1,-1,-1
139,78,1018,28,119,99,1.0,-1,-1,-1
140,77,1090,177,177,177,1.0,-1,-1,-1
140,78,1017,29,119,99,1.0,-1,-1,-1
141,77,1091,174,175,174,1.0,-1,-1,-1
141,78,1016,29,119,99,1.0,-1,-1,-1
142,77,1093,172,172,169,1.0,-1,-1,-1
142,78,1016,30,119,100,1.0,-1,-1,-1
143,77,1093,169,171,166,1.0,-1,-1,-1
143,78,1015,31,119,100,1.0,-1,-1,-1
144,77,1094,169,169,160,1.0,-1,-1,-1
144,78,1015,31,120,100,1.0,-1,-1,-1
145,77,1093,164,170,144,1.0,-1,-1,-1
145,78,1014,32,120,100,1.0,-1,-1,-1
146,77,1093,159,172,149,1.0,-1,-1,-1
146,78,1014,33,120,100,1.0,-1,-1,-1
147,77,1092,154,173,154,1.0,-1,-1,-1
147,78,1013,33,120,101,1.0,-1,-1,-1
148,77,1092,150,173,155,1.0,-1,-1,-1
148,78,1013,34,121,101,1.0,-1,-1,-1
149,77,1093,147,171,154,1.0,-1,-1,-1
149,78,1012,35,121,101,1.0,-1,-1,-1
150,77,1094,143,169,153,1.0,-1,-1,-1
150,78,1012,35,121,101,1.0,-1,-1,-1
151,77,1096,139,165,154,1.0,-1,-1,-1
151,78,1011,36,121,101,1.0,-1,-1,-1
152,77,1097,136,162,152,1.0,-1,-1,-1
152,78,1011,37,122,102,1.0,-1,-1,-1
153,77,1099,132,157,142,1.0,-1,-1,-1
153,78,1009,37,122,102,1.0,-1,-1,-1
154,77,1097,129,161,144,1.0,-1,-1,-1
154,78,1008,37,123,103,1.0,-1,-1,-1
155,77,1098,127,160,147,1.0,-1,-1,-1
155,78,1006,38,123,104,1.0,-1,-1,-1
156,77,1099,125,159,148,1.0,-1,-1,-1
156,78,1005,38,124,105,1.0,-1,-1,-1
157,77,1100,123,156,147,1.0,-1,-1,-1
157,78,1004,38,124,105,1.0,-1,-1,-1
158,77,1100,120,157,144,1.0,-1,-1,-1
158,78,1002,39,125,106,1.0,-1,-1,-1
159,77,1101,117,156,140,1.0,-1,-1,-1
159,78,1001,39,125,107,1.0,-1,-1,-1
160,77,1102,114,153,138,1.0,-1,-1,-1
160,78,1000,39,126,108,1.0,-1,-1,-1
161,77,1104,110,148,139,1.0,-1,-1,-1
161,78,998,40,126,108,1.0,-1,-1,-1
162,77,1105,106,146,139,1.0,-1,-1,-1
162,78,997,40,127,109,1.0,-1,-1,-1
163,77,1107,104,143,140,1.0,-1,-1,-1
163,78,996,40,127,110,1.0,-1,-1,-1
164,77,1105,96,145,137,1.0,-1,-1,-1
164,78,994,41,128,111,1.0,-1,-1,-1
165,77,1105,94,145,141,1.0,-1,-1,-1
165,78,993,41,128,112,1.0,-1,-1,-1
166,77,1106,91,144,141,1.0,-1,-1,-1
166,78,992,41,129,112,1.0,-1,-1,-1
167,77,1105,91,145,139,1.0,-1,-1,-1
167,78,990,42,129,113,1.0,-1,-1,-1
168,77,1106,92,143,133,1.0,-1,-1,-1
168,78,989,42,130,114,1.0,-1,-1,-1
169,77,1106,92,144,129,1.0,-1,-1,-1
169,78,987,43,130,115,1.0,-1,-1,-1
170,77,1107,89,142,127,1.0,-1,-1,-1
170,78,986,43,131,115,1.0,-1,-1,-1
171,77,1108,86,141,126,1.0,-1,-1,-1
171,78,985,43,131,116,1.0,-1,-1,-1
172,77,1109,84,139,126,1.0,-1,-1,-1
172,78,983,44,132,117,1.0,-1,-1,-1
173,77,1109,84,136,122,1.0,-1,-1,-1
173,78,982,44,132,118,1.0,-1,-1,-1
174,77,1110,83,134,120,1.0,-1,-1,-1
174,78,981,44,133,119,1.0,-1,-1,-1
175,77,1111,82,134,119,1.0,-1,-1,-1
175,78,979,45,133,119,1.0,-1,-1,-1
176,77,1111,81,134,119,1.0,-1,-1,-1
176,78,978,45,134,120,1.0,-1,-1,-1
177,77,1112,80,132,119,1.0,-1,-1,-1
177,78,977,45,134,121,1.0,-1,-1,-1
178,77,1113,79,130,117,1.0,-1,-1,-1
178,78,975,46,135,122,1.0,-1,-1,-1
179,77,1113,80,130,115,1.0,-1,-1,-1
179,78,974,46,135,122,1.0,-1,-1,-1
180,77,1113,80,131,113,1.0,-1,-1,-1
180,78,973,46,136,123,1.0,-1,-1,-1
181,77,1117,91,136,99,1.0,-1,-1,-1
181,78,971,47,136,124,1.0,-1,-1,-1
182,78,970,47,137,125,1.0,-1,-1,-1
183,77,1119,67,130,117,1.0,-1,-1,-1
183,78,969,48,138,126,1.0,-1,-1,-1
184,77,1115,92,138,92,1.0,-1,-1,-1
184,78,968,49,138,126,1.0,-1,-1,-1
185,77,1130,74,115,92,1.0,-1,-1,-1
185,78,967,50,139,126,1.0,-1,-1,-1
186,77,1119,65,130,110,1.0,-1,-1,-1
186,78,966,52,139,127,1.0,-1,-1,-1
187,77,1120,64,129,109,1.0,-1,-1,-1
187,78,965,53,140,127,1.0,-1,-1,-1
188,77,1121,63,128,108,1.0,-1,-1,-1
188,78,964,54,141,127,1.0,-1,-1,-1
189,77,1122,62,127,107,1.0,-1,-1,-1
189,78,963,56,141,128,1.0,-1,-1,-1
190,77,1123,61,126,106,1.0,-1,-1,-1
190,78,962,57,142,128,1.0,-1,-1,-1
191,77,1124,59,124,105,1.0,-1,-1,-1
191,78,961,59,143,128,1.0,-1,-1,-1
192,77,1125,58,123,104,1.0,-1,-1,-1
192,79,1049,841,379,237,1.0,-1,-1,-1
192,78,960,60,143,129,1.0,-1,-1,-1
193,77,1125,57,122,103,1.0,-1,-1,-1
193,79,1054,823,366,255,1.0,-1,-1,-1
193,78,959,61,144,129,1.0,-1,-1,-1
194,77,1126,56,121,102,1.0,-1,-1,-1
194,79,1059,802,355,276,1.0,-1,-1,-1
194,78,958,63,145,129,1.0,-1,-1,-1
195,77,1127,54,120,101,1.0,-1,-1,-1
195,79,1063,784,348,284,1.0,-1,-1,-1
195,78,957,64,145,130,1.0,-1,-1,-1
196,77,1128,53,119,100,1.0,-1,-1,-1
196,79,1058,760,352,270,1.0,-1,-1,-1
196,78,956,66,146,130,1.0,-1,-1,-1
197,77,1129,52,118,99,1.0,-1,-1,-1
197,79,1063,752,342,261,1.0,-1,-1,-1
197,78,955,67,146,130,1.0,-1,-1,-1
198,77,1130,51,116,98,1.0,-1,-1,-1
198,79,1066,735,334,260,1.0,-1,-1,-1
198,78,954,68,147,131,1.0,-1,-1,-1
199,77,1131,50,115,97,1.0,-1,-1,-1
199,79,1069,721,330,261,1.0,-1,-1,-1
199,78,953,70,148,131,1.0,-1,-1,-1
200,77,1132,48,114,96,1.0,-1,-1,-1
200,79,1066,699,334,247,1.0,-1,-1,-1
200,78,952,71,148,131,1.0,-1,-1,-1
201,77,1133,47,113,95,1.0,-1,-1,-1
201,79,1073,691,319,239,1.0,-1,-1,-1
201,78,951,72,149,132,1.0,-1,-1,-1
202,77,1134,46,112,94,1.0,-1,-1,-1
202,79,1078,680,310,234,1.0,-1,-1,-1
202,78,950,74,150,132,1.0,-1,-1,-1
203,77,1135,45,111,93,1.0,-1,-1,-1
203,79,1077,665,309,235,1.0,-1,-1,-1
203,78,949,75,150,132,1.0,-1,-1,-1
204,77,1136,44,110,92,1.0,-1,-1,-1
204,79,1080,655,304,235,1.0,-1,-1,-1
204,78,948,77,151,133,1.0,-1,-1,-1
205,77,1136,42,108,91,1.0,-1,-1,-1
205,79,1082,633,301,234,1.0,-1,-1,-1
205,78,948,78,152,133,1.0,-1,-1,-1
206,77,1137,41,107,90,1.0,-1,-1,-1
206,79,1088,626,290,227,1.0,-1,-1,-1
206,78,947,79,152,133,1.0,-1,-1,-1
207,77,1138,40,106,89,1.0,-1,-1,-1
207,79,1089,615,285,224,1.0,-1,-1,-1
207,78,946,81,153,134,1.0,-1,-1,-1
208,77,1136,38,111,95,1.0,-1,-1,-1
208,79,1087,603,284,221,1.0,-1,-1,-1
208,78,945,82,153,134,1.0,-1,-1,-1
209,77,1137,39,109,91,1.0,-1,-1,-1
209,79,1087,594,282,216,1.0,-1,-1,-1
209,78,944,84,154,134,1.0,-1,-1,-1
210,77,1139,39,108,89,1.0,-1,-1,-1
210,79,1081,566,281,225,1.0,-1,-1,-1
210,78,943,85,155,135,1.0,-1,-1,-1
211,77,1138,35,109,91,1.0,-1,-1,-1
211,79,1087,559,271,222,1.0,-1,-1,-1
211,78,942,86,155,135,1.0,-1,-1,-1
212,77,1138,30,110,92,1.0,-1,-1,-1
212,79,1089,549,266,219,1.0,-1,-1,-1
212,78,941,88,156,135,1.0,-1,-1,-1
213,77,1137,28,111,95,1.0,-1,-1,-1
213,79,1091,540,264,215,1.0,-1,-1,-1
213,78,940,89,157,136,1.0,-1,-1,-1
214,77,1138,27,111,96,1.0,-1,-1,-1
214,79,1090,530,263,212,1.0,-1,-1,-1
214,78,939,90,157,136,1.0,-1,-1,-1
215,77,1139,28,111,97,1.0,-1,-1,-1
215,79,1093,523,258,207,1.0,-1,-1,-1
215,78,938,92,158,136,1.0,-1,-1,-1
216,77,1140,31,110,94,1.0,-1,-1,-1
216,79,1091,498,261,216,1.0,-1,-1,-1
216,78,937,93,159,137,1.0,-1,-1,-1
217,77,1139,32,110,95,1.0,-1,-1,-1
217,79,1096,493,252,212,1.0,-1,-1,-1
217,78,936,95,159,137,1.0,-1,-1,-1
218,77,1139,30,110,95,1.0,-1,-1,-1
218,79,1098,484,249,210,1.0,-1,-1,-1
218,78,935,96,160,137,1.0,-1,-1,-1
219,77,1138,29,111,97,1.0,-1,-1,-1
219,79,1098,474,248,209,1.0,-1,-1,-1
219,78,934,97,160,138,1.0,-1,-1,-1
220,77,1138,29,110,96,1.0,-1,-1,-1
220,79,1097,466,251,206,1.0,-1,-1,-1
220,78,933,99,161,138,1.0,-1,-1,-1
221,77,1138,31,110,97,1.0,-1,-1,-1
221,79,1105,462,236,193,1.0,-1,-1,-1
221,78,932,100,162,138,1.0,-1,-1,-1
222,77,1139,31,110,96,1.0,-1,-1,-1
222,79,1106,455,232,193,1.0,-1,-1,-1
222,78,931,102,162,139,1.0,-1,-1,-1
223,77,1141,32,107,94,1.0,-1,-1,-1
223,79,1108,454,228,183,1.0,-1,-1,-1
223,78,930,103,163,139,1.0,-1,-1,-1
224,77,1142,32,105,92,1.0,-1,-1,-1
224,79,1109,435,225,189,1.0,-1,-1,-1
224,78,929,104,164,139,1.0,-1,-1,-1
225,77,1142,32,105,92,1.0,-1,-1,-1
225,79,1107,430,217,185,1.0,-1,-1,-1
225,78,928,106,164,140,1.0,-1,-1,-1
226,77,1143,30,106,93,1.0,-1,-1,-1
226,79,1109,423,213,182,1.0,-1,-1,-1
226,78,927,107,165,140,1.0,-1,-1,-1
227,77,1142,28,108,95,1.0,-1,-1,-1
227,79,1110,422,210,173,1.0,-1,-1,-1
227,80,1041,766,376,312,1.0,-1,-1,-1
227,78,927,109,166,141,1.0,-1,-1,-1
228,77,1141,26,111,97,1.0,-1,-1,-1
228,79,1112,399,204,186,1.0,-1,-1,-1
228,80,1039,753,375,325,1.0,-1,-1,-1
228,78,925,111,167,141,1.0,-1,-1,-1
229,77,1141,24,111,97,1.0,-1,-1,-1
229,79,1113,393,199,182,1.0,-1,-1,-1
229,80,1038,729,365,323,1.0,-1,-1,-1
229,78,923,113,168,142,1.0,-1,-1,-1
230,77,1142,23,110,96,1.0,-1,-1,-1
230,79,1113,388,198,175,1.0,-1,-1,-1
230,80,1041,713,355,315,1.0,-1,-1,-1
230,78,921,116,169,143,1.0,-1,-1,-1
231,77,1144,26,107,91,1.0,-1,-1,-1
231,79,1111,388,202,165,1.0,-1,-1,-1
231,80,1044,695,350,312,1.0,-1,-1,-1
231,78,919,118,170,143,1.0,-1,-1,-1
232,77,1146,29,105,88,1.0,-1,-1,-1
232,79,1113,368,197,173,1.0,-1,-1,-1
232,80,1036,674,359,306,1.0,-1,-1,-1
232,78,917,121,171,144,1.0,-1,-1,-1
233,77,1146,29,106,89,1.0,-1,-1,-1
233,79,1114,362,194,171,1.0,-1,-1,-1
233,80,1041,668,347,296,1.0,-1,-1,-1
233,78,915,123,172,145,1.0,-1,-1,-1
234,77,1144,24,107,94,1.0,-1,-1,-1
234,79,1112,357,194,166,1.0,-1,-1,-1
234,80,1043,655,337,287,1.0,-1,-1,-1
234,78,913,125,173,145,1.0,-1,-1,-1
235,77,1141,19,108,100,1.0,-1,-1,-1
235,79,1111,354,195,162,1.0,-1,-1,-1
235,80,1045,639,331,285,1.0,-1,-1,-1
235,78,912,128,175,146,1.0,-1,-1,-1
236,77,1142,19,105,100,1.0,-1,-1,-1
236,79,1112,338,192,170,1.0,-1,-1,-1
236,80,1046,629,327,285,1.0,-1,-1,-1
236,78,910,130,176,147,1.0,-1,-1,-1
237,77,1143,23,103,96,1.0,-1,-1,-1
237,79,1113,331,190,171,1.0,-1,-1,-1
237,80,1044,611,325,277,1.0,-1,-1,-1
237,78,908,133,177,147,1.0,-1,-1,-1
238,77,1145,26,101,93,1.0,-1,-1,-1
238,79,1113,327,188,166,1.0,-1,-1,-1
238,80,1048,602,315,270,1.0,-1,-1,-1
238,81,981,94,134,108,1.0,-1,-1,-1
238,78,906,135,178,148,1.0,-1,-1,-1
239,77,1146,27,100,91,1.0,-1,-1,-1
239,79,1113,322,187,161,1.0,-1,-1,-1
239,80,1049,589,307,267,1.0,-1,-1,-1
239,81,980,95,137,107,1.0,-1,-1,-1
239,78,904,137,179,149,1.0,-1,-1,-1
240,79,1113,320,188,156,1.0,-1,-1,-1
240,80,1049,576,308,266,1.0,-1,-1,-1
240,81,978,98,137,104,1.0,-1,-1,-1
240,78,902,140,180,149,1.0,-1,-1,-1
241,79,1116,306,182,161,1.0,-1,-1,-1
241,80,1050,566,305,265,1.0,-1,-1,-1
241,81,976,99,138,106,1.0,-1,-1,-1
241,78,900,142,181,150,1.0,-1,-1,-1
242,79,1115,299,184,164,1.0,-1,-1,-1
242,80,1050,549,302,258,1.0,-1,-1,-1
242,81,974,100,139,107,1.0,-1,-1,-1
242,78,899,145,183,151,1.0,-1,-1,-1
243,79,1113,294,185,161,1.0,-1,-1,-1
243,80,1057,542,288,250,1.0,-1,-1,-1
243,81,972,101,140,109,1.0,-1,-1,-1
243,78,897,147,184,151,1.0,-1,-1,-1
244,79,1113,289,184,156,1.0,-1,-1,-1
244,80,1059,528,279,246,1.0,-1,-1,-1
244,81,972,106,139,106,1.0,-1,-1,-1
244,78,895,149,185,152,1.0,-1,-1,-1
245,77,1146,28,101,90,1.0,-1,-1,-1
245,79,1113,287,181,152,1.0,-1,-1,-1
245,80,1059,513,277,247,1.0,-1,-1,-1
245,81,970,104,140,109,1.0,-1,-1,-1
245,78,893,152,186,153,1.0,-1,-1,-1
246,77,1146,27,102,91,1.0,-1,-1,-1
246,79,1115,286,177,147,1.0,-1,-1,-1
246,80,1059,502,273,247,1.0,-1,-1,-1
246,81,969,105,139,111,1.0,-1,-1,-1
246,78,891,154,187,153,1.0,-1,-1,-1
247,79,1115,271,177,153,1.0,-1,-1,-1
247,80,1061,481,270,252,1.0,-1,-1,-1
247,81,967,106,140,112,1.0,-1,-1,-1
247,78,889,157,188,154,1.0,-1,-1,-1
248,79,1112,265,180,154,1.0,-1,-1,-1
248,80,1063,478,266,243,1.0,-1,-1,-1
248,81,968,107,141,113,1.0,-1,-1,-1
248,78,887,159,189,155,1.0,-1,-1,-1
249,79,1111,260,180,152,1.0,-1,-1,-1
249,80,1064,470,263,235,1.0,-1,-1,-1
249,81,964,106,142,119,1.0,-1,-1,-1
249,78,886,162,191,156,1.0,-1,-1,-1
250,79,1112,255,177,150,1.0,-1,-1,-1
250,80,1065,460,259,234,1.0,-1,-1,-1
250,81,962,106,145,120,1.0,-1,-1,-1
250,78,883,165,191,157,1.0,-1,-1,-1
251,79,1115,253,173,147,1.0,-1,-1,-1
251,80,1067,452,253,232,1.0,-1,-1,-1
251,81,963,107,144,124,1.0,-1,-1,-1
251,78,881,169,192,158,1.0,-1,-1,-1
252,79,1117,251,169,144,1.0,-1,-1,-1
252,80,1069,444,244,229,1.0,-1,-1,-1
252,81,958,112,143,114,1.0,-1,-1,-1
252,78,879,173,193,159,1.0,-1,-1,-1
253,79,1118,243,166,142,1.0,-1,-1,-1
253,80,1071,439,239,223,1.0,-1,-1,-1
253,81,960,112,140,118,1.0,-1,-1,-1
253,78,877,176,194,160,1.0,-1,-1,-1
254,79,1117,239,166,145,1.0,-1,-1,-1
254,80,1072,414,237,233,1.0,-1,-1,-1
254,81,959,113,139,121,1.0,-1,-1,-1
254,78,875,180,195,161,1.0,-1,-1,-1
255,79,1115,234,169,144,1.0,-1,-1,-1
255,80,1072,408,237,227,1.0,-1,-1,-1
255,81,958,114,139,124,1.0,-1,-1,-1
255,78,873,184,196,163,1.0,-1,-1,-1
256,79,1114,229,169,142,1.0,-1,-1,-1
256,80,1072,400,235,222,1.0,-1,-1,-1
256,81,959,113,138,128,1.0,-1,-1,-1
256,78,870,187,196,164,1.0,-1,-1,-1
257,79,1114,226,166,139,1.0,-1,-1,-1
257,80,1072,389,234,222,1.0,-1,-1,-1
257,81,954,117,141,127,1.0,-1,-1,-1
257,78,868,191,197,165,1.0,-1,-1,-1
258,79,1116,223,161,138,1.0,-1,-1,-1
258,80,1073,380,231,222,1.0,-1,-1,-1
258,81,953,122,140,122,1.0,-1,-1,-1
258,78,866,195,198,166,1.0,-1,-1,-1
259,79,1118,220,157,139,1.0,-1,-1,-1
259,80,1074,373,231,220,1.0,-1,-1,-1
259,81,953,122,142,127,1.0,-1,-1,-1
259,78,864,198,199,167,1.0,-1,-1,-1
260,79,1118,216,155,140,1.0,-1,-1,-1
260,80,1075,368,231,214,1.0,-1,-1,-1
260,81,950,125,144,125,1.0,-1,-1,-1
260,78,862,202,200,169,1.0,-1,-1,-1
261,79,1116,211,157,133,1.0,-1,-1,-1
261,80,1077,345,228,222,1.0,-1,-1,-1
261,81,947,128,145,127,1.0,-1,-1,-1
261,78,860,206,201,170,1.0,-1,-1,-1
262,79,1115,209,158,134,1.0,-1,-1,-1
262,80,1074,350,226,200,1.0,-1,-1,-1
262,81,945,129,149,128,1.0,-1,-1,-1
262,78,857,209,201,171,1.0,-1,-1,-1
263,79,1116,204,157,133,1.0,-1,-1,-1
263,80,1077,341,221,202,1.0,-1,-1,-1
263,81,942,129,153,134,1.0,-1,-1,-1
263,78,855,213,202,172,1.0,-1,-1,-1
264,79,1118,199,154,133,1.0,-1,-1,-1
264,80,1081,334,214,203,1.0,-1,-1,-1
264,81,944,130,151,137,1.0,-1,-1,-1
264,78,853,217,203,173,1.0,-1,-1,-1
265,79,1119,193,151,134,1.0,-1,-1,-1
265,80,1084,329,206,187,1.0,-1,-1,-1
265,81,943,133,152,137,1.0,-1,-1,-1
265,78,851,220,204,175,1.0,-1,-1,-1
266,79,1119,191,148,132,1.0,-1,-1,-1
266,80,1084,320,203,196,1.0,-1,-1,-1
266,81,941,138,152,129,1.0,-1,-1,-1
266,78,849,224,205,176,1.0,-1,-1,-1
267,79,1120,189,144,132,1.0,-1,-1,-1
267,80,1083,313,204,197,1.0,-1,-1,-1
267,81,937,139,155,130,1.0,-1,-1,-1
267,78,847,228,206,177,1.0,-1,-1,-1
268,79,1121,186,142,131,1.0,-1,-1,-1
268,80,1085,306,202,194,1.0,-1,-1,-1
268,81,933,139,160,137,1.0,-1,-1,-1
268,78,844,231,206,178,1.0,-1,-1,-1
269,79,1123,183,143,132,1.0,-1,-1,-1
269,80,1086,304,200,188,1.0,-1,-1,-1
269,81,936,142,158,135,1.0,-1,-1,-1
269,78,842,235,207,179,1.0,-1,-1,-1
270,79,1122,180,147,123,1.0,-1,-1,-1
270,80,1088,295,197,180,1.0,-1,-1,-1
270,81,933,142,158,143,1.0,-1,-1,-1
270,78,840,239,208,181,1.0,-1,-1,-1
271,79,1122,179,150,122,1.0,-1,-1,-1
271,80,1087,287,196,186,1.0,-1,-1,-1
271,81,933,150,156,133,1.0,-1,-1,-1
271,78,838,242,209,182,1.0,-1,-1,-1
272,79,1121,177,150,123,1.0,-1,-1,-1
272,80,1088,280,194,186,1.0,-1,-1,-1
272,81,931,146,157,140,1.0,-1,-1,-1
272,78,836,246,210,183,1.0,-1,-1,-1
273,79,1122,173,148,124,1.0,-1,-1,-1
273,80,1088,273,192,186,1.0,-1,-1,-1
273,81,930,150,155,141,1.0,-1,-1,-1
273,78,834,250,211,184,1.0,-1,-1,-1
274,79,1123,170,146,125,1.0,-1,-1,-1
274,80,1089,269,190,183,1.0,-1,-1,-1
274,81,929,152,156,144,1.0,-1,-1,-1
274,78,831,253,211,185,1.0,-1,-1,-1
275,79,1125,166,145,126,1.0,-1,-1,-1
275,80,1093,263,185,173,1.0,-1,-1,-1
275,81,927,155,159,142,1.0,-1,-1,-1
275,78,829,257,212,187,1.0,-1,-1,-1
276,79,1126,162,145,127,1.0,-1,-1,-1
276,80,1092,257,187,178,1.0,-1,-1,-1
276,81,924,164,162,137,1.0,-1,-1,-1
276,78,827,261,213,188,1.0,-1,-1,-1
277,79,1126,157,143,131,1.0,-1,-1,-1
277,80,1092,252,186,177,1.0,-1,-1,-1
277,81,922,159,164,146,1.0,-1,-1,-1
277,78,825,264,214,189,1.0,-1,-1,-1
278,79,1126,154,141,131,1.0,-1,-1,-1
278,80,1085,253,185,166,1.0,-1,-1,-1
278,81,921,168,161,140,1.0,-1,-1,-1
278,78,823,268,215,190,1.0,-1,-1,-1
279,79,1128,151,141,131,1.0,-1,-1,-1
279,80,1086,249,184,162,1.0,-1,-1,-1
279,81,918,166,164,145,1.0,-1,-1,-1
279,78,821,272,216,191,1.0,-1,-1,-1
280,79,1129,151,142,126,1.0,-1,-1,-1
280,80,1087,244,182,161,1.0,-1,-1,-1
280,81,917,168,163,146,1.0,-1,-1,-1
280,78,819,276,217,193,1.0,-1,-1,-1
281,79,1130,151,141,124,1.0,-1,-1,-1
281,80,1093,239,184,165,1.0,-1,-1,-1
281,81,916,181,164,139,1.0,-1,-1,-1
281,78,815,281,218,194,1.0,-1,-1,-1
282,79,1129,142,143,123,1.0,-1,-1,-1
282,80,1098,231,174,161,1.0,-1,-1,-1
282,81,918,168,167,150,1.0,-1,-1,-1
282,78,812,287,219,195,1.0,-1,-1,-1
283,79,1143,152,111,86,1.0,-1,-1,-1
283,80,1098,227,174,160,1.0,-1,-1,-1
283,81,911,173,171,153,1.0,-1,-1,-1
283,78,808,293,221,197,1.0,-1,-1,-1
284,79,1127,139,144,122,1.0,-1,-1,-1
284,80,1098,222,173,160,1.0,-1,-1,-1
284,81,909,175,171,151,1.0,-1,-1,-1
284,78,805,299,222,198,1.0,-1,-1,-1
285,79,1131,142,136,113,1.0,-1,-1,-1
285,80,1098,216,173,160,1.0,-1,-1,-1
285,81,906,178,172,150,1.0,-1,-1,-1
285,78,802,304,224,200,1.0,-1,-1,-1
286,79,1132,138,134,113,1.0,-1,-1,-1
286,80,1099,211,171,160,1.0,-1,-1,-1
286,81,906,183,170,151,1.0,-1,-1,-1
286,78,798,310,225,201,1.0,-1,-1,-1
287,79,1132,135,134,114,1.0,-1,-1,-1
287,80,1099,209,171,159,1.0,-1,-1,-1
287,81,905,185,174,155,1.0,-1,-1,-1
287,78,795,316,227,203,1.0,-1,-1,-1
288,79,1132,133,134,112,1.0,-1,-1,-1
288,80,1100,206,171,159,1.0,-1,-1,-1
288,81,906,188,171,155,1.0,-1,-1,-1
288,78,791,322,228,204,1.0,-1,-1,-1
289,79,1131,129,135,111,1.0,-1,-1,-1
289,80,1104,201,164,151,1.0,-1,-1,-1
289,81,903,192,173,154,1.0,-1,-1,-1
289,78,788,327,230,206,1.0,-1,-1,-1
290,79,1132,135,136,93,1.0,-1,-1,-1
290,80,1104,199,165,152,1.0,-1,-1,-1
290,81,897,193,173,157,1.0,-1,-1,-1
290,78,785,333,231,207,1.0,-1,-1,-1
291,79,1132,133,135,93,1.0,-1,-1,-1
291,80,1104,197,165,152,1.0,-1,-1,-1
291,81,898,191,173,161,1.0,-1,-1,-1
291,78,781,339,233,209,1.0,-1,-1,-1
292,79,1133,131,136,95,1.0,-1,-1,-1
292,80,1104,194,164,151,1.0,-1,-1,-1
292,81,898,195,174,162,1.0,-1,-1,-1
292,78,778,345,234,210,1.0,-1,-1,-1
293,79,1132,129,136,96,1.0,-1,-1,-1
293,80,1104,191,163,149,1.0,-1,-1,-1
293,81,895,197,176,168,1.0,-1,-1,-1
293,78,775,350,236,212,1.0,-1,-1,-1
294,79,1131,129,137,96,1.0,-1,-1,-1
294,80,1103,187,163,147,1.0,-1,-1,-1
294,81,888,203,177,168,1.0,-1,-1,-1
294,78,771,356,237,213,1.0,-1,-1,-1
295,79,1137,115,120,92,1.0,-1,-1,-1
295,80,1105,182,160,146,1.0,-1,-1,-1
295,81,887,207,176,169,1.0,-1,-1,-1
295,78,768,362,239,215,1.0,-1,-1,-1
296,79,1138,114,119,91,1.0,-1,-1,-1
296,80,1107,178,158,146,1.0,-1,-1,-1
296,81,890,210,175,175,1.0,-1,-1,-1
296,78,764,368,240,216,1.0,-1,-1,-1
297,79,1137,113,119,90,1.0,-1,-1,-1
297,80,1109,175,154,146,1.0,-1,-1,-1
297,81,889,216,175,173,1.0,-1,-1,-1
297,78,761,373,242,218,1.0,-1,-1,-1
298,79,1139,112,116,88,1.0,-1,-1,-1
298,80,1113,173,149,134,1.0,-1,-1,-1
298,81,885,217,177,174,1.0,-1,-1,-1
298,78,758,379,243,219,1.0,-1,-1,-1
299,79,1140,111,116,86,1.0,-1,-1,-1
299,80,1112,170,150,135,1.0,-1,-1,-1
299,81,885,227,178,169,1.0,-1,-1,-1
299,78,754,385,245,221,1.0,-1,-1,-1
300,79,1141,110,115,84,1.0,-1,-1,-1
300,80,1111,166,150,134,1.0,-1,-1,-1
300,81,887,228,172,169,1.0,-1,-1,-1
300,78,751,391,246,222,1.0,-1,-1,-1
301,79,1140,109,116,83,1.0,-1,-1,-1
301,80,1109,163,152,133,1.0,-1,-1,-1
301,81,886,229,172,171,1.0,-1,-1,-1
301,78,748,397,248,224,1.0,-1,-1,-1
302,79,1142,109,114,82,1.0,-1,-1,-1
302,80,1109,161,153,133,1.0,-1,-1,-1
302,81,884,235,174,171,1.0,-1,-1,-1
302,78,741,403,253,228,1.0,-1,-1,-1
303,80,1108,159,154,132,1.0,-1,-1,-1
303,81,880,238,176,176,1.0,-1,-1,-1
303,78,734,409,258,233,1.0,-1,-1,-1
304,80,1109,154,152,135,1.0,-1,-1,-1
304,81,880,242,175,177,1.0,-1,-1,-1
304,78,727,416,263,237,1.0,-1,-1,-1
305,80,1109,151,152,137,1.0,-1,-1,-1
305,81,877,244,174,180,1.0,-1,-1,-1
305,78,720,422,268,242,1.0,-1,-1,-1
306,80,1109,147,149,138,1.0,-1,-1,-1
306,81,876,248,177,178,1.0,-1,-1,-1
306,78,713,428,273,246,1.0,-1,-1,-1
307,80,1111,146,146,137,1.0,-1,-1,-1
307,81,874,248,179,182,1.0,-1,-1,-1
307,78,707,435,279,251,1.0,-1,-1,-1
308,80,1114,143,141,137,1.0,-1,-1,-1
308,81,870,254,185,179,1.0,-1,-1,-1
308,78,700,441,284,255,1.0,-1,-1,-1
309,80,1115,144,139,133,1.0,-1,-1,-1
309,81,870,260,187,180,1.0,-1,-1,-1
309,78,693,447,289,260,1.0,-1,-1,-1
310,80,1113,137,146,127,1.0,-1,-1,-1
310,81,867,266,185,180,1.0,-1,-1,-1
310,78,686,454,294,264,1.0,-1,-1,-1
311,80,1113,136,146,126,1.0,-1,-1,-1
311,81,864,270,187,184,1.0,-1,-1,-1
311,78,679,460,299,269,1.0,-1,-1,-1
312,80,1112,132,146,128,1.0,-1,-1,-1
312,81,858,273,193,189,1.0,-1,-1,-1
312,78,673,467,305,274,1.0,-1,-1,-1
313,80,1114,129,143,129,1.0,-1,-1,-1
313,81,856,281,194,186,1.0,-1,-1,-1
313,78,663,477,310,277,1.0,-1,-1,-1
314,80,1115,126,141,128,1.0,-1,-1,-1
314,81,856,286,194,186,1.0,-1,-1,-1
314,78,653,487,315,281,1.0,-1,-1,-1
315,80,1114,121,140,130,1.0,-1,-1,-1
315,81,852,291,196,187,1.0,-1,-1,-1
315,78,643,497,320,284,1.0,-1,-1,-1
316,80,1114,118,140,131,1.0,-1,-1,-1
316,81,844,294,204,193,1.0,-1,-1,-1
316,78,634,508,325,288,1.0,-1,-1,-1
317,80,1113,115,140,131,1.0,-1,-1,-1
317,81,836,299,208,193,1.0,-1,-1,-1
317,78,624,518,330,291,1.0,-1,-1,-1
318,80,1113,114,140,129,1.0,-1,-1,-1
318,81,834,305,206,194,1.0,-1,-1,-1
318,78,614,528,335,295,1.0,-1,-1,-1
319,80,1113,113,140,128,1.0,-1,-1,-1
319,81,828,315,211,192,1.0,-1,-1,-1
319,78,604,538,340,298,1.0,-1,-1,-1
320,80,1114,113,140,125,1.0,-1,-1,-1
320,81,823,320,213,192,1.0,-1,-1,-1
320,78,595,549,345,302,1.0,-1,-1,-1
321,80,1117,97,137,129,1.0,-1,-1,-1
321,81,816,325,213,192,1.0,-1,-1,-1
321,78,585,559,350,305,1.0,-1,-1,-1
322,80,1117,99,136,125,1.0,-1,-1,-1
322,81,811,325,215,200,1.0,-1,-1,-1
322,78,575,569,355,309,1.0,-1,-1,-1
323,80,1117,100,136,123,1.0,-1,-1,-1
323,81,807,331,218,204,1.0,-1,-1,-1
323,78,565,579,360,312,1.0,-1,-1,-1
324,80,1117,103,136,119,1.0,-1,-1,-1
324,81,797,339,224,201,1.0,-1,-1,-1
324,78,556,590,365,316,1.0,-1,-1,-1
325,80,1117,102,136,118,1.0,-1,-1,-1
325,81,795,345,223,201,1.0,-1,-1,-1
325,78,546,600,370,320,1.0,-1,-1,-1
326,80,1116,99,136,118,1.0,-1,-1,-1
326,81,792,353,222,201,1.0,-1,-1,-1
326,78,536,610,375,323,1.0,-1,-1,-1
327,80,1116,95,135,116,1.0,-1,-1,-1
327,81,794,358,219,208,1.0,-1,-1,-1
327,78,527,621,380,327,1.0,-1,-1,-1
328,80,1117,92,134,117,1.0,-1,-1,-1
328,81,786,362,225,216,1.0,-1,-1,-1
328,78,517,631,385,330,1.0,-1,-1,-1
329,80,1118,92,132,114,1.0,-1,-1,-1
329,81,782,369,229,212,1.0,-1,-1,-1
329,78,507,641,390,334,1.0,-1,-1,-1
330,80,1118,91,132,116,1.0,-1,-1,-1
330,82,1019,804,385,274,1.0,-1,-1,-1
330,81,778,374,231,217,1.0,-1,-1,-1
330,78,497,651,395,337,1.0,-1,-1,-1
331,80,1117,91,133,114,1.0,-1,-1,-1
331,82,1027,785,372,293,1.0,-1,-1,-1
331,81,769,388,235,215,1.0,-1,-1,-1
331,78,488,662,400,341,1.0,-1,-1,-1
331,83,1052,22,103,96,1.0,-1,-1,-1
332,80,1117,90,134,114,1.0,-1,-1,-1
332,82,1023,757,379,284,1.0,-1,-1,-1
332,81,761,392,234,218,1.0,-1,-1,-1
332,78,478,672,405,344,1.0,-1,-1,-1
332,83,1051,22,102,95,1.0,-1,-1,-1
333,80,1117,89,133,115,1.0,-1,-1,-1
333,82,1030,745,369,285,1.0,-1,-1,-1
333,81,760,398,235,218,1.0,-1,-1,-1
333,78,468,682,410,348,1.0,-1,-1,-1
333,83,1050,23,102,94,1.0,-1,-1,-1
334,82,1035,731,359,276,1.0,-1,-1,-1
334,81,757,408,235,219,1.0,-1,-1,-1
334,78,458,692,415,351,1.0,-1,-1,-1
334,83,1049,24,102,94,1.0,-1,-1,-1
335,82,1039,718,354,270,1.0,-1,-1,-1
335,81,750,420,236,211,1.0,-1,-1,-1
335,78,449,703,420,355,1.0,-1,-1,-1
335,83,1049,25,102,93,1.0,-1,-1,-1
336,82,1038,694,356,262,1.0,-1,-1,-1
336,81,746,422,240,222,1.0,-1,-1,-1
336,78,439,713,425,358,1.0,-1,-1,-1
336,83,1048,26,102,93,1.0,-1,-1,-1
337,82,1043,685,347,256,1.0,-1,-1,-1
337,81,736,428,253,224,1.0,-1,-1,-1
337,78,429,723,430,355,1.0,-1,-1,-1
337,83,1047,27,102,92,1.0,-1,-1,-1
338,82,1048,673,339,250,1.0,-1,-1,-1
338,81,727,430,256,229,1.0,-1,-1,-1
338,78,420,734,436,345,1.0,-1,-1,-1
338,83,1046,28,101,91,1.0,-1,-1,-1
339,82,1050,659,337,247,1.0,-1,-1,-1
339,81,720,443,259,227,1.0,-1,-1,-1
339,83,1046,29,101,91,1.0,-1,-1,-1
340,82,1052,651,334,242,1.0,-1,-1,-1
340,81,718,449,259,230,1.0,-1,-1,-1
340,83,1045,30,101,90,1.0,-1,-1,-1
341,82,1058,631,325,240,1.0,-1,-1,-1
341,81,711,450,263,241,1.0,-1,-1,-1
342,82,1064,623,315,235,1.0,-1,-1,-1
342,81,702,460,270,236,1.0,-1,-1,-1
343,82,1066,611,309,230,1.0,-1,-1,-1
343,81,692,462,279,246,1.0,-1,-1,-1
344,82,1067,598,305,227,1.0,-1,-1,-1
344,81,692,469,275,248,1.0,-1,-1,-1
345,82,1069,589,302,223,1.0,-1,-1,-1
345,81,687,478,277,251,1.0,-1,-1,-1
346,82,1071,565,299,227,1.0,-1,-1,-1
346,81,676,493,291,249,1.0,-1,-1,-1
347,82,1076,557,289,223,1.0,-1,-1,-1
347,81,673,498,288,255,1.0,-1,-1,-1
348,82,1079,547,280,217,1.0,-1,-1,-1
348,81,673,505,282,256,1.0,-1,-1,-1
349,82,1077,536,276,214,1.0,-1,-1,-1
349,81,670,516,289,260,1.0,-1,-1,-1
350,82,1076,526,273,212,1.0,-1,-1,-1
350,81,669,527,287,260,1.0,-1,-1,-1
351,82,1076,519,269,211,1.0,-1,-1,-1
351,81,666,533,292,263,1.0,-1,-1,-1
352,82,1074,495,273,221,1.0,-1,-1,-1
352,81,660,551,298,262,1.0,-1,-1,-1
353,82,1076,489,267,215,1.0,-1,-1,-1
353,81,657,552,292,273,1.0,-1,-1,-1
354,82,1076,479,263,210,1.0,-1,-1,-1
354,84,1037,822,369,256,1.0,-1,-1,-1
354,81,650,561,298,273,1.0,-1,-1,-1
355,82,1075,469,261,207,1.0,-1,-1,-1
355,84,1045,805,354,273,1.0,-1,-1,-1
355,81,640,573,314,280,1.0,-1,-1,-1
356,82,1076,460,256,207,1.0,-1,-1,-1
356,84,1051,788,347,279,1.0,-1,-1,-1
356,81,637,582,310,279,1.0,-1,-1,-1
357,82,1079,465,250,179,1.0,-1,-1,-1
357,84,1048,764,354,266,1.0,-1,-1,-1
357,81,630,591,315,286,1.0,-1,-1,-1
358,82,1079,459,247,176,1.0,-1,-1,-1
358,84,1056,754,346,260,1.0,-1,-1,-1
358,81,620,606,317,281,1.0,-1,-1,-1
359,82,1072,443,252,173,1.0,-1,-1,-1
359,84,1058,740,340,255,1.0,-1,-1,-1
359,81,613,613,317,287,1.0,-1,-1,-1
360,82,1073,435,245,174,1.0,-1,-1,-1
360,84,1057,725,339,255,1.0,-1,-1,-1
360,81,606,630,328,293,1.0,-1,-1,-1
361,82,1077,428,239,171,1.0,-1,-1,-1
361,84,1059,717,336,251,1.0,-1,-1,-1
361,81,602,631,329,302,1.0,-1,-1,-1
362,82,1071,396,253,205,1.0,-1,-1,-1
362,84,1063,695,329,242,1.0,-1,-1,-1
362,81,596,645,334,299,1.0,-1,-1,-1
363,82,1082,402,226,172,1.0,-1,-1,-1
363,84,1070,682,318,239,1.0,-1,-1,-1
363,81,581,649,348,303,1.0,-1,-1,-1
364,82,1084,393,219,173,1.0,-1,-1,-1
364,84,1071,666,313,243,1.0,-1,-1,-1
364,81,580,660,344,319,1.0,-1,-1,-1
365,82,1085,390,216,166,1.0,-1,-1,-1
365,84,1070,653,311,245,1.0,-1,-1,-1
365,81,571,666,352,328,1.0,-1,-1,-1
366,82,1084,372,214,166,1.0,-1,-1,-1
366,84,1068,648,312,240,1.0,-1,-1,-1
366,81,569,683,339,327,1.0,-1,-1,-1
367,82,1087,367,208,164,1.0,-1,-1,-1
367,84,1073,633,303,232,1.0,-1,-1,-1
367,81,551,696,355,337,1.0,-1,-1,-1
368,82,1087,359,208,165,1.0,-1,-1,-1
368,84,1075,625,296,224,1.0,-1,-1,-1
368,81,537,703,353,353,1.0,-1,-1,-1
368,83,1025,59,107,86,1.0,-1,-1,-1
369,82,1087,354,208,163,1.0,-1,-1,-1
369,84,1076,612,292,224,1.0,-1,-1,-1
369,81,523,720,374,347,1.0,-1,-1,-1
369,83,1024,58,108,86,1.0,-1,-1,-1
370,82,1086,335,207,169,1.0,-1,-1,-1
370,84,1077,598,287,223,1.0,-1,-1,-1
370,81,518,727,374,352,1.0,-1,-1,-1
371,82,1088,329,203,167,1.0,-1,-1,-1
371,84,1077,588,280,222,1.0,-1,-1,-1
371,81,509,741,377,339,1.0,-1,-1,-1
372,82,1088,324,203,162,1.0,-1,-1,-1
372,84,1076,565,274,227,1.0,-1,-1,-1
372,81,505,763,376,317,1.0,-1,-1,-1
373,82,1088,322,204,156,1.0,-1,-1,-1
373,84,1076,561,272,219,1.0,-1,-1,-1
373,81,493,777,386,303,1.0,-1,-1,-1
373,83,1019,62,112,85,1.0,-1,-1,-1
374,82,1090,322,201,149,1.0,-1,-1,-1
374,84,1072,553,275,213,1.0,-1,-1,-1
374,83,1019,62,112,87,1.0,-1,-1,-1
375,82,1093,304,193,156,1.0,-1,-1,-1
375,84,1071,543,273,210,1.0,-1,-1,-1
375,83,1019,62,113,89,1.0,-1,-1,-1
376,82,1093,299,194,153,1.0,-1,-1,-1
376,84,1072,533,268,210,1.0,-1,-1,-1
376,83,1018,64,117,87,1.0,-1,-1,-1
377,82,1092,293,196,150,1.0,-1,-1,-1
377,84,1076,525,257,209,1.0,-1,-1,-1
378,82,1093,290,196,148,1.0,-1,-1,-1
378,84,1079,519,251,206,1.0,-1,-1,-1
379,82,1095,288,194,145,1.0,-1,-1,-1
379,84,1078,489,252,223,1.0,-1,-1,-1
379,83,1010,67,109,86,1.0,-1,-1,-1
380,82,1099,270,187,152,1.0,-1,-1,-1
380,84,1075,484,253,215,1.0,-1,-1,-1
380,83,1010,68,108,86,1.0,-1,-1,-1
381,82,1100,265,187,149,1.0,-1,-1,-1
381,84,1073,475,254,210,1.0,-1,-1,-1
382,82,1100,261,188,146,1.0,-1,-1,-1
382,84,1074,472,245,179,1.0,-1,-1,-1
382,83,1007,69,109,87,1.0,-1,-1,-1
383,82,1101,257,189,143,1.0,-1,-1,-1
383,84,1072,465,245,185,1.0,-1,-1,-1
383,83,1006,67,110,90,1.0,-1,-1,-1
384,82,1103,255,188,141,1.0,-1,-1,-1
384,84,1074,459,241,183,1.0,-1,-1,-1
384,83,1005,67,111,91,1.0,-1,-1,-1
385,82,1107,255,185,136,1.0,-1,-1,-1
385,84,1075,457,237,177,1.0,-1,-1,-1
385,83,1005,70,110,91,1.0,-1,-1,-1
386,82,1112,241,176,140,1.0,-1,-1,-1
386,84,1074,436,232,179,1.0,-1,-1,-1
386,83,1002,72,111,89,1.0,-1,-1,-1
387,82,1111,237,177,140,1.0,-1,-1,-1
387,84,1074,427,228,180,1.0,-1,-1,-1
387,83,999,74,113,88,1.0,-1,-1,-1
388,82,1111,232,178,138,1.0,-1,-1,-1
388,84,1075,422,226,178,1.0,-1,-1,-1
388,83,996,75,114,89,1.0,-1,-1,-1
389,82,1111,228,176,134,1.0,-1,-1,-1
389,84,1080,407,215,173,1.0,-1,-1,-1
389,83,995,75,116,91,1.0,-1,-1,-1
390,82,1112,224,173,134,1.0,-1,-1,-1
390,84,1082,399,212,176,1.0,-1,-1,-1
390,83,994,75,116,92,1.0,-1,-1,-1
391,82,1114,220,168,135,1.0,-1,-1,-1
391,84,1083,390,209,179,1.0,-1,-1,-1
391,83,993,75,117,94,1.0,-1,-1,-1
392,82,1114,214,165,127,1.0,-1,-1,-1
392,84,1082,386,210,176,1.0,-1,-1,-1
392,83,991,75,119,96,1.0,-1,-1,-1
393,82,1113,211,165,129,1.0,-1,-1,-1
393,84,1084,373,205,170,1.0,-1,-1,-1
393,83,988,76,122,97,1.0,-1,-1,-1
394,82,1110,208,167,129,1.0,-1,-1,-1
394,84,1084,365,202,174,1.0,-1,-1,-1
394,83,985,77,125,99,1.0,-1,-1,-1
395,82,1109,204,166,127,1.0,-1,-1,-1
395,84,1085,359,200,173,1.0,-1,-1,-1
395,83,983,78,127,100,1.0,-1,-1,-1
396,82,1109,198,164,128,1.0,-1,-1,-1
396,84,1085,354,198,170,1.0,-1,-1,-1
396,83,982,78,128,100,1.0,-1,-1,-1
397,82,1110,192,160,129,1.0,-1,-1,-1
397,84,1086,352,197,165,1.0,-1,-1,-1
397,83,982,78,128,99,1.0,-1,-1,-1
398,82,1111,188,156,130,1.0,-1,-1,-1
398,84,1089,337,192,163,1.0,-1,-1,-1
398,83,982,79,126,98,1.0,-1,-1,-1
399,82,1111,186,154,127,1.0,-1,-1,-1
399,84,1090,330,191,164,1.0,-1,-1,-1
399,83,976,90,134,96,1.0,-1,-1,-1
400,82,1112,185,151,124,1.0,-1,-1,-1
400,84,1090,326,191,159,1.0,-1,-1,-1
400,83,973,91,139,96,1.0,-1,-1,-1
401,82,1113,183,150,115,1.0,-1,-1,-1
401,84,1090,321,191,156,1.0,-1,-1,-1
401,83,972,92,140,97,1.0,-1,-1,-1
402,82,1114,181,151,116,1.0,-1,-1,-1
402,84,1088,319,193,155,1.0,-1,-1,-1
402,83,969,91,144,99,1.0,-1,-1,-1
403,82,1114,179,150,116,1.0,-1,-1,-1
403,84,1092,306,185,154,1.0,-1,-1,-1
403,83,968,92,145,100,1.0,-1,-1,-1
404,82,1115,175,148,117,1.0,-1,-1,-1
404,84,1092,300,185,155,1.0,-1,-1,-1
404,83,966,93,147,101,1.0,-1,-1,-1
405,82,1118,170,146,119,1.0,-1,-1,-1
405,84,1093,295,184,153,1.0,-1,-1,-1
405,83,965,93,147,102,1.0,-1,-1,-1
406,82,1121,164,144,121,1.0,-1,-1,-1
406,84,1093,292,182,150,1.0,-1,-1,-1
406,83,965,94,147,104,1.0,-1,-1,-1
407,82,1122,159,144,124,1.0,-1,-1,-1
407,84,1093,289,182,147,1.0,-1,-1,-1
407,83,964,94,147,104,1.0,-1,-1,-1
408,82,1123,154,144,127,1.0,-1,-1,-1
408,84,1095,288,178,144,1.0,-1,-1,-1
408,83,964,95,146,105,1.0,-1,-1,-1
409,82,1125,150,143,130,1.0,-1,-1,-1
409,84,1090,275,179,143,1.0,-1,-1,-1
409,83,965,96,144,105,1.0,-1,-1,-1
410,82,1127,147,143,130,1.0,-1,-1,-1
410,84,1097,269,174,145,1.0,-1,-1,-1
410,83,965,97,143,106,1.0,-1,-1,-1
410,85,1032,39,108,85,1.0,-1,-1,-1
411,82,1127,144,148,119,1.0,-1,-1,-1
411,84,1097,264,173,143,1.0,-1,-1,-1
411,83,967,100,139,106,1.0,-1,-1,-1
412,82,1128,143,149,118,1.0,-1,-1,-1
412,84,1098,261,171,140,1.0,-1,-1,-1
412,83,965,102,131,102,1.0,-1,-1,-1
413,82,1128,140,149,120,1.0,-1,-1,-1
413,84,1099,258,169,138,1.0,-1,-1,-1
413,83,962,104,137,103,1.0,-1,-1,-1
414,82,1128,136,149,121,1.0,-1,-1,-1
414,84,1100,257,168,136,1.0,-1,-1,-1
414,83,958,105,143,103,1.0,-1,-1,-1
415,82,1129,133,147,121,1.0,-1,-1,-1
415,84,1101,244,165,133,1.0,-1,-1,-1
415,83,966,106,130,106,1.0,-1,-1,-1
416,82,1131,130,147,121,1.0,-1,-1,-1
416,84,1101,241,166,134,1.0,-1,-1,-1
416,83,965,110,131,104,1.0,-1,-1,-1
417,82,1133,128,147,122,1.0,-1,-1,-1
417,84,1092,234,173,139,1.0,-1,-1,-1
417,83,965,113,130,103,1.0,-1,-1,-1
418,82,1133,126,147,123,1.0,-1,-1,-1
418,84,1093,230,172,136,1.0,-1,-1,-1
418,83,963,114,130,104,1.0,-1,-1,-1
419,82,1133,124,147,122,1.0,-1,-1,-1
419,84,1095,228,168,134,1.0,-1,-1,-1
419,83,962,115,131,106,1.0,-1,-1,-1
420,82,1133,122,138,117,1.0,-1,-1,-1
420,84,1098,225,162,133,1.0,-1,-1,-1
420,83,961,115,130,107,1.0,-1,-1,-1
421,82,1134,119,137,115,1.0,-1,-1,-1
421,84,1100,223,158,133,1.0,-1,-1,-1
421,83,961,115,131,108,1.0,-1,-1,-1
422,82,1135,117,136,114,1.0,-1,-1,-1
422,84,1101,221,156,132,1.0,-1,-1,-1
422,83,956,115,134,116,1.0,-1,-1,-1
423,82,1135,117,135,112,1.0,-1,-1,-1
423,84,1101,220,156,130,1.0,-1,-1,-1
423,83,953,115,135,118,1.0,-1,-1,-1
424,82,1136,113,134,109,1.0,-1,-1,-1
424,84,1098,209,163,131,1.0,-1,-1,-1
424,83,952,116,135,121,1.0,-1,-1,-1
425,82,1135,112,134,110,1.0,-1,-1,-1
425,84,1105,204,157,131,1.0,-1,-1,-1
425,83,951,117,135,123,1.0,-1,-1,-1
425,85,1029,45,107,89,1.0,-1,-1,-1
426,82,1133,111,134,109,1.0,-1,-1,-1
426,84,1107,197,154,132,1.0,-1,-1,-1
426,83,950,119,135,124,1.0,-1,-1,-1
426,85,1028,43,105,89,1.0,-1,-1,-1
427,82,1133,109,134,108,1.0,-1,-1,-1
427,84,1110,192,150,132,1.0,-1,-1,-1
427,83,950,121,134,125,1.0,-1,-1,-1
427,85,1018,62,117,82,1.0,-1,-1,-1
428,82,1132,107,134,107,1.0,-1,-1,-1
428,84,1112,188,146,133,1.0,-1,-1,-1
428,83,948,124,134,124,1.0,-1,-1,-1
428,85,1018,64,116,81,1.0,-1,-1,-1
429,82,1131,105,134,100,1.0,-1,-1,-1
429,84,1114,188,144,131,1.0,-1,-1,-1
429,83,947,126,136,123,1.0,-1,-1,-1
430,82,1130,103,133,100,1.0,-1,-1,-1
430,84,1117,186,141,129,1.0,-1,-1,-1
430,83,945,130,137,122,1.0,-1,-1,-1
431,82,1129,101,134,100,1.0,-1,-1,-1
431,84,1118,185,140,129,1.0,-1,-1,-1
431,83,943,136,138,120,1.0,-1,-1,-1
431,85,1020,61,110,86,1.0,-1,-1,-1
432,82,1129,99,133,100,1.0,-1,-1,-1
432,84,1119,180,148,121,1.0,-1,-1,-1
432,83,942,140,138,120,1.0,-1,-1,-1
432,85,1009,63,110,87,1.0,-1,-1,-1
433,82,1129,98,133,100,1.0,-1,-1,-1
433,84,1122,179,148,121,1.0,-1,-1,-1
433,83,940,142,138,121,1.0,-1,-1,-1
433,85,1007,62,114,88,1.0,-1,-1,-1
434,82,1129,96,133,100,1.0,-1,-1,-1
434,84,1124,176,148,121,1.0,-1,-1,-1
434,83,940,142,137,124,1.0,-1,-1,-1
434,85,1007,63,115,88,1.0,-1,-1,-1
435,82,1129,95,132,100,1.0,-1,-1,-1
435,84,1126,174,146,121,1.0,-1,-1,-1
435,83,937,142,138,125,1.0,-1,-1,-1
435,85,1006,66,114,87,1.0,-1,-1,-1
436,82,1129,94,132,100,1.0,-1,-1,-1
436,84,1128,169,145,121,1.0,-1,-1,-1
436,83,937,149,138,123,1.0,-1,-1,-1
436,85,1006,66,115,89,1.0,-1,-1,-1
437,82,1129,92,131,100,1.0,-1,-1,-1
437,84,1132,166,142,120,1.0,-1,-1,-1
437,83,935,150,141,124,1.0,-1,-1,-1
437,85,1005,65,116,92,1.0,-1,-1,-1
438,82,1129,91,131,100,1.0,-1,-1,-1
438,84,1132,161,141,122,1.0,-1,-1,-1
438,83,934,150,142,127,1.0,-1,-1,-1
438,85,1006,64,113,94,1.0,-1,-1,-1
439,82,1129,89,130,100,1.0,-1,-1,-1
439,84,1133,157,141,123,1.0,-1,-1,-1
439,83,938,148,136,136,1.0,-1,-1,-1
439,85,1005,67,114,91,1.0,-1,-1,-1
440,82,1129,88,130,100,1.0,-1,-1,-1
440,84,1133,154,142,125,1.0,-1,-1,-1
440,83,937,152,137,134,1.0,-1,-1,-1
440,85,1003,69,116,88,1.0,-1,-1,-1
441,82,1128,86,129,100,1.0,-1,-1,-1
441,84,1134,155,138,117,1.0,-1,-1,-1
441,83,935,156,138,132,1.0,-1,-1,-1
441,85,1000,72,119,86,1.0,-1,-1,-1
442,82,1128,85,129,100,1.0,-1,-1,-1
442,84,1135,154,137,115,1.0,-1,-1,-1
442,83,934,160,140,131,1.0,-1,-1,-1
442,85,999,75,121,84,1.0,-1,-1,-1
443,82,1128,84,128,100,1.0,-1,-1,-1
443,84,1136,154,136,112,1.0,-1,-1,-1
443,83,932,164,142,131,1.0,-1,-1,-1
443,85,999,77,120,84,1.0,-1,-1,-1
444,82,1128,82,128,100,1.0,-1,-1,-1
444,84,1140,144,139,114,1.0,-1,-1,-1
444,83,930,168,144,131,1.0,-1,-1,-1
444,85,999,79,122,83,1.0,-1,-1,-1
445,82,1128,81,127,100,1.0,-1,-1,-1
445,84,1140,143,138,114,1.0,-1,-1,-1
445,83,928,171,144,132,1.0,-1,-1,-1
445,85,998,79,121,85,1.0,-1,-1,-1
446,82,1128,79,127,100,1.0,-1,-1,-1
446,84,1136,144,134,107,1.0,-1,-1,-1
446,83,927,172,146,134,1.0,-1,-1,-1
446,85,998,79,120,87,1.0,-1,-1,-1
447,82,1128,78,126,100,1.0,-1,-1,-1
447,84,1134,142,135,106,1.0,-1,-1,-1
447,83,927,173,146,135,1.0,-1,-1,-1
447,85,996,79,121,91,1.0,-1,-1,-1
448,82,1128,76,126,100,1.0,-1,-1,-1
448,84,1131,141,139,107,1.0,-1,-1,-1
448,83,923,180,152,135,1.0,-1,-1,-1
448,85,995,79,124,93,1.0,-1,-1,-1
449,82,1128,75,125,100,1.0,-1,-1,-1
449,84,1130,139,142,105,1.0,-1,-1,-1
449,83,922,182,154,136,1.0,-1,-1,-1
449,85,994,81,126,94,1.0,-1,-1,-1
450,82,1128,74,125,100,1.0,-1,-1,-1
450,84,1129,137,142,103,1.0,-1,-1,-1
450,83,919,185,150,136,1.0,-1,-1,-1
450,85,994,83,124,92,1.0,-1,-1,-1
451,82,1128,72,124,100,1.0,-1,-1,-1
451,84,1130,134,140,101,1.0,-1,-1,-1
451,83,918,189,150,135,1.0,-1,-1,-1
451,85,993,84,122,90,1.0,-1,-1,-1
452,82,1128,71,124,100,1.0,-1,-1,-1
452,84,1129,132,138,100,1.0,-1,-1,-1
452,83,918,192,151,136,1.0,-1,-1,-1
452,85,989,89,131,94,1.0,-1,-1,-1
453,82,1128,69,123,100,1.0,-1,-1,-1
453,84,1128,129,139,101,1.0,-1,-1,-1
453,83,915,195,154,137,1.0,-1,-1,-1
453,85,986,91,135,93,1.0,-1,-1,-1
454,82,1128,68,123,100,1.0,-1,-1,-1
454,84,1127,127,141,101,1.0,-1,-1,-1
454,83,914,198,156,140,1.0,-1,-1,-1
454,85,985,93,135,93,1.0,-1,-1,-1
455,82,1128,66,123,100,1.0,-1,-1,-1
455,84,1126,127,141,100,1.0,-1,-1,-1
455,83,913,201,155,142,1.0,-1,-1,-1
455,85,982,96,138,92,1.0,-1,-1,-1
456,82,1128,65,122,100,1.0,-1,-1,-1
456,84,1125,127,141,98,1.0,-1,-1,-1
456,83,912,204,153,145,1.0,-1,-1,-1
456,85,981,96,140,93,1.0,-1,-1,-1
457,82,1128,64,122,100,1.0,-1,-1,-1
457,84,1125,127,139,96,1.0,-1,-1,-1
457,83,910,206,153,144,1.0,-1,-1,-1
457,85,978,97,142,94,1.0,-1,-1,-1
458,84,1130,111,128,103,1.0,-1,-1,-1
458,83,904,212,160,146,1.0,-1,-1,-1
458,85,978,99,140,94,1.0,-1,-1,-1
459,84,1129,111,130,103,1.0,-1,-1,-1
459,83,901,214,163,145,1.0,-1,-1,-1
459,85,978,100,139,95,1.0,-1,-1,-1
460,84,1128,108,130,105,1.0,-1,-1,-1
460,83,898,218,166,144,1.0,-1,-1,-1
460,85,977,102,138,95,1.0,-1,-1,-1
461,84,1128,108,130,103,1.0,-1,-1,-1
461,83,897,222,167,145,1.0,-1,-1,-1
461,85,977,104,139,95,1.0,-1,-1,-1
462,84,1127,105,132,104,1.0,-1,-1,-1
462,83,895,225,167,149,1.0,-1,-1,-1
462,85,975,107,140,95,1.0,-1,-1,-1
463,84,1128,103,130,103,1.0,-1,-1,-1
463,83,895,228,166,153,1.0,-1,-1,-1
463,85,973,110,142,97,1.0,-1,-1,-1
464,84,1128,101,129,102,1.0,-1,-1,-1
464,83,895,232,164,154,1.0,-1,-1,-1
464,85,972,111,142,100,1.0,-1,-1,-1
465,84,1128,99,127,101,1.0,-1,-1,-1
465,83,895,238,161,151,1.0,-1,-1,-1
465,85,969,110,144,103,1.0,-1,-1,-1
466,84,1129,98,126,100,1.0,-1,-1,-1
466,83,889,250,167,144,1.0,-1,-1,-1
466,85,970,110,142,106,1.0,-1,-1,-1
467,84,1129,96,125,99,1.0,-1,-1,-1
467,83,885,252,170,144,1.0,-1,-1,-1
467,85,969,113,137,103,1.0,-1,-1,-1
468,84,1130,94,123,98,1.0,-1,-1,-1
468,83,881,256,172,144,1.0,-1,-1,-1
468,85,969,114,136,105,1.0,-1,-1,-1
469,84,1130,92,122,97,1.0,-1,-1,-1
469,83,879,259,173,149,1.0,-1,-1,-1
469,85,969,114,136,107,1.0,-1,-1,-1
470,84,1130,90,120,96,1.0,-1,-1,-1
470,83,878,262,173,156,1.0,-1,-1,-1
470,85,969,114,137,107,1.0,-1,-1,-1
471,84,1131,89,119,95,1.0,-1,-1,-1
471,83,876,265,174,161,1.0,-1,-1,-1
471,85,967,120,139,106,1.0,-1,-1,-1
472,84,1131,87,117,95,1.0,-1,-1,-1
472,83,869,269,175,165,1.0,-1,-1,-1
472,85,968,116,134,116,1.0,-1,-1,-1
473,84,1132,85,116,94,1.0,-1,-1,-1
473,83,864,279,183,160,1.0,-1,-1,-1
473,85,961,118,138,115,1.0,-1,-1,-1
474,84,1132,83,114,93,1.0,-1,-1,-1
474,83,862,281,183,162,1.0,-1,-1,-1
474,85,960,120,138,117,1.0,-1,-1,-1
475,84,1132,81,113,92,1.0,-1,-1,-1
475,83,860,286,183,163,1.0,-1,-1,-1
475,85,958,121,138,120,1.0,-1,-1,-1
476,84,1133,80,111,91,1.0,-1,-1,-1
476,83,856,292,184,165,1.0,-1,-1,-1
476,85,959,122,140,125,1.0,-1,-1,-1
477,84,1133,78,110,90,1.0,-1,-1,-1
477,83,853,296,185,171,1.0,-1,-1,-1
477,85,959,125,139,125,1.0,-1,-1,-1
478,84,1133,76,110,91,1.0,-1,-1,-1
478,83,851,299,186,174,1.0,-1,-1,-1
478,85,957,128,139,124,1.0,-1,-1,-1
479,84,1132,74,110,91,1.0,-1,-1,-1
479,83,845,316,190,161,1.0,-1,-1,-1
479,85,956,133,139,122,1.0,-1,-1,-1
480,84,1132,73,111,92,1.0,-1,-1,-1
480,83,842,318,190,164,1.0,-1,-1,-1
480,85,954,137,140,122,1.0,-1,-1,-1
481,84,1131,71,111,93,1.0,-1,-1,-1
481,83,839,321,191,170,1.0,-1,-1,-1
481,85,952,141,139,122,1.0,-1,-1,-1
482,84,1131,69,111,93,1.0,-1,-1,-1
482,83,835,324,192,177,1.0,-1,-1,-1
482,85,949,141,141,124,1.0,-1,-1,-1
483,84,1130,67,112,94,1.0,-1,-1,-1
483,83,832,326,194,184,1.0,-1,-1,-1
483,85,945,141,144,125,1.0,-1,-1,-1
484,84,1130,66,112,95,1.0,-1,-1,-1
484,83,825,330,190,187,1.0,-1,-1,-1
484,85,943,147,143,130,1.0,-1,-1,-1
485,84,1129,64,112,96,1.0,-1,-1,-1
485,83,825,343,200,184,1.0,-1,-1,-1
485,85,941,149,143,131,1.0,-1,-1,-1
486,84,1129,62,113,96,1.0,-1,-1,-1
486,83,821,347,193,186,1.0,-1,-1,-1
486,85,940,151,142,130,1.0,-1,-1,-1
487,84,1128,61,113,97,1.0,-1,-1,-1
487,83,817,355,195,187,1.0,-1,-1,-1
487,85,939,157,141,126,1.0,-1,-1,-1
488,84,1128,59,113,98,1.0,-1,-1,-1
488,83,812,359,200,194,1.0,-1,-1,-1
488,85,937,162,141,122,1.0,-1,-1,-1
489,84,1127,57,114,99,1.0,-1,-1,-1
489,83,808,367,203,188,1.0,-1,-1,-1
489,85,934,167,143,122,1.0,-1,-1,-1
490,84,1127,55,114,99,1.0,-1,-1,-1
490,83,803,382,207,183,1.0,-1,-1,-1
490,85,930,171,145,123,1.0,-1,-1,-1
491,84,1126,54,114,100,1.0,-1,-1,-1
491,83,797,387,208,187,1.0,-1,-1,-1
491,85,926,174,149,124,1.0,-1,-1,-1
492,84,1126,52,115,101,1.0,-1,-1,-1
492,83,790,393,213,192,1.0,-1,-1,-1
492,85,924,177,150,125,1.0,-1,-1,-1
493,84,1125,50,115,102,1.0,-1,-1,-1
493,83,784,398,220,192,1.0,-1,-1,-1
493,85,923,178,152,125,1.0,-1,-1,-1
494,84,1125,49,115,102,1.0,-1,-1,-1
494,83,778,397,227,209,1.0,-1,-1,-1
494,85,915,183,157,132,1.0,-1,-1,-1
495,84,1124,47,116,103,1.0,-1,-1,-1
495,83,765,412,233,200,1.0,-1,-1,-1
495,85,912,186,161,133,1.0,-1,-1,-1
496,84,1124,45,116,104,1.0,-1,-1,-1
496,83,762,420,234,201,1.0,-1,-1,-1
496,85,909,191,165,131,1.0,-1,-1,-1
497,84,1124,44,117,105,1.0,-1,-1,-1
497,83,758,427,238,202,1.0,-1,-1,-1
497,85,905,196,169,131,1.0,-1,-1,-1
498,84,1125,43,116,103,1.0,-1,-1,-1
498,83,752,430,242,205,1.0,-1,-1,-1
498,85,903,200,171,133,1.0,-1,-1,-1
499,84,1127,43,115,102,1.0,-1,-1,-1
499,83,754,446,236,205,1.0,-1,-1,-1
499,85,901,204,170,136,1.0,-1,-1,-1
500,84,1129,42,114,101,1.0,-1,-1,-1
500,83,747,453,240,208,1.0,-1,-1,-1
500,85,899,207,167,138,1.0,-1,-1,-1
501,84,1131,42,113,100,1.0,-1,-1,-1
501,83,739,460,244,212,1.0,-1,-1,-1
501,85,897,218,165,137,1.0,-1,-1,-1
502,84,1133,42,112,98,1.0,-1,-1,-1
502,83,729,467,249,217,1.0,-1,-1,-1
502,85,896,218,166,138,1.0,-1,-1,-1
503,84,1135,41,111,97,1.0,-1,-1,-1
503,83,721,472,251,222,1.0,-1,-1,-1
503,85,893,222,168,138,1.0,-1,-1,-1
504,84,1136,41,110,96,1.0,-1,-1,-1
504,83,715,480,251,226,1.0,-1,-1,-1
504,85,889,226,169,139,1.0,-1,-1,-1
505,84,1138,41,109,95,1.0,-1,-1,-1
505,83,711,487,249,230,1.0,-1,-1,-1
505,85,883,231,172,142,1.0,-1,-1,-1
506,84,1140,40,108,93,1.0,-1,-1,-1
506,83,706,511,246,217,1.0,-1,-1,-1
506,85,880,235,172,145,1.0,-1,-1,-1
507,84,1142,40,107,92,1.0,-1,-1,-1
507,83,700,517,246,219,1.0,-1,-1,-1
507,85,879,239,171,146,1.0,-1,-1,-1
508,84,1144,40,106,91,1.0,-1,-1,-1
508,83,694,525,250,223,1.0,-1,-1,-1
508,85,875,251,175,144,1.0,-1,-1,-1
509,84,1146,39,105,90,1.0,-1,-1,-1
509,83,690,534,255,226,1.0,-1,-1,-1
509,85,874,252,177,148,1.0,-1,-1,-1
510,84,1148,39,104,89,1.0,-1,-1,-1
510,83,687,543,260,229,1.0,-1,-1,-1
510,85,862,258,187,151,1.0,-1,-1,-1
511,83,674,551,267,234,1.0,-1,-1,-1
511,85,859,265,189,154,1.0,-1,-1,-1
512,84,1147,37,105,90,1.0,-1,-1,-1
512,83,671,556,270,240,1.0,-1,-1,-1
512,85,855,271,189,157,1.0,-1,-1,-1
513,84,1147,38,104,88,1.0,-1,-1,-1
513,83,671,572,266,244,1.0,-1,-1,-1
513,85,850,284,194,152,1.0,-1,-1,-1
514,83,667,578,269,248,1.0,-1,-1,-1
514,85,848,287,193,154,1.0,-1,-1,-1
515,83,659,587,275,251,1.0,-1,-1,-1
515,85,846,293,193,157,1.0,-1,-1,-1
516,83,650,599,286,251,1.0,-1,-1,-1
516,85,841,298,194,163,1.0,-1,-1,-1
517,83,641,612,295,250,1.0,-1,-1,-1
517,85,837,304,193,164,1.0,-1,-1,-1
518,83,629,621,308,254,1.0,-1,-1,-1
518,85,829,313,200,172,1.0,-1,-1,-1
519,83,618,625,317,261,1.0,-1,-1,-1
519,85,828,318,199,175,1.0,-1,-1,-1
520,83,612,641,317,266,1.0,-1,-1,-1
520,85,821,325,198,179,1.0,-1,-1,-1
521,83,607,652,317,265,1.0,-1,-1,-1
521,85,817,331,200,182,1.0,-1,-1,-1
522,83,601,668,318,263,1.0,-1,-1,-1
522,85,813,345,206,181,1.0,-1,-1,-1
523,83,591,676,324,273,1.0,-1,-1,-1
523,85,809,351,206,181,1.0,-1,-1,-1
524,83,569,684,329,277,1.0,-1,-1,-1
524,85,801,361,214,180,1.0,-1,-1,-1
525,83,576,703,336,289,1.0,-1,-1,-1
525,85,793,369,221,177,1.0,-1,-1,-1
526,83,571,713,323,290,1.0,-1,-1,-1
526,85,785,380,227,188,1.0,-1,-1,-1
527,83,560,726,332,295,1.0,-1,-1,-1
527,85,778,388,233,189,1.0,-1,-1,-1
528,83,545,735,344,307,1.0,-1,-1,-1
528,85,776,396,230,204,1.0,-1,-1,-1
529,83,530,744,355,310,1.0,-1,-1,-1
529,85,763,412,236,193,1.0,-1,-1,-1
529,86,1021,57,108,85,1.0,-1,-1,-1
530,83,519,766,358,312,1.0,-1,-1,-1
530,85,758,422,240,194,1.0,-1,-1,-1
530,86,1021,58,109,84,1.0,-1,-1,-1
531,83,504,782,372,296,1.0,-1,-1,-1
531,85,752,428,247,198,1.0,-1,-1,-1
531,86,1020,59,111,84,1.0,-1,-1,-1
532,85,751,445,244,201,1.0,-1,-1,-1
532,86,1019,59,113,85,1.0,-1,-1,-1
533,85,746,451,245,204,1.0,-1,-1,-1
533,86,1018,59,113,84,1.0,-1,-1,-1
534,85,738,461,249,207,1.0,-1,-1,-1
534,86,1017,57,113,87,1.0,-1,-1,-1
535,85,728,471,254,213,1.0,-1,-1,-1
535,86,1018,58,112,87,1.0,-1,-1,-1
536,85,719,481,260,218,1.0,-1,-1,-1
536,86,1017,59,113,88,1.0,-1,-1,-1
537,85,710,489,266,223,1.0,-1,-1,-1
537,86,1016,59,115,89,1.0,-1,-1,-1
538,85,707,515,265,213,1.0,-1,-1,-1
538,86,1014,58,118,90,1.0,-1,-1,-1
539,85,698,523,266,217,1.0,-1,-1,-1
539,86,1013,60,110,87,1.0,-1,-1,-1
540,85,689,535,270,218,1.0,-1,-1,-1
540,86,1012,62,110,86,1.0,-1,-1,-1
541,85,679,547,281,222,1.0,-1,-1,-1
541,86,1012,63,108,85,1.0,-1,-1,-1
542,85,675,555,287,228,1.0,-1,-1,-1
543,85,662,559,289,238,1.0,-1,-1,-1
543,86,1013,64,109,85,1.0,-1,-1,-1
544,85,663,583,286,235,1.0,-1,-1,-1
544,86,1011,64,110,86,1.0,-1,-1,-1
545,85,661,595,286,237,1.0,-1,-1,-1
545,86,1009,66,111,86,1.0,-1,-1,-1
546,85,653,612,294,237,1.0,-1,-1,-1
546,86,1010,68,108,85,1.0,-1,-1,-1
547,85,641,624,308,242,1.0,-1,-1,-1
548,85,623,641,324,254,1.0,-1,-1,-1
549,85,612,649,333,256,1.0,-1,-1,-1
550,85,602,663,335,259,1.0,-1,-1,-1
550,86,1009,72,110,87,1.0,-1,-1,-1
551,85,589,677,341,268,1.0,-1,-1,-1
551,86,1008,73,111,88,1.0,-1,-1,-1
552,85,578,686,346,277,1.0,-1,-1,-1
552,86,1008,74,112,89,1.0,-1,-1,-1
553,85,563,710,367,284,1.0,-1,-1,-1
553,86,1008,76,112,87,1.0,-1,-1,-1
554,85,546,728,361,284,1.0,-1,-1,-1
554,86,1007,76,113,88,1.0,-1,-1,-1
555,85,530,741,373,297,1.0,-1,-1,-1
555,86,1005,78,113,87,1.0,-1,-1,-1
556,85,513,769,375,301,1.0,-1,-1,-1
556,86,1002,79,115,88,1.0,-1,-1,-1
557,85,494,781,389,297,1.0,-1,-1,-1
557,86,1000,82,118,87,1.0,-1,-1,-1
558,85,476,802,406,276,1.0,-1,-1,-1
558,86,1000,81,119,89,1.0,-1,-1,-1
559,86,999,81,120,90,1.0,-1,-1,-1
560,86,998,82,120,91,1.0,-1,-1,-1
561,86,996,83,120,92,1.0,-1,-1,-1
562,86,996,83,119,92,1.0,-1,-1,-1
563,86,995,89,126,95,1.0,-1,-1,-1
564,86,994,91,126,94,1.0,-1,-1,-1
565,86,992,91,127,95,1.0,-1,-1,-1
566,86,992,93,126,94,1.0,-1,-1,-1
567,86,990,93,128,95,1.0,-1,-1,-1
568,86,989,94,128,96,1.0,-1,-1,-1
569,86,988,95,129,96,1.0,-1,-1,-1
570,86,989,96,129,97,1.0,-1,-1,-1
571,86,987,98,129,97,1.0,-1,-1,-1
572,86,986,99,130,98,1.0,-1,-1,-1
573,86,987,100,130,98,1.0,-1,-1,-1
574,86,987,101,130,99,1.0,-1,-1,-1
575,86,988,102,129,100,1.0,-1,-1,-1
576,86,987,103,129,101,1.0,-1,-1,-1
577,86,986,104,131,103,1.0,-1,-1,-1
578,86,985,106,132,105,1.0,-1,-1,-1
579,86,984,108,133,106,1.0,-1,-1,-1
580,86,987,110,130,106,1.0,-1,-1,-1
581,86,986,112,129,106,1.0,-1,-1,-1
582,86,986,112,129,108,1.0,-1,-1,-1
583,86,984,113,129,108,1.0,-1,-1,-1
584,86,984,113,129,110,1.0,-1,-1,-1
585,86,983,113,129,111,1.0,-1,-1,-1
586,86,980,117,133,113,1.0,-1,-1,-1
587,86,979,117,134,115,1.0,-1,-1,-1
588,86,977,119,135,115,1.0,-1,-1,-1
589,86,976,121,135,117,1.0,-1,-1,-1
590,86,976,123,135,117,1.0,-1,-1,-1
591,86,976,125,135,117,1.0,-1,-1,-1
592,86,975,128,136,116,1.0,-1,-1,-1
593,86,972,130,137,116,1.0,-1,-1,-1
594,86,970,134,138,113,1.0,-1,-1,-1
595,86,969,138,139,111,1.0,-1,-1,-1
596,86,972,140,137,114,1.0,-1,-1,-1
597,86,969,144,139,113,1.0,-1,-1,-1
598,86,967,145,141,115,1.0,-1,-1,-1
599,86,965,145,143,118,1.0,-1,-1,-1
600,86,965,151,141,118,1.0,-1,-1,-1
601,86,961,150,141,123,1.0,-1,-1,-1
602,86,960,150,141,125,1.0,-1,-1,-1
603,86,960,152,140,126,1.0,-1,-1,-1
604,86,959,155,140,125,1.0,-1,-1,-1
605,86,958,158,140,125,1.0,-1,-1,-1
606,86,957,161,140,124,1.0,-1,-1,-1
607,86,955,164,142,125,1.0,-1,-1,-1
608,86,953,169,143,125,1.0,-1,-1,-1
609,86,950,173,145,124,1.0,-1,-1,-1
610,86,947,176,148,125,1.0,-1,-1,-1
611,86,944,177,151,127,1.0,-1,-1,-1
612,86,944,182,151,131,1.0,-1,-1,-1
613,86,941,183,153,133,1.0,-1,-1,-1
614,86,940,184,152,135,1.0,-1,-1,-1
615,86,937,187,152,134,1.0,-1,-1,-1
616,86,935,190,153,134,1.0,-1,-1,-1
617,86,933,194,157,135,1.0,-1,-1,-1
618,86,931,198,158,136,1.0,-1,-1,-1
619,86,929,202,158,137,1.0,-1,-1,-1
620,86,925,206,159,136,1.0,-1,-1,-1
621,86,923,209,161,134,1.0,-1,-1,-1
622,86,919,218,165,134,1.0,-1,-1,-1
623,86,916,220,168,135,1.0,-1,-1,-1
624,86,914,223,170,136,1.0,-1,-1,-1
625,86,909,227,168,136,1.0,-1,-1,-1
626,86,907,230,171,138,1.0,-1,-1,-1
627,86,905,233,173,142,1.0,-1,-1,-1
628,86,904,235,173,147,1.0,-1,-1,-1
629,86,903,237,173,147,1.0,-1,-1,-1
630,86,901,241,172,143,1.0,-1,-1,-1
631,86,897,258,172,135,1.0,-1,-1,-1
632,86,895,261,174,137,1.0,-1,-1,-1
633,86,893,262,174,143,1.0,-1,-1,-1
634,86,890,264,175,149,1.0,-1,-1,-1
635,86,887,266,176,156,1.0,-1,-1,-1
636,86,882,269,180,159,1.0,-1,-1,-1
637,86,877,286,184,148,1.0,-1,-1,-1
638,86,873,288,188,149,1.0,-1,-1,-1
639,86,871,292,189,150,1.0,-1,-1,-1
640,86,869,296,189,154,1.0,-1,-1,-1
641,86,868,298,190,160,1.0,-1,-1,-1
642,86,862,302,189,165,1.0,-1,-1,-1
643,86,860,322,191,152,1.0,-1,-1,-1
644,86,858,322,192,158,1.0,-1,-1,-1
645,86,855,326,193,162,1.0,-1,-1,-1
646,86,850,330,197,166,1.0,-1,-1,-1
647,86,846,333,200,172,1.0,-1,-1,-1
648,86,842,355,201,158,1.0,-1,-1,-1
649,86,835,354,204,166,1.0,-1,-1,-1
650,86,832,359,205,170,1.0,-1,-1,-1
651,86,828,363,208,176,1.0,-1,-1,-1
652,86,825,368,210,179,1.0,-1,-1,-1
653,86,820,382,212,177,1.0,-1,-1,-1
654,86,818,386,204,180,1.0,-1,-1,-1
655,86,816,393,205,184,1.0,-1,-1,-1
656,86,809,399,213,188,1.0,-1,-1,-1
657,86,803,418,222,176,1.0,-1,-1,-1
658,86,798,420,223,181,1.0,-1,-1,-1
659,86,793,430,226,178,1.0,-1,-1,-1
660,86,786,438,230,178,1.0,-1,-1,-1
661,86,777,453,241,180,1.0,-1,-1,-1
662,86,772,454,243,189,1.0,-1,-1,-1
663,86,769,460,245,192,1.0,-1,-1,-1
664,86,770,469,239,199,1.0,-1,-1,-1
665,86,762,475,238,201,1.0,-1,-1,-1
666,86,759,483,243,203,1.0,-1,-1,-1
667,86,755,491,247,207,1.0,-1,-1,-1
668,86,751,497,251,210,1.0,-1,-1,-1
669,86,752,518,251,201,1.0,-1,-1,-1
670,86,748,523,255,203,1.0,-1,-1,-1
671,86,743,532,258,205,1.0,-1,-1,-1
672,86,738,541,262,209,1.0,-1,-1,-1
673,86,734,551,266,217,1.0,-1,-1,-1
674,86,730,558,266,225,1.0,-1,-1,-1
675,86,722,563,272,230,1.0,-1,-1,-1
676,86,717,583,277,224,1.0,-1,-1,-1
677,86,710,593,281,227,1.0,-1,-1,-1
678,86,704,604,287,231,1.0,-1,-1,-1
679,86,698,617,292,232,1.0,-1,-1,-1
680,86,692,627,296,234,1.0,-1,-1,-1
681,86,685,632,303,241,1.0,-1,-1,-1
682,86,677,651,308,242,1.0,-1,-1,-1
683,86,675,661,304,244,1.0,-1,-1,-1
684,86,671,678,303,240,1.0,-1,-1,-1
685,86,650,693,315,241,1.0,-1,-1,-1
686,86,639,698,333,252,1.0,-1,-1,-1
687,86,629,716,342,260,1.0,-1,-1,-1
688,86,624,723,340,268,1.0,-1,-1,-1
689,86,615,738,342,271,1.0,-1,-1,-1
690,86,605,749,350,277,1.0,-1,-1,-1
691,86,593,776,349,283,1.0,-1,-1,-1
692,86,581,781,359,293,1.0,-1,-1,-1
693,86,568,797,370,281,1.0,-1,-1,-1
