3,106,904,203,694,298,1.0,-1,-1,-1
4,106,765,199,803,289,1.0,-1,-1,-1
5,106,642,192,803,291,1.0,-1,-1,-1
6,106,361,175,875,299,1.0,-1,-1,-1
7,106,251,176,855,297,1.0,-1,-1,-1
8,106,260,180,838,290,1.0,-1,-1,-1
9,106,152,179,801,287,1.0,-1,-1,-1
10,106,64,182,726,283,1.0,-1,-1,-1
11,106,1,188,603,280,1.0,-1,-1,-1
58,128,0,592,1163,607,1.0,-1,-1,-1
59,128,212,605,1169,594,1.0,-1,-1,-1
60,128,444,618,1155,581,1.0,-1,-1,-1
71,129,1134,299,465,224,1.0,-1,-1,-1
72,129,1025,293,476,223,1.0,-1,-1,-1
73,130,0,457,822,379,1.0,-1,-1,-1
73,129,916,288,473,223,1.0,-1,-1,-1
74,130,199,465,808,378,1.0,-1,-1,-1
74,129,807,283,470,222,1.0,-1,-1,-1
75,130,417,474,795,377,1.0,-1,-1,-1
75,129,699,278,467,222,1.0,-1,-1,-1
76,130,634,483,781,376,1.0,-1,-1,-1
76,129,586,273,466,224,1.0,-1,-1,-1
77,130,852,492,747,375,1.0,-1,-1,-1
77,129,474,268,466,227,1.0,-1,-1,-1
78,129,362,263,466,230,1.0,-1,-1,-1
79,129,254,261,467,227,1.0,-1,-1,-1
80,129,147,259,468,225,1.0,-1,-1,-1
81,129,40,258,470,223,1.0,-1,-1,-1
100,131,0,301,1043,584,1.0,-1,-1,-1
101,131,165,303,1047,589,1.0,-1,-1,-1
102,131,351,305,1052,595,1.0,-1,-1,-1
103,131,537,308,1057,601,1.0,-1,-1,-1
165,132,1128,343,470,163,1.0,-1,-1,-1
166,132,1008,330,475,172,1.0,-1,-1,-1
167,132,888,318,460,181,1.0,-1,-1,-1
168,132,768,306,446,191,1.0,-1,-1,-1
169,132,651,303,444,192,1.0,-1,-1,-1
170,132,534,300,443,193,1.0,-1,-1,-1
171,132,417,297,442,194,1.0,-1,-1,-1
172,132,307,295,439,190,1.0,-1,-1,-1
173,132,198,293,437,186,1.0,-1,-1,-1
174,132,89,291,434,182,1.0,-1,-1,-1
175,132,0,290,432,178,1.0,-1,-1,-1
223,133,1054,383,545,257,1.0,-1,-1,-1
224,133,899,373,583,261,1.0,-1,-1,-1
225,133,744,363,601,265,1.0,-1,-1,-1
226,133,590,360,596,259,1.0,-1,-1,-1
227,133,437,357,592,254,1.0,-1,-1,-1
228,133,299,351,589,255,1.0,-1,-1,-1
229,133,162,345,586,256,1.0,-1,-1,-1
230,133,25,339,583,257,1.0,-1,-1,-1
242,134,1134,325,465,190,1.0,-1,-1,-1
243,134,1031,345,567,158,1.0,-1,-1,-1
244,134,884,340,515,160,1.0,-1,-1,-1
245,134,806,328,505,171,1.0,-1,-1,-1
246,134,728,317,494,182,1.0,-1,-1,-1
247,134,651,306,484,193,1.0,-1,-1,-1
248,134,559,303,481,189,1.0,-1,-1,-1
249,134,467,301,478,186,1.0,-1,-1,-1
250,134,376,299,475,183,1.0,-1,-1,-1
251,134,285,295,476,183,1.0,-1,-1,-1
252,134,194,292,477,184,1.0,-1,-1,-1
253,134,103,288,478,184,1.0,-1,-1,-1
254,134,13,285,479,185,1.0,-1,-1,-1
272,135,0,547,1485,652,1.0,-1,-1,-1
273,135,281,561,1318,638,1.0,-1,-1,-1
317,136,1057,380,542,246,1.0,-1,-1,-1
318,136,926,374,570,245,1.0,-1,-1,-1
319,136,795,368,578,244,1.0,-1,-1,-1
320,136,664,363,586,244,1.0,-1,-1,-1
321,136,530,357,584,243,1.0,-1,-1,-1
321,137,987,286,499,224,1.0,-1,-1,-1
322,136,396,351,582,243,1.0,-1,-1,-1
322,137,880,283,496,223,1.0,-1,-1,-1
323,136,263,345,580,243,1.0,-1,-1,-1
323,137,773,281,493,223,1.0,-1,-1,-1
324,136,139,336,583,246,1.0,-1,-1,-1
324,137,665,277,488,221,1.0,-1,-1,-1
325,136,16,328,587,249,1.0,-1,-1,-1
325,137,557,273,483,219,1.0,-1,-1,-1
326,137,449,270,478,218,1.0,-1,-1,-1
327,137,342,266,484,218,1.0,-1,-1,-1
328,138,44,488,794,363,1.0,-1,-1,-1
328,137,235,262,490,218,1.0,-1,-1,-1
329,138,247,489,786,368,1.0,-1,-1,-1
329,137,128,258,496,218,1.0,-1,-1,-1
330,138,450,491,778,373,1.0,-1,-1,-1
330,137,21,255,502,219,1.0,-1,-1,-1
331,138,653,493,770,378,1.0,-1,-1,-1
332,138,857,495,742,383,1.0,-1,-1,-1
344,139,1196,324,403,196,1.0,-1,-1,-1
345,139,1091,321,434,193,1.0,-1,-1,-1
346,139,987,318,444,191,1.0,-1,-1,-1
347,139,883,316,454,189,1.0,-1,-1,-1
348,139,780,313,450,188,1.0,-1,-1,-1
349,139,678,310,446,187,1.0,-1,-1,-1
350,139,575,307,442,187,1.0,-1,-1,-1
351,139,473,304,438,186,1.0,-1,-1,-1
352,139,371,302,434,186,1.0,-1,-1,-1
353,139,273,299,432,184,1.0,-1,-1,-1
354,139,176,296,431,182,1.0,-1,-1,-1
355,139,79,293,430,180,1.0,-1,-1,-1
356,139,0,290,429,179,1.0,-1,-1,-1
377,140,1149,272,450,242,1.0,-1,-1,-1
378,140,1046,272,448,237,1.0,-1,-1,-1
379,140,944,272,442,233,1.0,-1,-1,-1
380,140,842,272,436,229,1.0,-1,-1,-1
381,140,739,272,430,225,1.0,-1,-1,-1
382,141,0,472,850,380,1.0,-1,-1,-1
382,140,637,272,425,221,1.0,-1,-1,-1
383,141,224,475,843,382,1.0,-1,-1,-1
383,140,535,272,419,216,1.0,-1,-1,-1
384,141,453,478,837,384,1.0,-1,-1,-1
384,140,433,272,413,212,1.0,-1,-1,-1
385,141,682,482,831,387,1.0,-1,-1,-1
385,140,330,272,407,208,1.0,-1,-1,-1
386,140,228,272,402,204,1.0,-1,-1,-1
387,140,126,272,396,200,1.0,-1,-1,-1
388,140,23,272,390,195,1.0,-1,-1,-1
436,142,980,373,603,242,1.0,-1,-1,-1
437,142,855,364,629,238,1.0,-1,-1,-1
438,142,578,343,702,245,1.0,-1,-1,-1
439,142,594,344,646,238,1.0,-1,-1,-1
440,142,468,340,663,235,1.0,-1,-1,-1
441,142,361,337,630,236,1.0,-1,-1,-1
442,142,255,334,598,237,1.0,-1,-1,-1
443,142,109,335,651,233,1.0,-1,-1,-1
444,142,7,336,626,236,1.0,-1,-1,-1
445,142,16,341,549,228,1.0,-1,-1,-1
463,143,1141,340,457,169,1.0,-1,-1,-1
464,143,1027,329,470,177,1.0,-1,-1,-1
465,143,913,318,463,185,1.0,-1,-1,-1
466,143,800,308,456,193,1.0,-1,-1,-1
467,143,690,305,452,190,1.0,-1,-1,-1
468,143,580,303,449,188,1.0,-1,-1,-1
469,143,470,300,446,186,1.0,-1,-1,-1
470,143,360,298,443,184,1.0,-1,-1,-1
471,143,265,294,436,182,1.0,-1,-1,-1
472,143,170,290,429,181,1.0,-1,-1,-1
473,143,75,286,422,179,1.0,-1,-1,-1
474,144,0,367,875,483,1.0,-1,-1,-1
475,144,149,382,937,474,1.0,-1,-1,-1
476,144,301,398,1000,466,1.0,-1,-1,-1
477,144,469,398,991,473,1.0,-1,-1,-1
478,144,637,399,962,480,1.0,-1,-1,-1
499,145,0,453,824,374,1.0,-1,-1,-1
500,145,172,461,817,368,1.0,-1,-1,-1
501,145,351,470,810,362,1.0,-1,-1,-1
502,145,530,479,803,357,1.0,-1,-1,-1
503,145,690,465,786,382,1.0,-1,-1,-1
504,145,850,452,749,408,1.0,-1,-1,-1
588,146,1085,317,499,199,1.0,-1,-1,-1
589,146,1001,312,498,200,1.0,-1,-1,-1
590,146,917,307,498,201,1.0,-1,-1,-1
591,146,833,302,498,202,1.0,-1,-1,-1
592,146,750,297,498,204,1.0,-1,-1,-1
593,146,668,295,494,201,1.0,-1,-1,-1
594,146,586,294,490,198,1.0,-1,-1,-1
595,146,504,292,486,195,1.0,-1,-1,-1
596,146,422,291,483,193,1.0,-1,-1,-1
597,146,341,289,480,192,1.0,-1,-1,-1
598,146,261,287,478,191,1.0,-1,-1,-1
599,146,181,285,476,191,1.0,-1,-1,-1
600,146,114,284,463,188,1.0,-1,-1,-1
601,146,48,283,450,185,1.0,-1,-1,-1
602,146,0,282,437,182,1.0,-1,-1,-1
