56,0,935,86,130,108,1.0,-1,-1,-1
57,0,933,86,133,109,1.0,-1,-1,-1
58,0,931,87,137,109,1.0,-1,-1,-1
59,0,931,88,138,108,1.0,-1,-1,-1
60,0,931,88,139,108,1.0,-1,-1,-1
61,0,931,90,140,108,1.0,-1,-1,-1
62,0,930,90,142,107,1.0,-1,-1,-1
63,0,930,91,143,107,1.0,-1,-1,-1
64,0,929,91,145,105,1.0,-1,-1,-1
65,0,931,92,142,106,1.0,-1,-1,-1
66,0,932,93,140,106,1.0,-1,-1,-1
67,0,935,88,134,119,1.0,-1,-1,-1
68,0,935,89,135,118,1.0,-1,-1,-1
69,0,934,96,138,105,1.0,-1,-1,-1
70,0,936,90,133,118,1.0,-1,-1,-1
71,0,936,91,134,117,1.0,-1,-1,-1
72,0,935,93,135,116,1.0,-1,-1,-1
73,0,935,93,136,115,1.0,-1,-1,-1
74,0,935,96,136,113,1.0,-1,-1,-1
75,0,935,99,136,112,1.0,-1,-1,-1
76,0,935,103,137,110,1.0,-1,-1,-1
77,0,935,107,136,108,1.0,-1,-1,-1
78,0,936,110,135,106,1.0,-1,-1,-1
79,0,935,113,134,105,1.0,-1,-1,-1
80,0,935,114,135,105,1.0,-1,-1,-1
81,0,934,115,135,104,1.0,-1,-1,-1
82,0,935,115,134,104,1.0,-1,-1,-1
83,0,935,115,134,106,1.0,-1,-1,-1
84,0,934,114,134,108,1.0,-1,-1,-1
85,0,934,114,134,110,1.0,-1,-1,-1
86,0,930,118,139,109,1.0,-1,-1,-1
87,0,929,119,140,109,1.0,-1,-1,-1
88,0,929,118,140,111,1.0,-1,-1,-1
89,0,929,118,140,112,1.0,-1,-1,-1
90,0,929,118,139,114,1.0,-1,-1,-1
91,0,929,118,132,115,1.0,-1,-1,-1
92,0,928,119,132,117,1.0,-1,-1,-1
93,0,928,120,132,118,1.0,-1,-1,-1
94,0,928,122,132,118,1.0,-1,-1,-1
95,0,927,123,132,120,1.0,-1,-1,-1
96,0,927,124,132,120,1.0,-1,-1,-1
97,0,927,126,133,120,1.0,-1,-1,-1
98,0,927,128,133,120,1.0,-1,-1,-1
99,0,926,130,135,119,1.0,-1,-1,-1
100,0,923,133,140,120,1.0,-1,-1,-1
101,0,924,136,139,119,1.0,-1,-1,-1
102,0,923,138,138,121,1.0,-1,-1,-1
103,0,923,141,138,121,1.0,-1,-1,-1
104,0,923,142,137,123,1.0,-1,-1,-1
105,0,923,143,137,122,1.0,-1,-1,-1
106,0,921,141,139,125,1.0,-1,-1,-1
107,0,919,145,141,131,1.0,-1,-1,-1
108,0,917,145,142,132,1.0,-1,-1,-1
109,0,914,149,145,131,1.0,-1,-1,-1
110,0,912,149,147,133,1.0,-1,-1,-1
111,0,910,152,149,132,1.0,-1,-1,-1
112,0,908,154,150,132,1.0,-1,-1,-1
113,0,907,157,149,129,1.0,-1,-1,-1
114,0,905,160,150,127,1.0,-1,-1,-1
115,0,902,163,151,127,1.0,-1,-1,-1
116,0,900,165,153,127,1.0,-1,-1,-1
117,0,898,167,155,127,1.0,-1,-1,-1
118,0,896,169,155,129,1.0,-1,-1,-1
119,0,894,172,155,127,1.0,-1,-1,-1
120,0,893,175,154,126,1.0,-1,-1,-1
121,0,892,176,153,123,1.0,-1,-1,-1
122,0,890,185,152,127,1.0,-1,-1,-1
123,0,888,188,154,126,1.0,-1,-1,-1
124,0,887,189,157,126,1.0,-1,-1,-1
125,0,885,191,161,127,1.0,-1,-1,-1
126,0,883,192,164,130,1.0,-1,-1,-1
127,0,880,194,168,131,1.0,-1,-1,-1
128,0,879,197,169,132,1.0,-1,-1,-1
129,0,878,199,171,136,1.0,-1,-1,-1
130,0,877,201,172,139,1.0,-1,-1,-1
131,0,876,204,173,140,1.0,-1,-1,-1
132,0,876,206,175,139,1.0,-1,-1,-1
133,0,871,217,183,141,1.0,-1,-1,-1
134,0,870,217,184,145,1.0,-1,-1,-1
135,0,871,218,182,148,1.0,-1,-1,-1
136,0,865,219,184,153,1.0,-1,-1,-1
137,0,864,225,187,152,1.0,-1,-1,-1
138,0,862,229,189,154,1.0,-1,-1,-1
139,0,861,232,189,157,1.0,-1,-1,-1
140,0,862,235,187,156,1.0,-1,-1,-1
141,0,860,242,191,162,1.0,-1,-1,-1
142,0,860,246,191,161,1.0,-1,-1,-1
143,0,858,250,192,161,1.0,-1,-1,-1
144,0,856,254,194,165,1.0,-1,-1,-1
145,0,853,259,197,168,1.0,-1,-1,-1
146,0,851,263,201,171,1.0,-1,-1,-1
147,0,849,279,204,164,1.0,-1,-1,-1
148,0,849,280,203,168,1.0,-1,-1,-1
149,0,847,284,203,171,1.0,-1,-1,-1
150,0,846,288,205,177,1.0,-1,-1,-1
151,0,841,293,212,179,1.0,-1,-1,-1
152,0,839,309,214,174,1.0,-1,-1,-1
153,0,837,312,215,178,1.0,-1,-1,-1
154,0,831,318,220,180,1.0,-1,-1,-1
155,0,824,324,228,182,1.0,-1,-1,-1
156,0,812,322,248,209,1.0,-1,-1,-1
157,0,808,327,248,215,1.0,-1,-1,-1
158,0,804,333,247,219,1.0,-1,-1,-1
159,0,797,340,250,223,1.0,-1,-1,-1
160,0,791,345,252,227,1.0,-1,-1,-1
161,0,785,365,255,217,1.0,-1,-1,-1
162,0,777,375,257,217,1.0,-1,-1,-1
163,0,769,384,263,218,1.0,-1,-1,-1
164,0,762,393,268,221,1.0,-1,-1,-1
165,0,757,398,270,228,1.0,-1,-1,-1
166,0,740,405,278,235,1.0,-1,-1,-1
167,0,731,409,285,241,1.0,-1,-1,-1
168,0,722,435,291,235,1.0,-1,-1,-1
169,0,709,445,300,237,1.0,-1,-1,-1
170,0,694,457,310,238,1.0,-1,-1,-1
171,0,681,469,317,241,1.0,-1,-1,-1
172,0,667,476,324,251,1.0,-1,-1,-1
173,0,657,492,332,258,1.0,-1,-1,-1
174,0,637,499,332,258,1.0,-1,-1,-1
175,0,623,509,340,263,1.0,-1,-1,-1
176,0,606,523,348,271,1.0,-1,-1,-1
177,0,586,529,359,286,1.0,-1,-1,-1
178,0,570,548,363,301,1.0,-1,-1,-1
179,0,544,565,363,302,1.0,-1,-1,-1
180,0,523,580,374,312,1.0,-1,-1,-1
181,0,498,614,383,314,1.0,-1,-1,-1
182,0,486,626,382,313,1.0,-1,-1,-1
183,0,429,648,414,317,1.0,-1,-1,-1
184,0,397,639,442,375,1.0,-1,-1,-1
185,0,362,670,427,372,1.0,-1,-1,-1
186,0,321,693,456,374,1.0,-1,-1,-1
305,32,866,0,130,111,1.0,-1,-1,-1
306,32,866,0,129,111,1.0,-1,-1,-1
307,32,867,0,129,111,1.0,-1,-1,-1
308,32,868,0,129,111,1.0,-1,-1,-1
309,32,869,0,129,111,1.0,-1,-1,-1
310,32,870,0,129,111,1.0,-1,-1,-1
311,32,871,0,129,111,1.0,-1,-1,-1
312,32,872,1,128,111,1.0,-1,-1,-1
313,32,873,3,128,111,1.0,-1,-1,-1
314,32,874,4,128,111,1.0,-1,-1,-1
315,32,875,5,128,112,1.0,-1,-1,-1
316,32,876,6,128,112,1.0,-1,-1,-1
317,32,877,7,128,112,1.0,-1,-1,-1
318,32,878,8,127,112,1.0,-1,-1,-1
319,32,879,9,127,112,1.0,-1,-1,-1
320,32,880,11,127,112,1.0,-1,-1,-1
321,32,881,12,127,112,1.0,-1,-1,-1
322,32,882,13,127,112,1.0,-1,-1,-1
323,32,883,14,127,112,1.0,-1,-1,-1
324,32,884,15,126,112,1.0,-1,-1,-1
325,32,885,16,126,113,1.0,-1,-1,-1
326,32,886,17,126,113,1.0,-1,-1,-1
327,32,887,18,126,113,1.0,-1,-1,-1
328,32,888,20,126,113,1.0,-1,-1,-1
329,32,889,21,126,113,1.0,-1,-1,-1
330,32,890,22,125,113,1.0,-1,-1,-1
331,32,891,23,125,113,1.0,-1,-1,-1
332,32,892,24,125,113,1.0,-1,-1,-1
333,32,893,25,125,113,1.0,-1,-1,-1
334,32,894,26,125,113,1.0,-1,-1,-1
335,32,895,28,125,114,1.0,-1,-1,-1
336,32,895,28,125,113,1.0,-1,-1,-1
337,32,895,29,125,113,1.0,-1,-1,-1
338,32,895,29,125,113,1.0,-1,-1,-1
339,32,896,30,125,113,1.0,-1,-1,-1
340,32,896,30,125,113,1.0,-1,-1,-1
341,32,896,31,125,113,1.0,-1,-1,-1
342,32,897,31,125,113,1.0,-1,-1,-1
343,32,897,32,126,113,1.0,-1,-1,-1
344,32,897,32,126,112,1.0,-1,-1,-1
345,32,898,33,126,112,1.0,-1,-1,-1
346,32,898,33,126,112,1.0,-1,-1,-1
347,32,898,34,126,112,1.0,-1,-1,-1
348,32,899,34,126,112,1.0,-1,-1,-1
349,32,899,35,126,112,1.0,-1,-1,-1
350,32,899,35,126,112,1.0,-1,-1,-1
351,32,900,36,127,112,1.0,-1,-1,-1
352,32,900,36,127,111,1.0,-1,-1,-1
353,32,900,37,127,111,1.0,-1,-1,-1
354,32,900,37,127,111,1.0,-1,-1,-1
355,32,901,38,127,111,1.0,-1,-1,-1
356,32,901,38,127,111,1.0,-1,-1,-1
357,32,901,39,127,111,1.0,-1,-1,-1
358,32,902,39,127,111,1.0,-1,-1,-1
359,32,902,40,128,111,1.0,-1,-1,-1
360,32,902,40,128,110,1.0,-1,-1,-1
361,32,903,41,128,110,1.0,-1,-1,-1
362,32,903,41,128,110,1.0,-1,-1,-1
363,32,903,42,128,110,1.0,-1,-1,-1
364,32,904,42,128,110,1.0,-1,-1,-1
365,32,904,43,128,110,1.0,-1,-1,-1
366,32,904,43,128,110,1.0,-1,-1,-1
367,32,905,44,129,110,1.0,-1,-1,-1
368,32,904,44,129,110,1.0,-1,-1,-1
369,32,904,44,129,111,1.0,-1,-1,-1
370,32,904,44,129,111,1.0,-1,-1,-1
371,32,904,44,129,112,1.0,-1,-1,-1
372,32,904,44,130,112,1.0,-1,-1,-1
373,32,903,44,130,113,1.0,-1,-1,-1
374,32,903,44,130,113,1.0,-1,-1,-1
375,32,903,44,130,114,1.0,-1,-1,-1
376,32,903,44,130,114,1.0,-1,-1,-1
377,32,903,44,131,115,1.0,-1,-1,-1
378,32,903,44,131,115,1.0,-1,-1,-1
379,32,904,44,131,115,1.0,-1,-1,-1
380,32,904,45,132,115,1.0,-1,-1,-1
381,32,905,45,132,115,1.0,-1,-1,-1
382,32,905,45,133,115,1.0,-1,-1,-1
383,32,906,46,133,115,1.0,-1,-1,-1
384,32,906,46,133,115,1.0,-1,-1,-1
385,32,907,46,134,116,1.0,-1,-1,-1
386,32,907,47,134,116,1.0,-1,-1,-1
387,32,908,47,135,116,1.0,-1,-1,-1
388,32,908,47,135,116,1.0,-1,-1,-1
389,32,909,48,135,116,1.0,-1,-1,-1
390,32,909,48,136,116,1.0,-1,-1,-1
391,32,910,48,136,116,1.0,-1,-1,-1
392,32,911,49,137,117,1.0,-1,-1,-1
393,32,912,50,136,116,1.0,-1,-1,-1
394,32,913,51,136,116,1.0,-1,-1,-1
395,32,914,52,136,116,1.0,-1,-1,-1
396,32,915,53,136,115,1.0,-1,-1,-1
397,32,916,54,136,115,1.0,-1,-1,-1
398,32,917,55,136,115,1.0,-1,-1,-1
399,32,918,56,136,115,1.0,-1,-1,-1
400,32,919,57,136,114,1.0,-1,-1,-1
401,32,920,58,136,114,1.0,-1,-1,-1
402,32,921,59,136,114,1.0,-1,-1,-1
403,32,922,60,136,114,1.0,-1,-1,-1
404,32,923,61,136,113,1.0,-1,-1,-1
405,32,924,62,136,113,1.0,-1,-1,-1
406,32,925,63,136,113,1.0,-1,-1,-1
407,32,926,65,136,113,1.0,-1,-1,-1
408,32,927,66,136,112,1.0,-1,-1,-1
409,32,928,67,136,112,1.0,-1,-1,-1
410,32,929,68,135,112,1.0,-1,-1,-1
411,32,930,69,135,112,1.0,-1,-1,-1
412,32,931,70,135,111,1.0,-1,-1,-1
413,32,932,71,135,111,1.0,-1,-1,-1
414,32,932,70,135,112,1.0,-1,-1,-1
415,32,933,70,135,112,1.0,-1,-1,-1
416,32,933,70,134,111,1.0,-1,-1,-1
417,32,933,71,134,110,1.0,-1,-1,-1
418,32,933,71,134,111,1.0,-1,-1,-1
419,32,933,72,134,112,1.0,-1,-1,-1
420,32,933,72,135,113,1.0,-1,-1,-1
421,32,932,72,137,114,1.0,-1,-1,-1
422,32,932,73,138,114,1.0,-1,-1,-1
423,32,932,74,138,113,1.0,-1,-1,-1
424,32,932,75,137,111,1.0,-1,-1,-1
425,32,933,75,135,111,1.0,-1,-1,-1
426,32,934,75,134,111,1.0,-1,-1,-1
427,32,934,74,134,112,1.0,-1,-1,-1
428,32,934,74,135,113,1.0,-1,-1,-1
429,32,933,74,137,114,1.0,-1,-1,-1
430,32,932,73,138,116,1.0,-1,-1,-1
431,32,933,72,137,118,1.0,-1,-1,-1
432,32,933,77,137,120,1.0,-1,-1,-1
433,32,932,79,138,117,1.0,-1,-1,-1
434,32,931,80,139,115,1.0,-1,-1,-1
435,32,931,81,139,115,1.0,-1,-1,-1
436,32,931,80,140,116,1.0,-1,-1,-1
437,32,931,79,140,119,1.0,-1,-1,-1
438,32,931,78,141,121,1.0,-1,-1,-1
439,32,931,78,141,121,1.0,-1,-1,-1
440,32,931,79,141,120,1.0,-1,-1,-1
441,32,931,81,141,119,1.0,-1,-1,-1
442,32,931,83,142,117,1.0,-1,-1,-1
443,32,930,84,143,117,1.0,-1,-1,-1
444,32,929,85,143,117,1.0,-1,-1,-1
445,32,929,84,144,119,1.0,-1,-1,-1
446,32,929,83,145,120,1.0,-1,-1,-1
447,32,929,82,145,121,1.0,-1,-1,-1
448,32,929,83,144,120,1.0,-1,-1,-1
449,32,929,85,144,119,1.0,-1,-1,-1
450,32,929,87,143,116,1.0,-1,-1,-1
451,32,929,89,142,114,1.0,-1,-1,-1
452,32,930,90,141,113,1.0,-1,-1,-1
453,32,930,89,142,116,1.0,-1,-1,-1
454,32,929,87,143,120,1.0,-1,-1,-1
455,32,929,87,143,122,1.0,-1,-1,-1
456,32,928,88,143,122,1.0,-1,-1,-1
457,32,929,89,142,121,1.0,-1,-1,-1
458,32,931,86,137,126,1.0,-1,-1,-1
459,32,930,87,139,126,1.0,-1,-1,-1
460,32,929,87,141,126,1.0,-1,-1,-1
461,32,928,87,142,128,1.0,-1,-1,-1
462,32,928,87,142,128,1.0,-1,-1,-1
463,32,927,88,143,128,1.0,-1,-1,-1
464,32,926,90,145,127,1.0,-1,-1,-1
465,32,926,92,147,127,1.0,-1,-1,-1
466,32,925,93,149,127,1.0,-1,-1,-1
467,32,924,95,150,126,1.0,-1,-1,-1
468,32,919,95,150,126,1.0,-1,-1,-1
469,32,918,96,152,127,1.0,-1,-1,-1
470,32,917,96,153,129,1.0,-1,-1,-1
471,32,918,96,152,131,1.0,-1,-1,-1
472,32,918,96,152,133,1.0,-1,-1,-1
473,32,918,96,153,134,1.0,-1,-1,-1
474,32,917,96,154,134,1.0,-1,-1,-1
475,32,916,97,155,131,1.0,-1,-1,-1
476,32,923,100,152,127,1.0,-1,-1,-1
477,32,923,101,152,126,1.0,-1,-1,-1
478,32,923,102,152,124,1.0,-1,-1,-1
479,32,921,111,146,129,1.0,-1,-1,-1
480,32,922,112,145,128,1.0,-1,-1,-1
481,32,922,111,145,131,1.0,-1,-1,-1
482,32,921,110,147,133,1.0,-1,-1,-1
483,32,919,111,150,133,1.0,-1,-1,-1
484,32,918,112,152,133,1.0,-1,-1,-1
485,32,918,112,152,134,1.0,-1,-1,-1
486,32,917,112,153,135,1.0,-1,-1,-1
487,32,918,113,153,135,1.0,-1,-1,-1
488,32,917,114,153,133,1.0,-1,-1,-1
489,32,916,116,155,132,1.0,-1,-1,-1
490,32,915,116,156,133,1.0,-1,-1,-1
491,32,914,116,157,137,1.0,-1,-1,-1
492,32,915,115,157,140,1.0,-1,-1,-1
493,32,914,115,158,143,1.0,-1,-1,-1
494,32,913,116,161,143,1.0,-1,-1,-1
495,32,910,118,164,144,1.0,-1,-1,-1
496,32,908,119,165,146,1.0,-1,-1,-1
497,32,907,120,166,146,1.0,-1,-1,-1
498,32,907,119,165,148,1.0,-1,-1,-1
499,32,908,121,164,149,1.0,-1,-1,-1
500,32,907,122,165,147,1.0,-1,-1,-1
501,32,905,124,168,146,1.0,-1,-1,-1
502,32,902,125,171,145,1.0,-1,-1,-1
503,32,902,125,170,147,1.0,-1,-1,-1
504,32,903,127,169,146,1.0,-1,-1,-1
505,32,904,128,168,144,1.0,-1,-1,-1
506,32,906,143,164,141,1.0,-1,-1,-1
507,32,906,143,167,141,1.0,-1,-1,-1
508,32,904,141,169,145,1.0,-1,-1,-1
509,32,903,138,170,149,1.0,-1,-1,-1
510,32,902,137,171,152,1.0,-1,-1,-1
511,32,902,138,173,154,1.0,-1,-1,-1
512,32,902,139,175,154,1.0,-1,-1,-1
513,32,902,140,176,155,1.0,-1,-1,-1
514,32,902,141,177,156,1.0,-1,-1,-1
515,32,901,142,179,158,1.0,-1,-1,-1
516,32,901,142,181,160,1.0,-1,-1,-1
517,32,902,142,181,164,1.0,-1,-1,-1
518,32,901,143,183,166,1.0,-1,-1,-1
519,32,901,144,184,168,1.0,-1,-1,-1
520,32,907,146,186,170,1.0,-1,-1,-1
521,32,906,148,189,172,1.0,-1,-1,-1
522,32,907,150,189,171,1.0,-1,-1,-1
523,32,908,151,189,171,1.0,-1,-1,-1
524,32,908,151,189,170,1.0,-1,-1,-1
525,32,909,151,192,170,1.0,-1,-1,-1
526,32,909,151,192,172,1.0,-1,-1,-1
527,32,910,163,192,175,1.0,-1,-1,-1
528,32,910,165,193,173,1.0,-1,-1,-1
529,32,912,170,193,169,1.0,-1,-1,-1
530,32,913,173,192,167,1.0,-1,-1,-1
531,32,914,173,192,170,1.0,-1,-1,-1
532,32,915,175,193,172,1.0,-1,-1,-1
533,32,915,175,195,176,1.0,-1,-1,-1
534,32,915,175,196,179,1.0,-1,-1,-1
535,32,915,176,197,180,1.0,-1,-1,-1
536,32,915,179,197,178,1.0,-1,-1,-1
537,32,915,181,200,178,1.0,-1,-1,-1
538,32,914,183,201,178,1.0,-1,-1,-1
539,32,909,192,211,189,1.0,-1,-1,-1
540,32,907,194,214,190,1.0,-1,-1,-1
541,32,906,195,217,193,1.0,-1,-1,-1
542,32,907,197,214,195,1.0,-1,-1,-1
543,32,904,197,218,195,1.0,-1,-1,-1
544,32,901,200,223,193,1.0,-1,-1,-1
545,32,899,202,229,194,1.0,-1,-1,-1
546,32,899,204,229,194,1.0,-1,-1,-1
547,32,899,207,227,190,1.0,-1,-1,-1
548,32,900,211,225,185,1.0,-1,-1,-1
549,32,904,219,224,211,1.0,-1,-1,-1
550,32,903,220,225,213,1.0,-1,-1,-1
551,32,901,221,227,214,1.0,-1,-1,-1
552,32,898,224,231,214,1.0,-1,-1,-1
553,32,895,228,237,218,1.0,-1,-1,-1
554,32,891,233,243,224,1.0,-1,-1,-1
555,32,885,235,250,230,1.0,-1,-1,-1
556,32,882,237,252,235,1.0,-1,-1,-1
557,32,877,239,257,237,1.0,-1,-1,-1
558,32,872,242,263,239,1.0,-1,-1,-1
559,32,870,245,266,240,1.0,-1,-1,-1
560,32,866,250,270,241,1.0,-1,-1,-1
561,32,862,254,273,246,1.0,-1,-1,-1
562,32,856,256,278,251,1.0,-1,-1,-1
563,32,853,257,279,256,1.0,-1,-1,-1
564,32,854,269,276,260,1.0,-1,-1,-1
565,32,850,272,284,262,1.0,-1,-1,-1
566,32,845,279,290,260,1.0,-1,-1,-1
567,32,841,289,295,256,1.0,-1,-1,-1
568,32,837,299,297,254,1.0,-1,-1,-1
569,32,837,303,298,255,1.0,-1,-1,-1
570,32,835,307,300,260,1.0,-1,-1,-1
571,32,833,310,301,268,1.0,-1,-1,-1
572,32,828,314,307,276,1.0,-1,-1,-1
573,32,824,317,314,283,1.0,-1,-1,-1
574,32,820,321,314,303,1.0,-1,-1,-1
575,32,814,321,319,308,1.0,-1,-1,-1
576,32,808,327,326,311,1.0,-1,-1,-1
577,32,803,334,333,314,1.0,-1,-1,-1
578,32,798,345,339,315,1.0,-1,-1,-1
579,32,783,357,342,317,1.0,-1,-1,-1
580,32,779,363,348,325,1.0,-1,-1,-1
581,32,774,366,356,331,1.0,-1,-1,-1
582,32,769,386,359,320,1.0,-1,-1,-1
583,32,766,388,356,325,1.0,-1,-1,-1
584,32,761,396,355,327,1.0,-1,-1,-1
585,32,754,410,355,323,1.0,-1,-1,-1
586,32,746,424,360,323,1.0,-1,-1,-1
587,32,735,432,371,331,1.0,-1,-1,-1
588,32,706,403,412,392,1.0,-1,-1,-1
589,32,705,445,395,357,1.0,-1,-1,-1
590,32,692,448,420,368,1.0,-1,-1,-1
591,32,683,459,427,370,1.0,-1,-1,-1
592,2,1183,748,462,330,1.0,-1,-1,-1
592,32,678,472,431,375,1.0,-1,-1,-1
593,2,1204,718,433,352,1.0,-1,-1,-1
593,32,671,479,406,391,1.0,-1,-1,-1
594,2,1214,704,422,354,1.0,-1,-1,-1
594,32,659,496,412,397,1.0,-1,-1,-1
595,2,1226,695,408,325,1.0,-1,-1,-1
595,32,638,515,430,394,1.0,-1,-1,-1
596,2,1233,686,403,319,1.0,-1,-1,-1
596,32,609,533,459,388,1.0,-1,-1,-1
597,2,1234,659,395,307,1.0,-1,-1,-1
597,32,580,544,485,392,1.0,-1,-1,-1
598,2,1235,641,389,310,1.0,-1,-1,-1
598,32,555,544,498,408,1.0,-1,-1,-1
599,2,1236,622,381,318,1.0,-1,-1,-1
599,32,539,568,493,430,1.0,-1,-1,-1
600,2,1236,611,377,320,1.0,-1,-1,-1
600,32,521,576,492,441,1.0,-1,-1,-1
601,2,1230,589,381,312,1.0,-1,-1,-1
601,32,500,589,506,448,1.0,-1,-1,-1
602,2,1227,576,378,304,1.0,-1,-1,-1
602,32,461,606,517,459,1.0,-1,-1,-1
603,2,1226,564,374,294,1.0,-1,-1,-1
603,32,431,622,537,456,1.0,-1,-1,-1
604,2,1212,552,370,292,1.0,-1,-1,-1
605,2,1215,528,352,280,1.0,-1,-1,-1
606,2,1215,519,343,277,1.0,-1,-1,-1
607,2,1211,510,334,270,1.0,-1,-1,-1
608,2,1206,500,329,269,1.0,-1,-1,-1
609,2,1201,491,324,267,1.0,-1,-1,-1
610,2,1193,472,322,253,1.0,-1,-1,-1
611,2,1189,467,315,248,1.0,-1,-1,-1
612,2,1185,461,310,243,1.0,-1,-1,-1
613,2,1184,455,302,238,1.0,-1,-1,-1
614,2,1172,442,299,232,1.0,-1,-1,-1
615,2,1171,436,287,228,1.0,-1,-1,-1
616,2,1155,411,297,232,1.0,-1,-1,-1
617,2,1148,407,297,227,1.0,-1,-1,-1
618,2,1144,403,292,220,1.0,-1,-1,-1
619,2,1141,396,283,215,1.0,-1,-1,-1
620,2,1137,391,273,207,1.0,-1,-1,-1
621,2,1137,383,261,205,1.0,-1,-1,-1
622,2,1136,378,252,203,1.0,-1,-1,-1
623,2,1123,373,255,200,1.0,-1,-1,-1
624,2,1119,350,258,204,1.0,-1,-1,-1
625,2,1117,344,256,204,1.0,-1,-1,-1
626,2,1114,336,253,205,1.0,-1,-1,-1
627,2,1109,329,254,203,1.0,-1,-1,-1
628,2,1114,326,233,183,1.0,-1,-1,-1
629,2,1113,322,229,184,1.0,-1,-1,-1
629,51,1188,752,464,326,1.0,-1,-1,-1
630,2,1115,319,219,180,1.0,-1,-1,-1
630,51,1197,715,442,362,1.0,-1,-1,-1
631,2,1102,317,222,173,1.0,-1,-1,-1
631,51,1205,696,422,370,1.0,-1,-1,-1
632,2,1101,315,218,168,1.0,-1,-1,-1
632,51,1206,671,409,380,1.0,-1,-1,-1
633,2,1099,295,213,174,1.0,-1,-1,-1
633,51,1198,645,411,385,1.0,-1,-1,-1
634,2,1098,291,209,175,1.0,-1,-1,-1
634,51,1187,628,419,378,1.0,-1,-1,-1
635,2,1095,290,207,168,1.0,-1,-1,-1
635,51,1192,627,407,329,1.0,-1,-1,-1
636,2,1093,288,206,163,1.0,-1,-1,-1
636,51,1194,614,397,328,1.0,-1,-1,-1
637,2,1087,284,208,160,1.0,-1,-1,-1
637,51,1195,612,388,312,1.0,-1,-1,-1
638,2,1086,283,206,157,1.0,-1,-1,-1
638,51,1196,586,368,306,1.0,-1,-1,-1
639,2,1085,260,204,171,1.0,-1,-1,-1
639,51,1194,573,357,296,1.0,-1,-1,-1
640,2,1086,256,198,173,1.0,-1,-1,-1
640,51,1190,559,349,289,1.0,-1,-1,-1
641,2,1080,255,196,168,1.0,-1,-1,-1
641,51,1171,530,369,290,1.0,-1,-1,-1
642,2,1080,254,194,161,1.0,-1,-1,-1
642,51,1172,522,356,283,1.0,-1,-1,-1
643,2,1079,253,193,153,1.0,-1,-1,-1
643,51,1170,510,347,278,1.0,-1,-1,-1
644,2,1076,255,193,145,1.0,-1,-1,-1
644,51,1167,501,343,272,1.0,-1,-1,-1
645,2,1074,257,193,137,1.0,-1,-1,-1
645,51,1147,496,349,260,1.0,-1,-1,-1
646,2,1070,233,196,144,1.0,-1,-1,-1
646,51,1150,477,334,257,1.0,-1,-1,-1
647,2,1070,231,194,148,1.0,-1,-1,-1
647,51,1150,470,323,252,1.0,-1,-1,-1
648,2,1072,230,190,146,1.0,-1,-1,-1
648,51,1147,459,317,249,1.0,-1,-1,-1
649,2,1073,227,186,146,1.0,-1,-1,-1
649,51,1143,446,310,249,1.0,-1,-1,-1
650,2,1073,226,185,142,1.0,-1,-1,-1
650,51,1139,439,302,244,1.0,-1,-1,-1
651,2,1073,224,182,140,1.0,-1,-1,-1
651,51,1137,433,294,239,1.0,-1,-1,-1
652,2,1074,221,180,138,1.0,-1,-1,-1
652,51,1133,410,290,245,1.0,-1,-1,-1
653,2,1074,218,176,139,1.0,-1,-1,-1
653,51,1134,409,280,234,1.0,-1,-1,-1
654,2,1075,219,172,136,1.0,-1,-1,-1
654,51,1133,404,273,227,1.0,-1,-1,-1
655,2,1074,203,173,142,1.0,-1,-1,-1
655,51,1131,396,267,224,1.0,-1,-1,-1
656,2,1073,200,174,143,1.0,-1,-1,-1
656,51,1130,387,261,222,1.0,-1,-1,-1
657,2,1073,198,172,143,1.0,-1,-1,-1
657,51,1124,376,256,217,1.0,-1,-1,-1
658,2,1072,196,173,141,1.0,-1,-1,-1
658,51,1126,371,250,212,1.0,-1,-1,-1
659,2,1073,193,172,139,1.0,-1,-1,-1
659,51,1125,368,246,207,1.0,-1,-1,-1
660,2,1073,190,170,138,1.0,-1,-1,-1
660,51,1116,345,256,218,1.0,-1,-1,-1
661,2,1074,187,166,137,1.0,-1,-1,-1
661,51,1116,342,254,213,1.0,-1,-1,-1
662,2,1075,185,164,135,1.0,-1,-1,-1
662,51,1114,335,252,211,1.0,-1,-1,-1
663,2,1076,185,161,133,1.0,-1,-1,-1
663,51,1110,329,251,208,1.0,-1,-1,-1
664,2,1077,184,160,132,1.0,-1,-1,-1
664,51,1106,322,251,206,1.0,-1,-1,-1
665,2,1076,184,159,130,1.0,-1,-1,-1
665,51,1109,321,236,190,1.0,-1,-1,-1
666,2,1075,175,163,131,1.0,-1,-1,-1
666,51,1109,313,230,192,1.0,-1,-1,-1
667,2,1076,173,162,133,1.0,-1,-1,-1
667,51,1110,308,223,191,1.0,-1,-1,-1
668,2,1078,171,161,134,1.0,-1,-1,-1
668,51,1103,304,221,187,1.0,-1,-1,-1
669,2,1079,170,161,133,1.0,-1,-1,-1
669,51,1098,295,219,176,1.0,-1,-1,-1
670,2,1080,169,161,131,1.0,-1,-1,-1
670,51,1100,290,215,180,1.0,-1,-1,-1
670,4,1148,693,465,385,1.0,-1,-1,-1
671,2,1081,167,158,130,1.0,-1,-1,-1
671,51,1101,285,208,179,1.0,-1,-1,-1
671,4,1156,678,452,388,1.0,-1,-1,-1
672,2,1083,165,155,130,1.0,-1,-1,-1
672,51,1102,282,204,174,1.0,-1,-1,-1
672,4,1160,661,443,385,1.0,-1,-1,-1
673,2,1084,161,152,132,1.0,-1,-1,-1
673,51,1099,278,206,171,1.0,-1,-1,-1
673,4,1162,643,442,376,1.0,-1,-1,-1
674,2,1086,159,149,132,1.0,-1,-1,-1
674,51,1096,276,208,169,1.0,-1,-1,-1
674,4,1163,625,441,369,1.0,-1,-1,-1
675,2,1087,157,146,133,1.0,-1,-1,-1
675,51,1096,262,204,174,1.0,-1,-1,-1
675,4,1181,620,408,334,1.0,-1,-1,-1
676,2,1087,156,145,132,1.0,-1,-1,-1
676,51,1096,259,201,175,1.0,-1,-1,-1
676,4,1182,607,397,336,1.0,-1,-1,-1
677,2,1088,154,143,132,1.0,-1,-1,-1
677,51,1096,254,197,175,1.0,-1,-1,-1
677,4,1182,587,386,315,1.0,-1,-1,-1
678,2,1089,152,141,131,1.0,-1,-1,-1
678,51,1096,250,193,171,1.0,-1,-1,-1
678,4,1182,573,377,315,1.0,-1,-1,-1
679,2,1090,150,140,130,1.0,-1,-1,-1
679,51,1096,246,191,168,1.0,-1,-1,-1
679,4,1184,557,367,310,1.0,-1,-1,-1
680,2,1091,149,140,128,1.0,-1,-1,-1
680,51,1094,245,191,163,1.0,-1,-1,-1
680,4,1184,546,359,306,1.0,-1,-1,-1
681,2,1092,149,140,126,1.0,-1,-1,-1
681,51,1093,244,190,159,1.0,-1,-1,-1
681,4,1174,518,363,304,1.0,-1,-1,-1
682,2,1092,151,141,122,1.0,-1,-1,-1
682,51,1094,235,185,153,1.0,-1,-1,-1
682,4,1171,509,355,297,1.0,-1,-1,-1
683,2,1091,139,147,127,1.0,-1,-1,-1
683,51,1094,232,184,157,1.0,-1,-1,-1
683,4,1170,497,347,293,1.0,-1,-1,-1
684,2,1092,138,146,126,1.0,-1,-1,-1
684,51,1094,229,184,158,1.0,-1,-1,-1
684,4,1166,490,346,286,1.0,-1,-1,-1
685,2,1092,137,146,126,1.0,-1,-1,-1
685,51,1094,225,183,156,1.0,-1,-1,-1
685,4,1144,485,359,275,1.0,-1,-1,-1
686,2,1092,136,146,125,1.0,-1,-1,-1
686,51,1095,222,181,153,1.0,-1,-1,-1
686,4,1148,460,339,275,1.0,-1,-1,-1
687,2,1092,135,146,125,1.0,-1,-1,-1
687,51,1095,219,178,150,1.0,-1,-1,-1
687,4,1147,449,331,273,1.0,-1,-1,-1
688,2,1092,133,145,124,1.0,-1,-1,-1
688,51,1096,216,176,147,1.0,-1,-1,-1
688,4,1144,440,326,268,1.0,-1,-1,-1
689,2,1092,132,145,124,1.0,-1,-1,-1
689,51,1092,215,173,146,1.0,-1,-1,-1
689,4,1141,431,321,266,1.0,-1,-1,-1
690,2,1092,131,145,123,1.0,-1,-1,-1
690,51,1093,213,171,144,1.0,-1,-1,-1
690,4,1138,426,315,260,1.0,-1,-1,-1
691,2,1092,130,144,123,1.0,-1,-1,-1
691,51,1094,207,168,138,1.0,-1,-1,-1
691,4,1138,422,306,252,1.0,-1,-1,-1
692,2,1092,129,144,122,1.0,-1,-1,-1
692,51,1095,205,168,138,1.0,-1,-1,-1
692,4,1137,404,298,246,1.0,-1,-1,-1
693,2,1092,128,144,122,1.0,-1,-1,-1
693,51,1094,202,169,138,1.0,-1,-1,-1
693,4,1136,397,290,242,1.0,-1,-1,-1
694,51,1095,199,167,137,1.0,-1,-1,-1
694,4,1133,389,285,240,1.0,-1,-1,-1
695,51,1096,196,166,136,1.0,-1,-1,-1
695,4,1130,382,279,237,1.0,-1,-1,-1
696,51,1096,194,164,133,1.0,-1,-1,-1
696,4,1131,377,269,232,1.0,-1,-1,-1
697,51,1096,192,163,133,1.0,-1,-1,-1
697,4,1134,373,258,225,1.0,-1,-1,-1
698,51,1097,189,160,133,1.0,-1,-1,-1
698,4,1136,369,249,219,1.0,-1,-1,-1
699,51,1098,186,158,135,1.0,-1,-1,-1
699,4,1121,368,258,207,1.0,-1,-1,-1
700,51,1099,184,156,134,1.0,-1,-1,-1
700,4,1117,344,260,219,1.0,-1,-1,-1
701,51,1098,165,157,140,1.0,-1,-1,-1
701,4,1116,340,258,215,1.0,-1,-1,-1
702,51,1099,163,157,142,1.0,-1,-1,-1
702,4,1112,332,258,213,1.0,-1,-1,-1
703,51,1098,160,158,145,1.0,-1,-1,-1
703,4,1108,325,256,211,1.0,-1,-1,-1
704,51,1097,162,159,140,1.0,-1,-1,-1
704,4,1104,317,253,209,1.0,-1,-1,-1
705,51,1097,163,158,136,1.0,-1,-1,-1
705,4,1105,310,246,209,1.0,-1,-1,-1
706,51,1099,162,153,132,1.0,-1,-1,-1
706,4,1108,307,231,196,1.0,-1,-1,-1
707,51,1100,161,149,129,1.0,-1,-1,-1
707,4,1102,304,223,190,1.0,-1,-1,-1
708,51,1100,161,145,127,1.0,-1,-1,-1
708,4,1101,304,222,185,1.0,-1,-1,-1
709,51,1097,159,147,125,1.0,-1,-1,-1
709,4,1098,292,217,181,1.0,-1,-1,-1
710,51,1095,157,147,127,1.0,-1,-1,-1
710,4,1097,287,214,182,1.0,-1,-1,-1
711,51,1094,154,147,127,1.0,-1,-1,-1
711,4,1094,284,212,179,1.0,-1,-1,-1
712,51,1093,153,145,127,1.0,-1,-1,-1
712,4,1091,278,213,177,1.0,-1,-1,-1
713,51,1092,152,144,127,1.0,-1,-1,-1
713,4,1085,274,216,176,1.0,-1,-1,-1
714,51,1091,154,144,123,1.0,-1,-1,-1
714,4,1087,262,211,172,1.0,-1,-1,-1
715,51,1090,154,143,122,1.0,-1,-1,-1
715,4,1085,255,207,180,1.0,-1,-1,-1
716,51,1089,152,143,122,1.0,-1,-1,-1
716,4,1085,250,202,182,1.0,-1,-1,-1
717,51,1088,149,144,122,1.0,-1,-1,-1
717,4,1086,244,197,182,1.0,-1,-1,-1
718,51,1087,146,144,122,1.0,-1,-1,-1
718,4,1080,245,198,174,1.0,-1,-1,-1
719,51,1086,144,145,122,1.0,-1,-1,-1
719,4,1080,240,196,173,1.0,-1,-1,-1
720,51,1086,141,145,122,1.0,-1,-1,-1
720,4,1080,240,195,168,1.0,-1,-1,-1
721,51,1085,139,146,122,1.0,-1,-1,-1
721,4,1079,242,193,160,1.0,-1,-1,-1
722,51,1084,136,146,122,1.0,-1,-1,-1
722,4,1077,231,190,156,1.0,-1,-1,-1
723,51,1083,134,147,122,1.0,-1,-1,-1
723,4,1074,227,194,159,1.0,-1,-1,-1
724,51,1082,131,147,122,1.0,-1,-1,-1
724,4,1074,222,193,160,1.0,-1,-1,-1
725,51,1082,129,148,122,1.0,-1,-1,-1
725,4,1074,219,192,159,1.0,-1,-1,-1
726,51,1081,126,148,122,1.0,-1,-1,-1
726,4,1075,216,189,156,1.0,-1,-1,-1
727,51,1080,124,149,122,1.0,-1,-1,-1
727,4,1075,216,187,151,1.0,-1,-1,-1
728,51,1079,121,149,122,1.0,-1,-1,-1
728,4,1076,217,185,146,1.0,-1,-1,-1
729,51,1079,119,150,122,1.0,-1,-1,-1
729,4,1077,218,183,141,1.0,-1,-1,-1
730,51,1079,118,149,121,1.0,-1,-1,-1
730,4,1079,218,180,139,1.0,-1,-1,-1
731,51,1079,118,148,120,1.0,-1,-1,-1
731,4,1081,218,176,135,1.0,-1,-1,-1
732,51,1080,117,147,119,1.0,-1,-1,-1
732,4,1080,205,175,136,1.0,-1,-1,-1
733,51,1080,117,146,118,1.0,-1,-1,-1
733,4,1079,202,174,136,1.0,-1,-1,-1
734,51,1081,116,146,117,1.0,-1,-1,-1
734,4,1078,197,173,138,1.0,-1,-1,-1
735,51,1081,116,145,116,1.0,-1,-1,-1
735,4,1079,194,170,134,1.0,-1,-1,-1
736,51,1082,115,144,115,1.0,-1,-1,-1
736,4,1080,191,170,134,1.0,-1,-1,-1
737,51,1082,115,143,114,1.0,-1,-1,-1
737,4,1082,190,167,133,1.0,-1,-1,-1
738,51,1083,114,143,113,1.0,-1,-1,-1
738,4,1083,186,165,134,1.0,-1,-1,-1
739,51,1083,114,142,112,1.0,-1,-1,-1
739,4,1084,184,162,134,1.0,-1,-1,-1
740,51,1084,113,141,111,1.0,-1,-1,-1
740,4,1085,183,160,133,1.0,-1,-1,-1
741,51,1084,113,140,110,1.0,-1,-1,-1
741,4,1085,182,159,133,1.0,-1,-1,-1
742,51,1085,112,140,109,1.0,-1,-1,-1
742,4,1086,182,157,131,1.0,-1,-1,-1
743,4,1085,172,160,130,1.0,-1,-1,-1
744,4,1087,171,159,129,1.0,-1,-1,-1
745,51,1086,111,137,106,1.0,-1,-1,-1
745,4,1088,170,159,129,1.0,-1,-1,-1
746,4,1088,167,158,129,1.0,-1,-1,-1
747,4,1089,165,156,128,1.0,-1,-1,-1
748,4,1090,164,152,126,1.0,-1,-1,-1
749,4,1091,163,150,125,1.0,-1,-1,-1
750,4,1092,160,147,127,1.0,-1,-1,-1
751,4,1092,156,147,129,1.0,-1,-1,-1
752,4,1092,154,147,131,1.0,-1,-1,-1
753,4,1091,152,148,132,1.0,-1,-1,-1
754,4,1092,150,145,131,1.0,-1,-1,-1
755,4,1092,149,143,131,1.0,-1,-1,-1
756,4,1091,149,142,129,1.0,-1,-1,-1
757,4,1091,148,142,128,1.0,-1,-1,-1
758,4,1090,147,142,127,1.0,-1,-1,-1
759,4,1087,135,144,130,1.0,-1,-1,-1
760,4,1087,136,143,127,1.0,-1,-1,-1
761,4,1088,137,141,124,1.0,-1,-1,-1
762,4,1089,136,141,123,1.0,-1,-1,-1
763,4,1089,134,141,123,1.0,-1,-1,-1
764,4,1089,133,142,122,1.0,-1,-1,-1
765,4,1089,132,141,121,1.0,-1,-1,-1
766,4,1089,129,140,123,1.0,-1,-1,-1
767,4,1088,125,139,125,1.0,-1,-1,-1
768,4,1087,121,138,128,1.0,-1,-1,-1
769,4,1088,120,138,127,1.0,-1,-1,-1
770,4,1088,118,138,128,1.0,-1,-1,-1
771,4,1088,119,139,127,1.0,-1,-1,-1
772,4,1088,120,139,125,1.0,-1,-1,-1
773,4,1088,117,139,127,1.0,-1,-1,-1
774,4,1088,114,138,129,1.0,-1,-1,-1
775,4,1087,113,138,129,1.0,-1,-1,-1
776,4,1087,112,138,128,1.0,-1,-1,-1
777,4,1087,112,138,127,1.0,-1,-1,-1
778,4,1086,111,139,126,1.0,-1,-1,-1
779,4,1086,110,139,126,1.0,-1,-1,-1
780,4,1086,109,139,125,1.0,-1,-1,-1
781,4,1085,109,139,124,1.0,-1,-1,-1
782,4,1085,108,139,123,1.0,-1,-1,-1
783,4,1085,107,139,123,1.0,-1,-1,-1
784,4,1084,107,139,122,1.0,-1,-1,-1
785,4,1084,106,139,121,1.0,-1,-1,-1
786,4,1083,105,140,120,1.0,-1,-1,-1
787,4,1083,104,140,120,1.0,-1,-1,-1
788,4,1083,104,140,119,1.0,-1,-1,-1
789,4,1082,103,140,118,1.0,-1,-1,-1
790,4,1082,102,140,117,1.0,-1,-1,-1
791,4,1082,102,140,117,1.0,-1,-1,-1
792,4,1081,101,140,116,1.0,-1,-1,-1
793,4,1081,100,140,115,1.0,-1,-1,-1
794,4,1081,100,141,115,1.0,-1,-1,-1
795,4,1081,99,140,114,1.0,-1,-1,-1
796,4,1081,99,140,114,1.0,-1,-1,-1
797,4,1081,98,140,114,1.0,-1,-1,-1
798,4,1081,98,139,114,1.0,-1,-1,-1
799,4,1081,97,139,114,1.0,-1,-1,-1
800,4,1081,97,139,113,1.0,-1,-1,-1
801,4,1081,96,139,113,1.0,-1,-1,-1
802,4,1081,96,138,113,1.0,-1,-1,-1
803,4,1081,95,138,113,1.0,-1,-1,-1
804,4,1081,95,138,113,1.0,-1,-1,-1
805,4,1081,95,138,113,1.0,-1,-1,-1
806,4,1081,94,137,112,1.0,-1,-1,-1
807,4,1081,94,137,112,1.0,-1,-1,-1
808,4,1081,93,137,112,1.0,-1,-1,-1
809,4,1081,93,136,112,1.0,-1,-1,-1
810,4,1081,92,136,112,1.0,-1,-1,-1
811,4,1081,92,136,111,1.0,-1,-1,-1
812,4,1081,91,136,111,1.0,-1,-1,-1
813,4,1081,91,135,111,1.0,-1,-1,-1
814,4,1081,90,135,111,1.0,-1,-1,-1
815,4,1081,90,135,111,1.0,-1,-1,-1
816,4,1082,90,135,111,1.0,-1,-1,-1
817,4,1081,89,134,110,1.0,-1,-1,-1
818,4,1081,89,134,110,1.0,-1,-1,-1
819,4,1081,89,134,110,1.0,-1,-1,-1
820,4,1081,88,134,110,1.0,-1,-1,-1
821,4,1081,88,133,110,1.0,-1,-1,-1
822,4,1081,88,133,110,1.0,-1,-1,-1
823,4,1081,88,133,110,1.0,-1,-1,-1
824,4,1081,87,133,110,1.0,-1,-1,-1
825,4,1081,87,133,110,1.0,-1,-1,-1
826,4,1081,87,132,109,1.0,-1,-1,-1
827,4,1081,87,132,109,1.0,-1,-1,-1
828,4,1081,86,132,109,1.0,-1,-1,-1
829,4,1081,86,132,109,1.0,-1,-1,-1
830,4,1081,86,131,109,1.0,-1,-1,-1
831,4,1081,86,131,109,1.0,-1,-1,-1
832,4,1081,85,131,109,1.0,-1,-1,-1
833,4,1081,85,131,109,1.0,-1,-1,-1
834,4,1081,85,131,109,1.0,-1,-1,-1
835,4,1081,85,130,108,1.0,-1,-1,-1
836,4,1081,84,130,108,1.0,-1,-1,-1
837,4,1081,84,130,108,1.0,-1,-1,-1
838,4,1081,84,130,108,1.0,-1,-1,-1
839,4,1081,84,129,108,1.0,-1,-1,-1
840,4,1081,83,129,108,1.0,-1,-1,-1
841,4,1081,83,129,108,1.0,-1,-1,-1
842,4,1081,83,129,108,1.0,-1,-1,-1
843,4,1081,83,129,108,1.0,-1,-1,-1
918,20,883,25,123,111,1.0,-1,-1,-1
919,20,883,26,124,111,1.0,-1,-1,-1
920,20,883,27,124,111,1.0,-1,-1,-1
921,20,884,27,125,111,1.0,-1,-1,-1
922,20,884,28,125,111,1.0,-1,-1,-1
923,20,884,29,125,111,1.0,-1,-1,-1
924,20,885,29,126,111,1.0,-1,-1,-1
925,20,885,30,126,111,1.0,-1,-1,-1
926,20,885,31,127,111,1.0,-1,-1,-1
927,20,886,31,127,111,1.0,-1,-1,-1
928,20,886,32,127,111,1.0,-1,-1,-1
929,20,886,33,128,111,1.0,-1,-1,-1
930,20,887,33,128,111,1.0,-1,-1,-1
931,20,887,34,128,111,1.0,-1,-1,-1
932,20,887,35,129,111,1.0,-1,-1,-1
933,20,888,35,129,111,1.0,-1,-1,-1
934,20,888,36,130,111,1.0,-1,-1,-1
935,20,888,37,130,111,1.0,-1,-1,-1
936,20,889,37,130,111,1.0,-1,-1,-1
937,20,889,38,131,111,1.0,-1,-1,-1
938,20,889,39,131,111,1.0,-1,-1,-1
939,20,890,40,132,111,1.0,-1,-1,-1
940,20,890,40,132,111,1.0,-1,-1,-1
941,20,891,40,132,111,1.0,-1,-1,-1
942,20,891,41,132,111,1.0,-1,-1,-1
943,20,892,41,132,111,1.0,-1,-1,-1
944,20,892,42,132,111,1.0,-1,-1,-1
945,20,893,42,132,111,1.0,-1,-1,-1
946,20,893,43,132,111,1.0,-1,-1,-1
947,20,894,43,132,111,1.0,-1,-1,-1
948,20,895,44,132,111,1.0,-1,-1,-1
949,20,895,44,132,111,1.0,-1,-1,-1
950,20,896,45,132,111,1.0,-1,-1,-1
951,20,896,45,132,111,1.0,-1,-1,-1
952,20,897,45,132,111,1.0,-1,-1,-1
953,20,897,46,132,111,1.0,-1,-1,-1
954,20,898,46,132,111,1.0,-1,-1,-1
955,20,899,47,132,112,1.0,-1,-1,-1
956,20,899,47,132,112,1.0,-1,-1,-1
957,20,900,48,132,112,1.0,-1,-1,-1
958,20,900,48,132,112,1.0,-1,-1,-1
959,20,901,49,132,112,1.0,-1,-1,-1
960,20,901,49,132,112,1.0,-1,-1,-1
961,20,902,50,132,112,1.0,-1,-1,-1
962,20,902,50,132,112,1.0,-1,-1,-1
963,20,903,51,132,112,1.0,-1,-1,-1
964,20,904,51,132,112,1.0,-1,-1,-1
965,20,904,51,132,112,1.0,-1,-1,-1
966,20,905,52,132,112,1.0,-1,-1,-1
967,20,905,52,132,112,1.0,-1,-1,-1
968,20,906,53,132,112,1.0,-1,-1,-1
969,20,906,53,132,112,1.0,-1,-1,-1
970,20,907,54,132,112,1.0,-1,-1,-1
971,20,908,54,132,113,1.0,-1,-1,-1
972,20,908,55,132,113,1.0,-1,-1,-1
973,20,909,55,132,113,1.0,-1,-1,-1
974,20,909,56,132,113,1.0,-1,-1,-1
975,20,910,56,132,113,1.0,-1,-1,-1
976,20,910,56,132,113,1.0,-1,-1,-1
977,20,911,57,132,113,1.0,-1,-1,-1
978,20,911,57,132,113,1.0,-1,-1,-1
979,20,912,58,132,113,1.0,-1,-1,-1
980,20,913,58,132,113,1.0,-1,-1,-1
981,20,913,59,132,113,1.0,-1,-1,-1
982,20,914,59,132,113,1.0,-1,-1,-1
983,20,914,60,132,113,1.0,-1,-1,-1
984,20,915,60,132,113,1.0,-1,-1,-1
985,20,915,61,132,113,1.0,-1,-1,-1
986,20,916,61,132,113,1.0,-1,-1,-1
987,20,917,62,132,114,1.0,-1,-1,-1
988,20,917,62,131,114,1.0,-1,-1,-1
989,20,917,63,131,114,1.0,-1,-1,-1
990,20,917,63,131,114,1.0,-1,-1,-1
991,20,917,64,131,114,1.0,-1,-1,-1
992,20,917,65,131,114,1.0,-1,-1,-1
993,20,918,65,131,114,1.0,-1,-1,-1
994,20,918,66,131,114,1.0,-1,-1,-1
995,20,918,67,131,114,1.0,-1,-1,-1
996,20,918,67,131,114,1.0,-1,-1,-1
997,20,918,68,131,114,1.0,-1,-1,-1
998,20,918,69,131,114,1.0,-1,-1,-1
999,20,919,69,131,114,1.0,-1,-1,-1
1000,20,919,70,131,114,1.0,-1,-1,-1
1001,20,919,70,131,114,1.0,-1,-1,-1
1002,20,919,71,131,114,1.0,-1,-1,-1
1003,20,919,72,131,114,1.0,-1,-1,-1
1004,20,919,72,131,114,1.0,-1,-1,-1
1005,20,920,73,131,114,1.0,-1,-1,-1
1006,20,920,74,131,114,1.0,-1,-1,-1
1007,20,920,74,131,114,1.0,-1,-1,-1
1008,20,921,74,130,114,1.0,-1,-1,-1
1009,20,923,74,129,115,1.0,-1,-1,-1
1010,20,922,78,133,116,1.0,-1,-1,-1
1011,20,922,77,133,117,1.0,-1,-1,-1
1012,20,923,76,134,119,1.0,-1,-1,-1
1013,20,923,76,133,120,1.0,-1,-1,-1
1014,20,923,77,132,120,1.0,-1,-1,-1
1015,20,924,78,133,119,1.0,-1,-1,-1
1016,20,924,77,135,120,1.0,-1,-1,-1
1017,20,925,77,135,121,1.0,-1,-1,-1
1018,20,926,77,134,122,1.0,-1,-1,-1
1019,20,927,77,133,122,1.0,-1,-1,-1
1020,20,927,78,134,121,1.0,-1,-1,-1
1021,20,927,79,135,121,1.0,-1,-1,-1
1022,20,930,83,139,118,1.0,-1,-1,-1
1023,20,930,83,140,120,1.0,-1,-1,-1
1024,20,929,84,141,121,1.0,-1,-1,-1
1025,20,930,85,141,121,1.0,-1,-1,-1
1026,20,930,87,142,118,1.0,-1,-1,-1
1027,20,930,89,142,115,1.0,-1,-1,-1
1028,20,930,91,141,113,1.0,-1,-1,-1
1029,20,930,92,141,113,1.0,-1,-1,-1
1030,20,930,92,142,113,1.0,-1,-1,-1
1031,20,930,94,143,113,1.0,-1,-1,-1
1032,20,936,93,133,118,1.0,-1,-1,-1
1033,20,935,94,134,119,1.0,-1,-1,-1
1034,20,935,93,134,120,1.0,-1,-1,-1
1035,20,934,93,135,122,1.0,-1,-1,-1
1036,20,933,94,136,122,1.0,-1,-1,-1
1037,20,931,97,138,120,1.0,-1,-1,-1
1038,20,930,100,140,117,1.0,-1,-1,-1
1039,20,928,101,142,116,1.0,-1,-1,-1
1040,20,928,101,143,117,1.0,-1,-1,-1
1041,7,1221,627,485,445,1.0,-1,-1,-1
1041,20,927,101,143,120,1.0,-1,-1,-1
1042,7,1225,614,476,445,1.0,-1,-1,-1
1042,20,926,102,145,122,1.0,-1,-1,-1
1043,7,1227,599,471,443,1.0,-1,-1,-1
1043,20,925,103,146,122,1.0,-1,-1,-1
1044,7,1226,586,470,437,1.0,-1,-1,-1
1044,20,920,101,147,123,1.0,-1,-1,-1
1045,7,1221,580,471,421,1.0,-1,-1,-1
1045,20,920,102,146,121,1.0,-1,-1,-1
1046,7,1216,577,473,407,1.0,-1,-1,-1
1046,20,920,103,146,121,1.0,-1,-1,-1
1047,7,1211,575,473,395,1.0,-1,-1,-1
1047,20,920,104,146,121,1.0,-1,-1,-1
1048,7,1219,542,448,412,1.0,-1,-1,-1
1048,20,919,105,147,121,1.0,-1,-1,-1
1049,7,1212,538,446,410,1.0,-1,-1,-1
1049,20,917,105,148,119,1.0,-1,-1,-1
1050,7,1206,531,442,406,1.0,-1,-1,-1
1050,20,921,111,139,128,1.0,-1,-1,-1
1051,7,1201,525,437,403,1.0,-1,-1,-1
1051,20,919,110,140,130,1.0,-1,-1,-1
1052,7,1201,517,429,398,1.0,-1,-1,-1
1052,20,917,112,141,128,1.0,-1,-1,-1
1053,7,1197,507,427,399,1.0,-1,-1,-1
1053,20,915,112,142,129,1.0,-1,-1,-1
1054,7,1192,496,426,400,1.0,-1,-1,-1
1054,20,912,113,144,129,1.0,-1,-1,-1
1055,7,1184,485,430,397,1.0,-1,-1,-1
1055,20,910,114,146,129,1.0,-1,-1,-1
1056,7,1177,475,435,390,1.0,-1,-1,-1
1056,20,908,116,147,126,1.0,-1,-1,-1
1057,7,1173,464,438,381,1.0,-1,-1,-1
1057,20,906,118,147,125,1.0,-1,-1,-1
1058,7,1169,455,435,375,1.0,-1,-1,-1
1058,20,905,119,149,126,1.0,-1,-1,-1
1059,7,1185,454,402,352,1.0,-1,-1,-1
1059,20,904,120,148,126,1.0,-1,-1,-1
1060,7,1179,450,401,352,1.0,-1,-1,-1
1060,20,903,121,150,127,1.0,-1,-1,-1
1061,7,1176,449,398,350,1.0,-1,-1,-1
1061,20,901,121,152,129,1.0,-1,-1,-1
1062,7,1182,431,373,334,1.0,-1,-1,-1
1062,20,899,123,153,129,1.0,-1,-1,-1
1063,7,1178,427,369,335,1.0,-1,-1,-1
1063,20,897,124,154,131,1.0,-1,-1,-1
1064,7,1177,422,361,331,1.0,-1,-1,-1
1064,20,896,126,155,131,1.0,-1,-1,-1
1065,7,1173,415,359,330,1.0,-1,-1,-1
1065,20,894,126,156,136,1.0,-1,-1,-1
1066,7,1169,406,358,332,1.0,-1,-1,-1
1066,20,891,127,158,136,1.0,-1,-1,-1
1067,7,1161,399,362,331,1.0,-1,-1,-1
1067,20,889,127,159,139,1.0,-1,-1,-1
1068,7,1154,392,368,331,1.0,-1,-1,-1
1068,20,889,128,159,140,1.0,-1,-1,-1
1069,7,1149,388,372,329,1.0,-1,-1,-1
1069,20,887,129,160,141,1.0,-1,-1,-1
1070,7,1141,386,365,327,1.0,-1,-1,-1
1070,20,885,130,161,139,1.0,-1,-1,-1
1071,7,1139,363,359,330,1.0,-1,-1,-1
1071,20,884,131,162,138,1.0,-1,-1,-1
1072,7,1141,362,352,325,1.0,-1,-1,-1
1072,20,882,132,165,136,1.0,-1,-1,-1
1073,7,1142,360,342,316,1.0,-1,-1,-1
1073,20,881,132,165,135,1.0,-1,-1,-1
1074,7,1142,357,331,307,1.0,-1,-1,-1
1074,20,880,133,166,132,1.0,-1,-1,-1
1075,7,1140,351,325,305,1.0,-1,-1,-1
1075,20,881,133,164,132,1.0,-1,-1,-1
1076,7,1137,344,322,305,1.0,-1,-1,-1
1076,20,881,144,164,137,1.0,-1,-1,-1
1077,7,1136,338,320,304,1.0,-1,-1,-1
1077,20,879,143,166,140,1.0,-1,-1,-1
1078,7,1133,334,319,301,1.0,-1,-1,-1
1078,20,878,144,169,141,1.0,-1,-1,-1
1079,7,1133,332,316,298,1.0,-1,-1,-1
1079,20,877,146,171,141,1.0,-1,-1,-1
1080,7,1131,330,313,294,1.0,-1,-1,-1
1080,20,876,147,173,142,1.0,-1,-1,-1
1081,7,1129,326,309,295,1.0,-1,-1,-1
1081,20,875,147,176,145,1.0,-1,-1,-1
1082,7,1122,314,311,290,1.0,-1,-1,-1
1082,20,874,147,177,146,1.0,-1,-1,-1
1083,7,1121,310,306,289,1.0,-1,-1,-1
1083,20,869,149,176,147,1.0,-1,-1,-1
1084,7,1121,308,301,282,1.0,-1,-1,-1
1084,20,869,151,177,146,1.0,-1,-1,-1
1085,7,1122,305,298,274,1.0,-1,-1,-1
1085,20,868,153,178,148,1.0,-1,-1,-1
1086,7,1121,301,296,269,1.0,-1,-1,-1
1086,20,867,155,180,151,1.0,-1,-1,-1
1087,7,1119,296,296,268,1.0,-1,-1,-1
1087,20,865,157,183,150,1.0,-1,-1,-1
1088,7,1118,294,293,265,1.0,-1,-1,-1
1088,20,865,158,184,150,1.0,-1,-1,-1
1089,7,1118,290,290,262,1.0,-1,-1,-1
1089,20,864,159,184,147,1.0,-1,-1,-1
1090,7,1121,288,283,258,1.0,-1,-1,-1
1090,20,865,161,181,144,1.0,-1,-1,-1
1091,7,1112,283,279,256,1.0,-1,-1,-1
1091,20,865,162,181,142,1.0,-1,-1,-1
1092,7,1114,276,274,256,1.0,-1,-1,-1
1092,20,865,175,182,148,1.0,-1,-1,-1
1093,7,1113,270,272,259,1.0,-1,-1,-1
1093,20,862,173,187,154,1.0,-1,-1,-1
1094,7,1115,268,267,258,1.0,-1,-1,-1
1094,20,861,175,190,155,1.0,-1,-1,-1
1095,7,1111,261,267,250,1.0,-1,-1,-1
1095,20,862,177,188,156,1.0,-1,-1,-1
1096,7,1112,263,263,244,1.0,-1,-1,-1
1096,20,862,178,187,158,1.0,-1,-1,-1
1097,7,1111,262,261,238,1.0,-1,-1,-1
1097,20,862,177,186,163,1.0,-1,-1,-1
1098,7,1111,259,257,235,1.0,-1,-1,-1
1098,20,859,177,190,166,1.0,-1,-1,-1
1099,7,1109,254,258,233,1.0,-1,-1,-1
1099,20,856,178,193,169,1.0,-1,-1,-1
1100,7,1108,251,256,231,1.0,-1,-1,-1
1100,20,853,180,196,171,1.0,-1,-1,-1
1101,7,1105,248,256,228,1.0,-1,-1,-1
1101,20,851,181,197,174,1.0,-1,-1,-1
1102,7,1103,245,254,227,1.0,-1,-1,-1
1102,20,849,183,198,173,1.0,-1,-1,-1
1103,7,1101,242,249,225,1.0,-1,-1,-1
1103,20,846,185,201,171,1.0,-1,-1,-1
1104,7,1102,239,243,223,1.0,-1,-1,-1
1104,20,845,186,203,169,1.0,-1,-1,-1
1105,7,1101,236,237,219,1.0,-1,-1,-1
1105,20,845,188,203,168,1.0,-1,-1,-1
1106,7,1097,234,237,217,1.0,-1,-1,-1
1106,20,843,202,207,170,1.0,-1,-1,-1
1107,7,1091,232,238,214,1.0,-1,-1,-1
1107,20,842,204,204,170,1.0,-1,-1,-1
1108,7,1087,228,238,213,1.0,-1,-1,-1
1108,20,842,207,202,171,1.0,-1,-1,-1
1109,7,1086,224,235,213,1.0,-1,-1,-1
1109,20,842,207,201,174,1.0,-1,-1,-1
1110,7,1083,219,235,214,1.0,-1,-1,-1
1110,20,840,209,202,177,1.0,-1,-1,-1
1111,7,1081,217,235,212,1.0,-1,-1,-1
1111,20,837,211,206,179,1.0,-1,-1,-1
1112,7,1084,203,224,217,1.0,-1,-1,-1
1112,20,834,213,210,183,1.0,-1,-1,-1
1113,7,1083,204,218,213,1.0,-1,-1,-1
1113,20,831,214,213,184,1.0,-1,-1,-1
1114,7,1081,202,216,212,1.0,-1,-1,-1
1114,20,827,215,218,184,1.0,-1,-1,-1
1115,7,1080,201,217,209,1.0,-1,-1,-1
1115,20,826,217,220,181,1.0,-1,-1,-1
1116,7,1079,199,216,206,1.0,-1,-1,-1
1116,20,821,228,227,190,1.0,-1,-1,-1
1117,7,1078,197,216,203,1.0,-1,-1,-1
1117,20,821,229,225,192,1.0,-1,-1,-1
1118,7,1061,192,233,209,1.0,-1,-1,-1
1118,20,821,232,224,193,1.0,-1,-1,-1
1119,7,1060,189,232,206,1.0,-1,-1,-1
1119,20,821,235,224,192,1.0,-1,-1,-1
1120,7,1062,191,228,196,1.0,-1,-1,-1
1120,20,819,238,227,194,1.0,-1,-1,-1
1121,7,1061,189,226,196,1.0,-1,-1,-1
1121,20,815,242,232,193,1.0,-1,-1,-1
1122,7,1061,189,224,195,1.0,-1,-1,-1
1122,20,813,247,234,188,1.0,-1,-1,-1
1123,7,1060,182,221,184,1.0,-1,-1,-1
1123,20,811,244,234,219,1.0,-1,-1,-1
1124,7,1059,179,220,187,1.0,-1,-1,-1
1124,20,810,247,236,221,1.0,-1,-1,-1
1125,7,1061,177,214,189,1.0,-1,-1,-1
1125,20,809,251,237,223,1.0,-1,-1,-1
1126,7,1062,176,209,188,1.0,-1,-1,-1
1126,20,807,257,238,224,1.0,-1,-1,-1
1127,7,1064,174,203,186,1.0,-1,-1,-1
1127,20,805,262,239,226,1.0,-1,-1,-1
1128,7,1064,174,201,183,1.0,-1,-1,-1
1128,20,800,267,243,227,1.0,-1,-1,-1
1129,7,1063,173,198,179,1.0,-1,-1,-1
1129,20,796,269,249,229,1.0,-1,-1,-1
1130,7,1062,172,197,176,1.0,-1,-1,-1
1130,20,791,270,255,233,1.0,-1,-1,-1
1131,7,1062,170,194,175,1.0,-1,-1,-1
1131,20,790,287,257,221,1.0,-1,-1,-1
1132,7,1062,167,193,175,1.0,-1,-1,-1
1132,20,788,291,259,222,1.0,-1,-1,-1
1133,7,1061,164,192,178,1.0,-1,-1,-1
1133,20,782,298,267,222,1.0,-1,-1,-1
1134,7,1060,161,191,180,1.0,-1,-1,-1
1134,20,777,305,276,223,1.0,-1,-1,-1
1135,7,1061,159,190,180,1.0,-1,-1,-1
1135,20,772,310,280,226,1.0,-1,-1,-1
1136,7,1061,159,190,178,1.0,-1,-1,-1
1136,20,769,313,283,230,1.0,-1,-1,-1
1137,7,1064,148,188,182,1.0,-1,-1,-1
1137,20,767,315,284,234,1.0,-1,-1,-1
1138,7,1064,148,187,180,1.0,-1,-1,-1
1138,20,762,318,291,239,1.0,-1,-1,-1
1139,7,1065,148,185,177,1.0,-1,-1,-1
1139,20,760,322,295,247,1.0,-1,-1,-1
1140,7,1065,147,184,175,1.0,-1,-1,-1
1140,20,755,326,299,255,1.0,-1,-1,-1
1141,7,1067,146,182,172,1.0,-1,-1,-1
1141,20,752,327,300,262,1.0,-1,-1,-1
1142,7,1067,145,181,170,1.0,-1,-1,-1
1142,20,748,338,303,266,1.0,-1,-1,-1
1143,7,1067,143,181,168,1.0,-1,-1,-1
1143,20,744,340,307,269,1.0,-1,-1,-1
1144,7,1068,143,182,166,1.0,-1,-1,-1
1144,20,740,343,309,275,1.0,-1,-1,-1
1145,7,1068,141,181,166,1.0,-1,-1,-1
1145,20,737,349,310,274,1.0,-1,-1,-1
1146,7,1069,140,181,166,1.0,-1,-1,-1
1146,20,733,358,296,276,1.0,-1,-1,-1
1147,7,1069,138,181,165,1.0,-1,-1,-1
1147,20,729,364,300,280,1.0,-1,-1,-1
1148,7,1069,137,181,165,1.0,-1,-1,-1
1148,20,723,371,306,283,1.0,-1,-1,-1
1149,7,1069,136,181,164,1.0,-1,-1,-1
1149,20,719,376,310,289,1.0,-1,-1,-1
1150,7,1070,134,179,164,1.0,-1,-1,-1
1150,20,710,378,322,298,1.0,-1,-1,-1
1151,7,1072,134,177,164,1.0,-1,-1,-1
1151,20,694,396,337,297,1.0,-1,-1,-1
1152,7,1073,133,175,162,1.0,-1,-1,-1
1152,20,688,400,339,299,1.0,-1,-1,-1
1153,7,1075,134,173,159,1.0,-1,-1,-1
1153,20,681,407,342,300,1.0,-1,-1,-1
1154,7,1076,134,172,157,1.0,-1,-1,-1
1154,20,675,417,345,302,1.0,-1,-1,-1
1155,7,1078,134,171,155,1.0,-1,-1,-1
1155,20,668,426,348,309,1.0,-1,-1,-1
1156,7,1080,122,171,163,1.0,-1,-1,-1
1156,20,658,434,355,319,1.0,-1,-1,-1
1157,7,1081,121,170,163,1.0,-1,-1,-1
1157,20,646,439,363,327,1.0,-1,-1,-1
1158,7,1082,121,169,163,1.0,-1,-1,-1
1158,20,636,453,374,334,1.0,-1,-1,-1
1159,7,1083,121,168,163,1.0,-1,-1,-1
1159,20,616,462,377,325,1.0,-1,-1,-1
1160,7,1084,120,166,162,1.0,-1,-1,-1
1160,20,609,469,382,331,1.0,-1,-1,-1
1161,7,1084,120,165,160,1.0,-1,-1,-1
1161,7,1131,676,466,400,1.0,-1,-1,-1
1161,20,599,482,384,331,1.0,-1,-1,-1
1162,7,1084,121,166,158,1.0,-1,-1,-1
1162,7,1137,658,459,401,1.0,-1,-1,-1
1162,20,568,475,440,364,1.0,-1,-1,-1
1163,7,1085,121,166,156,1.0,-1,-1,-1
1163,7,1142,637,450,407,1.0,-1,-1,-1
1163,20,557,483,432,376,1.0,-1,-1,-1
1164,7,1088,121,165,153,1.0,-1,-1,-1
1164,7,1146,622,446,405,1.0,-1,-1,-1
1164,20,549,492,424,386,1.0,-1,-1,-1
1165,7,1089,120,165,151,1.0,-1,-1,-1
1165,7,1148,610,442,396,1.0,-1,-1,-1
1165,20,541,505,422,391,1.0,-1,-1,-1
1166,7,1090,119,165,148,1.0,-1,-1,-1
1166,7,1151,602,436,383,1.0,-1,-1,-1
1166,20,532,518,428,397,1.0,-1,-1,-1
1167,7,1091,118,164,146,1.0,-1,-1,-1
1167,7,1154,596,425,365,1.0,-1,-1,-1
1167,20,509,551,433,383,1.0,-1,-1,-1
1168,7,1093,118,163,142,1.0,-1,-1,-1
1168,7,1155,563,425,376,1.0,-1,-1,-1
1168,20,491,558,449,385,1.0,-1,-1,-1
1169,7,1094,117,162,140,1.0,-1,-1,-1
1169,7,1154,556,420,370,1.0,-1,-1,-1
1169,20,460,585,453,390,1.0,-1,-1,-1
1170,7,1095,117,162,139,1.0,-1,-1,-1
1170,7,1168,566,378,327,1.0,-1,-1,-1
1170,20,431,595,465,400,1.0,-1,-1,-1
1171,7,1095,115,162,139,1.0,-1,-1,-1
1171,7,1166,549,373,334,1.0,-1,-1,-1
1171,20,404,608,468,409,1.0,-1,-1,-1
1172,7,1097,113,160,141,1.0,-1,-1,-1
1172,7,1164,533,367,342,1.0,-1,-1,-1
1172,20,380,620,474,420,1.0,-1,-1,-1
1173,7,1098,110,158,144,1.0,-1,-1,-1
1173,7,1162,525,364,341,1.0,-1,-1,-1
1173,20,358,634,490,423,1.0,-1,-1,-1
1174,7,1100,107,156,147,1.0,-1,-1,-1
1174,7,1155,507,366,328,1.0,-1,-1,-1
1174,20,318,649,494,429,1.0,-1,-1,-1
1175,7,1101,104,156,150,1.0,-1,-1,-1
1175,7,1136,496,373,320,1.0,-1,-1,-1
1175,20,275,663,527,415,1.0,-1,-1,-1
1176,7,1101,102,156,150,1.0,-1,-1,-1
1176,7,1140,482,362,318,1.0,-1,-1,-1
1177,7,1102,101,154,151,1.0,-1,-1,-1
1177,7,1141,471,355,315,1.0,-1,-1,-1
1178,7,1104,101,151,150,1.0,-1,-1,-1
1178,7,1140,465,351,312,1.0,-1,-1,-1
1179,7,1105,99,156,150,1.0,-1,-1,-1
1179,7,1139,446,341,311,1.0,-1,-1,-1
1180,7,1106,100,154,148,1.0,-1,-1,-1
1180,7,1136,444,335,299,1.0,-1,-1,-1
1181,7,1107,100,153,148,1.0,-1,-1,-1
1181,7,1132,438,330,290,1.0,-1,-1,-1
1182,7,1107,99,153,148,1.0,-1,-1,-1
1182,7,1127,430,328,285,1.0,-1,-1,-1
1183,7,1108,96,151,143,1.0,-1,-1,-1
1183,7,1124,419,321,285,1.0,-1,-1,-1
1184,7,1109,97,150,141,1.0,-1,-1,-1
1184,7,1122,411,314,286,1.0,-1,-1,-1
1185,7,1111,97,147,139,1.0,-1,-1,-1
1185,7,1119,406,309,284,1.0,-1,-1,-1
1186,7,1112,98,145,137,1.0,-1,-1,-1
1186,7,1114,389,307,286,1.0,-1,-1,-1
1187,7,1113,99,143,135,1.0,-1,-1,-1
1187,7,1114,389,300,274,1.0,-1,-1,-1
1188,7,1114,99,143,133,1.0,-1,-1,-1
1188,7,1115,386,293,263,1.0,-1,-1,-1
1189,7,1115,98,142,132,1.0,-1,-1,-1
1189,7,1103,388,298,246,1.0,-1,-1,-1
1190,7,1117,97,140,133,1.0,-1,-1,-1
1190,7,1102,381,292,243,1.0,-1,-1,-1
1191,7,1119,96,139,134,1.0,-1,-1,-1
1191,7,1100,372,288,243,1.0,-1,-1,-1
1192,7,1120,95,139,134,1.0,-1,-1,-1
1192,7,1098,362,284,245,1.0,-1,-1,-1
1193,7,1120,94,140,134,1.0,-1,-1,-1
1193,7,1098,354,280,246,1.0,-1,-1,-1
1194,7,1120,92,140,134,1.0,-1,-1,-1
1194,7,1095,350,277,244,1.0,-1,-1,-1
1195,7,1121,91,139,134,1.0,-1,-1,-1
1195,7,1092,336,275,243,1.0,-1,-1,-1
1196,7,1121,89,139,134,1.0,-1,-1,-1
1196,7,1089,334,269,237,1.0,-1,-1,-1
1197,7,1120,88,139,134,1.0,-1,-1,-1
1197,7,1089,329,264,235,1.0,-1,-1,-1
1198,7,1120,87,138,134,1.0,-1,-1,-1
1198,7,1084,323,264,233,1.0,-1,-1,-1
1199,7,1120,85,138,135,1.0,-1,-1,-1
1199,7,1080,317,264,231,1.0,-1,-1,-1
1200,7,1121,84,138,135,1.0,-1,-1,-1
1200,7,1077,314,260,227,1.0,-1,-1,-1
1201,7,1121,83,139,136,1.0,-1,-1,-1
1201,7,1074,309,255,227,1.0,-1,-1,-1
1202,7,1121,82,138,136,1.0,-1,-1,-1
1202,7,1069,303,253,225,1.0,-1,-1,-1
1203,7,1121,81,138,137,1.0,-1,-1,-1
1203,7,1067,298,249,224,1.0,-1,-1,-1
1204,7,1121,80,137,137,1.0,-1,-1,-1
1204,7,1067,293,243,222,1.0,-1,-1,-1
1205,7,1122,80,136,137,1.0,-1,-1,-1
1205,7,1060,291,238,214,1.0,-1,-1,-1
1206,7,1122,80,136,136,1.0,-1,-1,-1
1206,7,1076,270,220,226,1.0,-1,-1,-1
1207,7,1121,80,136,135,1.0,-1,-1,-1
1207,7,1063,269,229,222,1.0,-1,-1,-1
1208,7,1119,80,137,135,1.0,-1,-1,-1
1208,7,1064,266,226,219,1.0,-1,-1,-1
1209,7,1118,79,137,135,1.0,-1,-1,-1
1209,7,1063,266,228,207,1.0,-1,-1,-1
1210,7,1118,79,137,134,1.0,-1,-1,-1
1210,7,1063,266,228,202,1.0,-1,-1,-1
1211,7,1118,79,136,134,1.0,-1,-1,-1
1211,7,1064,254,223,215,1.0,-1,-1,-1
1212,7,1118,78,135,133,1.0,-1,-1,-1
1212,7,1063,247,223,212,1.0,-1,-1,-1
1213,7,1116,82,139,125,1.0,-1,-1,-1
1213,7,1063,240,222,212,1.0,-1,-1,-1
1214,7,1116,82,138,124,1.0,-1,-1,-1
1214,7,1065,240,214,204,1.0,-1,-1,-1
1215,7,1116,82,138,123,1.0,-1,-1,-1
1215,7,1067,237,209,204,1.0,-1,-1,-1
1216,7,1116,82,138,122,1.0,-1,-1,-1
1216,7,1068,236,205,198,1.0,-1,-1,-1
1217,7,1111,80,134,124,1.0,-1,-1,-1
1217,7,1069,236,202,190,1.0,-1,-1,-1
1218,7,1111,80,133,122,1.0,-1,-1,-1
1218,7,1069,234,202,187,1.0,-1,-1,-1
1219,7,1110,79,133,123,1.0,-1,-1,-1
1219,7,1066,231,203,186,1.0,-1,-1,-1
1220,7,1109,78,136,124,1.0,-1,-1,-1
1220,7,1063,228,204,186,1.0,-1,-1,-1
1221,7,1111,74,136,131,1.0,-1,-1,-1
1221,7,1063,216,202,191,1.0,-1,-1,-1
1222,7,1112,73,134,131,1.0,-1,-1,-1
1222,7,1064,213,197,191,1.0,-1,-1,-1
1223,7,1107,78,138,121,1.0,-1,-1,-1
1223,7,1064,209,194,191,1.0,-1,-1,-1
1224,7,1107,78,137,118,1.0,-1,-1,-1
1224,7,1065,207,190,189,1.0,-1,-1,-1
1225,7,1107,79,136,117,1.0,-1,-1,-1
1225,7,1065,206,190,183,1.0,-1,-1,-1
1226,7,1107,79,136,117,1.0,-1,-1,-1
1226,7,1065,204,189,179,1.0,-1,-1,-1
1227,7,1105,78,135,117,1.0,-1,-1,-1
1227,7,1065,203,189,175,1.0,-1,-1,-1
1228,7,1104,78,135,118,1.0,-1,-1,-1
1228,7,1065,202,188,173,1.0,-1,-1,-1
1229,7,1104,78,135,118,1.0,-1,-1,-1
1229,7,1065,201,188,171,1.0,-1,-1,-1
1230,7,1104,78,134,118,1.0,-1,-1,-1
1230,7,1065,200,187,169,1.0,-1,-1,-1
1231,7,1105,78,134,117,1.0,-1,-1,-1
1231,7,1070,191,184,172,1.0,-1,-1,-1
1232,7,1104,69,134,121,1.0,-1,-1,-1
1232,7,1070,190,182,171,1.0,-1,-1,-1
1233,7,1104,70,133,120,1.0,-1,-1,-1
1233,7,1072,189,179,170,1.0,-1,-1,-1
1234,7,1103,70,134,120,1.0,-1,-1,-1
1234,7,1072,186,177,168,1.0,-1,-1,-1
1235,7,1101,69,135,121,1.0,-1,-1,-1
1235,7,1074,183,175,165,1.0,-1,-1,-1
1236,7,1100,68,136,122,1.0,-1,-1,-1
1236,7,1075,180,176,162,1.0,-1,-1,-1
1237,7,1099,69,136,120,1.0,-1,-1,-1
1237,7,1077,179,173,157,1.0,-1,-1,-1
1238,7,1099,70,135,118,1.0,-1,-1,-1
1238,7,1078,180,171,153,1.0,-1,-1,-1
1239,7,1099,70,133,115,1.0,-1,-1,-1
1239,7,1080,180,167,148,1.0,-1,-1,-1
1240,7,1099,70,132,115,1.0,-1,-1,-1
1240,7,1080,179,167,147,1.0,-1,-1,-1
1241,7,1098,69,132,116,1.0,-1,-1,-1
1241,7,1081,179,164,144,1.0,-1,-1,-1
1242,7,1097,68,132,117,1.0,-1,-1,-1
1242,7,1081,179,164,142,1.0,-1,-1,-1
1243,7,1096,68,133,118,1.0,-1,-1,-1
1243,7,1082,180,162,140,1.0,-1,-1,-1
1244,7,1095,68,133,118,1.0,-1,-1,-1
1244,7,1080,163,166,150,1.0,-1,-1,-1
1245,7,1094,67,134,119,1.0,-1,-1,-1
1245,7,1082,162,163,151,1.0,-1,-1,-1
1246,7,1093,67,134,119,1.0,-1,-1,-1
1246,7,1083,159,161,155,1.0,-1,-1,-1
1247,7,1093,66,135,120,1.0,-1,-1,-1
1247,7,1083,160,160,151,1.0,-1,-1,-1
1248,7,1092,66,135,120,1.0,-1,-1,-1
1248,7,1082,158,161,148,1.0,-1,-1,-1
1249,7,1091,65,136,121,1.0,-1,-1,-1
1249,7,1082,156,160,145,1.0,-1,-1,-1
1250,7,1091,65,136,121,1.0,-1,-1,-1
1250,7,1082,153,160,144,1.0,-1,-1,-1
1251,7,1090,64,137,122,1.0,-1,-1,-1
1251,7,1082,151,158,144,1.0,-1,-1,-1
1252,7,1089,64,137,122,1.0,-1,-1,-1
1252,7,1082,149,156,144,1.0,-1,-1,-1
1253,7,1088,63,138,123,1.0,-1,-1,-1
1253,7,1082,149,153,142,1.0,-1,-1,-1
1254,7,1088,63,138,123,1.0,-1,-1,-1
1254,7,1082,148,151,141,1.0,-1,-1,-1
1255,7,1087,62,139,124,1.0,-1,-1,-1
1255,7,1082,148,149,139,1.0,-1,-1,-1
1256,7,1086,62,139,124,1.0,-1,-1,-1
1256,7,1082,145,147,140,1.0,-1,-1,-1
1257,7,1086,61,140,125,1.0,-1,-1,-1
1257,7,1082,144,146,139,1.0,-1,-1,-1
1258,7,1085,61,140,125,1.0,-1,-1,-1
1258,7,1082,141,144,142,1.0,-1,-1,-1
1259,7,1084,60,141,126,1.0,-1,-1,-1
1259,7,1081,140,145,142,1.0,-1,-1,-1
1260,7,1084,60,142,127,1.0,-1,-1,-1
1260,7,1080,140,145,142,1.0,-1,-1,-1
1261,7,1080,133,144,139,1.0,-1,-1,-1
1262,7,1079,135,143,135,1.0,-1,-1,-1
1263,7,1079,135,142,133,1.0,-1,-1,-1
1264,7,1082,58,142,127,1.0,-1,-1,-1
1264,7,1078,137,142,129,1.0,-1,-1,-1
1265,7,1082,58,142,127,1.0,-1,-1,-1
1265,7,1078,136,142,127,1.0,-1,-1,-1
1266,7,1077,135,141,126,1.0,-1,-1,-1
1267,7,1078,133,140,126,1.0,-1,-1,-1
1268,7,1077,130,140,126,1.0,-1,-1,-1
1269,7,1076,128,141,126,1.0,-1,-1,-1
1270,7,1077,126,140,125,1.0,-1,-1,-1
1271,7,1077,125,140,125,1.0,-1,-1,-1
1272,7,1070,123,143,126,1.0,-1,-1,-1
1273,7,1070,122,142,125,1.0,-1,-1,-1
1274,7,1071,121,142,126,1.0,-1,-1,-1
1275,7,1071,119,142,126,1.0,-1,-1,-1
1276,7,1071,118,141,126,1.0,-1,-1,-1
1277,7,1071,117,141,125,1.0,-1,-1,-1
1278,7,1071,116,141,125,1.0,-1,-1,-1
1279,7,1072,114,141,125,1.0,-1,-1,-1
1280,7,1072,113,141,125,1.0,-1,-1,-1
1281,7,1072,112,140,125,1.0,-1,-1,-1
1282,7,1072,111,140,125,1.0,-1,-1,-1
1283,7,1072,109,140,124,1.0,-1,-1,-1
1284,7,1072,108,140,124,1.0,-1,-1,-1
1285,7,1073,107,140,124,1.0,-1,-1,-1
1286,7,1073,106,140,124,1.0,-1,-1,-1
1287,7,1073,104,139,124,1.0,-1,-1,-1
1288,7,1073,103,139,123,1.0,-1,-1,-1
1289,7,1073,102,139,123,1.0,-1,-1,-1
1290,7,1073,101,139,123,1.0,-1,-1,-1
1291,7,1073,99,139,123,1.0,-1,-1,-1
1292,7,1074,98,139,123,1.0,-1,-1,-1
1293,7,1074,97,138,122,1.0,-1,-1,-1
1294,7,1074,96,138,122,1.0,-1,-1,-1
1295,7,1074,94,138,122,1.0,-1,-1,-1
1296,7,1074,93,138,122,1.0,-1,-1,-1
1297,7,1074,92,138,122,1.0,-1,-1,-1
1298,7,1075,91,138,122,1.0,-1,-1,-1
1299,7,1075,90,137,121,1.0,-1,-1,-1
1300,7,1075,89,136,121,1.0,-1,-1,-1
1301,7,1076,89,136,121,1.0,-1,-1,-1
1302,7,1076,88,135,120,1.0,-1,-1,-1
1303,7,1076,88,135,120,1.0,-1,-1,-1
1304,7,1077,87,134,120,1.0,-1,-1,-1
1305,7,1077,87,134,119,1.0,-1,-1,-1
1306,7,1078,86,133,119,1.0,-1,-1,-1
1307,7,1078,85,133,119,1.0,-1,-1,-1
1308,7,1078,85,132,118,1.0,-1,-1,-1
1309,7,1079,84,132,118,1.0,-1,-1,-1
1310,7,1079,84,131,118,1.0,-1,-1,-1
1311,7,1080,83,131,117,1.0,-1,-1,-1
1312,7,1080,83,130,117,1.0,-1,-1,-1
1313,7,1080,82,129,117,1.0,-1,-1,-1
1314,7,1081,81,129,116,1.0,-1,-1,-1
1315,7,1081,81,128,116,1.0,-1,-1,-1
1316,7,1082,80,128,116,1.0,-1,-1,-1
1317,7,1082,80,127,115,1.0,-1,-1,-1
1318,7,1082,79,127,115,1.0,-1,-1,-1
1319,7,1083,79,126,115,1.0,-1,-1,-1
1320,7,1083,78,126,114,1.0,-1,-1,-1
1321,7,1084,77,125,114,1.0,-1,-1,-1
1322,7,1084,77,125,114,1.0,-1,-1,-1
1323,7,1084,76,124,113,1.0,-1,-1,-1
1324,7,1085,76,124,113,1.0,-1,-1,-1
1325,7,1085,75,123,113,1.0,-1,-1,-1
1326,7,1086,75,123,113,1.0,-1,-1,-1
1327,7,1085,74,123,112,1.0,-1,-1,-1
1328,7,1085,74,123,112,1.0,-1,-1,-1
1329,7,1085,74,123,112,1.0,-1,-1,-1
1330,7,1085,74,123,112,1.0,-1,-1,-1
1331,7,1085,74,123,112,1.0,-1,-1,-1
1332,7,1084,74,123,112,1.0,-1,-1,-1
1333,7,1084,74,123,112,1.0,-1,-1,-1
1334,7,1084,74,123,112,1.0,-1,-1,-1
1335,7,1084,74,123,112,1.0,-1,-1,-1
1336,7,1084,74,124,112,1.0,-1,-1,-1
1337,7,1084,74,124,112,1.0,-1,-1,-1
1338,7,1083,74,124,112,1.0,-1,-1,-1
1339,7,1083,74,124,112,1.0,-1,-1,-1
1340,7,1083,74,124,112,1.0,-1,-1,-1
1341,7,1083,74,124,112,1.0,-1,-1,-1
1342,7,1083,74,124,112,1.0,-1,-1,-1
1343,7,1083,74,124,112,1.0,-1,-1,-1
1344,7,1082,74,124,112,1.0,-1,-1,-1
1345,7,1021,20,127,113,1.0,-1,-1,-1
1345,7,1082,74,124,112,1.0,-1,-1,-1
1346,7,1019,18,127,113,1.0,-1,-1,-1
1346,7,1082,74,125,112,1.0,-1,-1,-1
1347,7,1017,17,127,114,1.0,-1,-1,-1
1347,7,1082,74,125,112,1.0,-1,-1,-1
1348,7,1015,16,127,114,1.0,-1,-1,-1
1348,7,1082,74,125,112,1.0,-1,-1,-1
1349,7,1013,14,127,114,1.0,-1,-1,-1
1349,7,1082,74,125,112,1.0,-1,-1,-1
1350,7,1011,13,127,114,1.0,-1,-1,-1
1350,7,1081,74,125,112,1.0,-1,-1,-1
1351,7,1009,12,127,115,1.0,-1,-1,-1
1351,7,1081,74,125,112,1.0,-1,-1,-1
1352,7,1007,10,127,115,1.0,-1,-1,-1
1352,7,1081,74,125,112,1.0,-1,-1,-1
1353,7,1005,9,127,115,1.0,-1,-1,-1
1353,7,1081,74,125,112,1.0,-1,-1,-1
1354,7,1003,8,127,116,1.0,-1,-1,-1
1354,7,1081,74,125,112,1.0,-1,-1,-1
1355,7,1001,6,126,116,1.0,-1,-1,-1
1355,7,1081,74,126,112,1.0,-1,-1,-1
1356,7,999,5,126,116,1.0,-1,-1,-1
1356,7,1081,74,126,112,1.0,-1,-1,-1
1357,7,997,3,126,116,1.0,-1,-1,-1
1357,7,1081,74,126,112,1.0,-1,-1,-1
1358,7,995,2,126,117,1.0,-1,-1,-1
1358,7,1081,74,126,112,1.0,-1,-1,-1
1359,7,993,1,126,117,1.0,-1,-1,-1
1359,7,1081,74,126,112,1.0,-1,-1,-1
1360,7,991,0,126,117,1.0,-1,-1,-1
1360,7,1081,74,126,112,1.0,-1,-1,-1
1361,7,989,0,126,117,1.0,-1,-1,-1
1361,7,1081,74,126,112,1.0,-1,-1,-1
1362,7,987,0,126,118,1.0,-1,-1,-1
1362,7,1081,74,126,112,1.0,-1,-1,-1
1363,7,985,0,126,118,1.0,-1,-1,-1
1363,7,1081,74,126,112,1.0,-1,-1,-1
1364,7,983,0,126,118,1.0,-1,-1,-1
1364,7,1081,74,126,112,1.0,-1,-1,-1
1365,7,982,0,126,119,1.0,-1,-1,-1
1365,7,1081,74,126,112,1.0,-1,-1,-1
1366,7,980,0,125,118,1.0,-1,-1,-1
1366,7,1081,74,126,112,1.0,-1,-1,-1
1367,7,979,0,124,117,1.0,-1,-1,-1
1367,7,1081,74,126,112,1.0,-1,-1,-1
1368,7,977,0,124,116,1.0,-1,-1,-1
1368,7,1081,74,126,112,1.0,-1,-1,-1
1369,7,976,0,123,115,1.0,-1,-1,-1
1369,7,1081,74,126,112,1.0,-1,-1,-1
1370,7,974,0,123,114,1.0,-1,-1,-1
1370,7,1081,74,126,112,1.0,-1,-1,-1
1371,7,973,0,122,113,1.0,-1,-1,-1
1371,7,1081,74,126,112,1.0,-1,-1,-1
1372,7,1081,74,126,112,1.0,-1,-1,-1
1373,7,1081,74,126,112,1.0,-1,-1,-1
1374,7,1081,74,126,112,1.0,-1,-1,-1
1375,7,1081,74,126,112,1.0,-1,-1,-1
1376,7,1081,74,126,112,1.0,-1,-1,-1
1377,7,1081,74,126,112,1.0,-1,-1,-1
1378,7,1081,74,126,112,1.0,-1,-1,-1
1379,7,1081,74,126,112,1.0,-1,-1,-1
1380,7,1081,74,126,112,1.0,-1,-1,-1
1381,7,1081,74,126,112,1.0,-1,-1,-1
1382,7,1081,74,126,112,1.0,-1,-1,-1
1383,7,1081,74,126,112,1.0,-1,-1,-1
1384,7,1081,74,126,112,1.0,-1,-1,-1
1385,7,1081,74,126,112,1.0,-1,-1,-1
1386,7,1081,74,126,112,1.0,-1,-1,-1
1387,7,1081,74,126,112,1.0,-1,-1,-1
1388,7,1081,74,126,112,1.0,-1,-1,-1
1389,7,1081,74,126,112,1.0,-1,-1,-1
1390,7,1081,74,126,112,1.0,-1,-1,-1
1391,7,1081,74,126,112,1.0,-1,-1,-1
1392,7,1081,74,126,112,1.0,-1,-1,-1
1392,10,705,65,211,117,1.0,-1,-1,-1
1393,7,1081,74,126,112,1.0,-1,-1,-1
1393,10,721,66,207,115,1.0,-1,-1,-1
1394,7,1081,74,126,112,1.0,-1,-1,-1
1394,10,737,67,203,114,1.0,-1,-1,-1
1395,7,1081,74,126,112,1.0,-1,-1,-1
1395,10,754,68,200,112,1.0,-1,-1,-1
1396,7,1081,74,126,112,1.0,-1,-1,-1
1396,10,770,69,196,111,1.0,-1,-1,-1
1397,7,1081,74,126,112,1.0,-1,-1,-1
1397,10,786,70,192,109,1.0,-1,-1,-1
1398,7,1081,74,126,112,1.0,-1,-1,-1
1398,10,803,71,189,108,1.0,-1,-1,-1
1399,7,1081,74,126,112,1.0,-1,-1,-1
1399,10,810,71,185,107,1.0,-1,-1,-1
1400,7,1081,74,126,112,1.0,-1,-1,-1
1400,10,817,71,182,107,1.0,-1,-1,-1
1401,7,1081,74,126,112,1.0,-1,-1,-1
1401,10,824,72,179,107,1.0,-1,-1,-1
1402,7,1081,74,126,112,1.0,-1,-1,-1
1402,10,831,72,176,107,1.0,-1,-1,-1
1403,7,1081,74,126,112,1.0,-1,-1,-1
1403,10,838,73,172,107,1.0,-1,-1,-1
1404,7,1081,74,126,112,1.0,-1,-1,-1
1404,10,845,73,169,107,1.0,-1,-1,-1
1405,7,1081,74,126,112,1.0,-1,-1,-1
1405,10,852,74,166,107,1.0,-1,-1,-1
1406,7,1081,74,126,112,1.0,-1,-1,-1
1406,10,859,74,163,107,1.0,-1,-1,-1
1407,7,1081,74,126,112,1.0,-1,-1,-1
1407,10,866,74,159,107,1.0,-1,-1,-1
1408,7,1081,74,126,112,1.0,-1,-1,-1
1408,10,873,75,156,107,1.0,-1,-1,-1
1409,7,1081,74,126,112,1.0,-1,-1,-1
1409,10,880,75,153,107,1.0,-1,-1,-1
1410,7,1080,73,127,112,1.0,-1,-1,-1
1410,10,887,76,150,107,1.0,-1,-1,-1
1411,7,1080,72,128,113,1.0,-1,-1,-1
1411,10,894,76,146,107,1.0,-1,-1,-1
1412,7,1079,72,129,113,1.0,-1,-1,-1
1412,10,901,77,143,107,1.0,-1,-1,-1
1413,7,1079,71,130,114,1.0,-1,-1,-1
1413,10,908,77,140,107,1.0,-1,-1,-1
1414,7,1078,70,131,115,1.0,-1,-1,-1
1414,10,915,78,137,107,1.0,-1,-1,-1
1415,7,1078,70,132,115,1.0,-1,-1,-1
1415,10,915,78,136,108,1.0,-1,-1,-1
1416,7,1077,69,133,116,1.0,-1,-1,-1
1416,10,916,78,135,109,1.0,-1,-1,-1
1417,7,1077,69,134,117,1.0,-1,-1,-1
1417,10,917,79,134,110,1.0,-1,-1,-1
1418,7,1076,68,133,116,1.0,-1,-1,-1
1418,10,918,79,133,111,1.0,-1,-1,-1
1419,7,1075,68,133,116,1.0,-1,-1,-1
1419,10,919,79,133,112,1.0,-1,-1,-1
1420,7,1075,68,133,115,1.0,-1,-1,-1
1420,10,920,80,132,113,1.0,-1,-1,-1
1421,7,1074,68,132,115,1.0,-1,-1,-1
1421,10,921,80,131,114,1.0,-1,-1,-1
1422,7,1074,68,132,115,1.0,-1,-1,-1
1422,10,922,80,130,115,1.0,-1,-1,-1
1423,7,1073,67,132,114,1.0,-1,-1,-1
1423,10,921,81,131,116,1.0,-1,-1,-1
1424,7,1073,67,131,114,1.0,-1,-1,-1
1424,10,920,81,131,116,1.0,-1,-1,-1
1425,7,1072,67,131,114,1.0,-1,-1,-1
1425,10,919,82,132,115,1.0,-1,-1,-1
1426,7,1072,67,131,113,1.0,-1,-1,-1
1426,10,918,83,133,116,1.0,-1,-1,-1
1427,7,1071,67,131,113,1.0,-1,-1,-1
1427,10,917,84,134,116,1.0,-1,-1,-1
1428,7,1070,67,130,113,1.0,-1,-1,-1
1428,10,915,85,135,117,1.0,-1,-1,-1
1429,7,1070,66,130,112,1.0,-1,-1,-1
1429,10,914,86,135,117,1.0,-1,-1,-1
1430,7,1069,66,130,112,1.0,-1,-1,-1
1430,10,914,87,135,117,1.0,-1,-1,-1
1431,7,1069,66,129,112,1.0,-1,-1,-1
1431,10,914,89,135,118,1.0,-1,-1,-1
1432,7,1068,66,129,111,1.0,-1,-1,-1
1432,10,913,89,136,119,1.0,-1,-1,-1
1433,7,1068,66,129,111,1.0,-1,-1,-1
1433,10,912,90,136,118,1.0,-1,-1,-1
1434,7,1067,65,129,110,1.0,-1,-1,-1
1434,10,911,91,137,117,1.0,-1,-1,-1
1435,7,1067,65,128,110,1.0,-1,-1,-1
1435,10,911,92,137,116,1.0,-1,-1,-1
1436,7,1066,65,128,110,1.0,-1,-1,-1
1436,10,910,93,138,116,1.0,-1,-1,-1
1437,7,1065,65,128,109,1.0,-1,-1,-1
1437,10,910,94,138,116,1.0,-1,-1,-1
1438,7,1065,65,127,109,1.0,-1,-1,-1
1438,10,909,95,139,116,1.0,-1,-1,-1
1439,7,1064,65,127,109,1.0,-1,-1,-1
1439,10,909,96,139,115,1.0,-1,-1,-1
1440,7,1064,64,127,108,1.0,-1,-1,-1
1440,10,909,97,139,115,1.0,-1,-1,-1
1441,10,909,98,139,114,1.0,-1,-1,-1
1442,10,910,100,139,114,1.0,-1,-1,-1
1443,10,909,101,140,115,1.0,-1,-1,-1
1444,10,909,102,140,116,1.0,-1,-1,-1
1445,10,909,104,140,116,1.0,-1,-1,-1
1446,10,908,106,141,116,1.0,-1,-1,-1
1447,10,909,106,140,117,1.0,-1,-1,-1
1448,10,910,106,139,118,1.0,-1,-1,-1
1449,10,910,107,138,118,1.0,-1,-1,-1
1450,10,911,107,137,118,1.0,-1,-1,-1
1451,10,910,108,137,119,1.0,-1,-1,-1
1452,10,910,107,137,119,1.0,-1,-1,-1
1453,10,910,108,137,119,1.0,-1,-1,-1
1454,10,906,108,144,134,1.0,-1,-1,-1
1455,10,906,107,144,136,1.0,-1,-1,-1
1456,10,906,108,144,137,1.0,-1,-1,-1
1457,10,906,110,144,136,1.0,-1,-1,-1
1458,10,906,112,145,136,1.0,-1,-1,-1
1459,10,905,115,145,133,1.0,-1,-1,-1
1460,10,905,117,145,132,1.0,-1,-1,-1
1461,10,905,120,145,130,1.0,-1,-1,-1
1462,10,904,123,145,127,1.0,-1,-1,-1
1463,10,904,125,145,127,1.0,-1,-1,-1
1464,10,903,127,146,126,1.0,-1,-1,-1
1465,10,903,127,147,127,1.0,-1,-1,-1
1466,10,903,129,147,127,1.0,-1,-1,-1
1467,10,902,132,147,126,1.0,-1,-1,-1
1468,10,901,134,148,126,1.0,-1,-1,-1
1469,10,900,136,149,126,1.0,-1,-1,-1
1470,10,899,137,151,127,1.0,-1,-1,-1
1471,10,898,138,154,128,1.0,-1,-1,-1
1472,10,896,138,154,128,1.0,-1,-1,-1
1473,10,896,139,156,129,1.0,-1,-1,-1
1474,10,896,140,154,142,1.0,-1,-1,-1
1475,10,895,142,157,140,1.0,-1,-1,-1
1476,10,893,145,158,137,1.0,-1,-1,-1
1477,10,891,147,161,135,1.0,-1,-1,-1
1478,10,889,149,163,135,1.0,-1,-1,-1
1479,10,888,151,165,135,1.0,-1,-1,-1
1480,10,886,153,166,135,1.0,-1,-1,-1
1481,10,885,155,168,135,1.0,-1,-1,-1
1482,10,882,157,170,136,1.0,-1,-1,-1
1483,10,880,159,172,136,1.0,-1,-1,-1
1484,10,878,161,175,139,1.0,-1,-1,-1
1485,10,877,164,176,140,1.0,-1,-1,-1
1486,10,876,165,176,143,1.0,-1,-1,-1
1487,10,876,167,175,143,1.0,-1,-1,-1
1488,10,877,168,173,142,1.0,-1,-1,-1
1489,10,875,177,176,142,1.0,-1,-1,-1
1490,10,876,179,175,141,1.0,-1,-1,-1
1491,10,877,182,174,141,1.0,-1,-1,-1
1492,10,876,183,175,143,1.0,-1,-1,-1
1493,10,869,185,176,144,1.0,-1,-1,-1
1494,10,873,185,179,148,1.0,-1,-1,-1
1495,10,864,191,186,145,1.0,-1,-1,-1
1496,10,861,192,190,150,1.0,-1,-1,-1
1497,10,860,194,192,154,1.0,-1,-1,-1
1498,10,859,195,193,156,1.0,-1,-1,-1
1499,10,860,197,193,154,1.0,-1,-1,-1
1500,10,861,201,191,150,1.0,-1,-1,-1
1501,10,858,209,197,158,1.0,-1,-1,-1
1502,10,858,212,196,160,1.0,-1,-1,-1
1503,10,858,214,195,162,1.0,-1,-1,-1
1504,10,858,216,197,164,1.0,-1,-1,-1
1505,10,857,219,199,168,1.0,-1,-1,-1
1506,10,855,221,203,172,1.0,-1,-1,-1
1507,10,854,223,203,175,1.0,-1,-1,-1
1508,10,854,226,202,173,1.0,-1,-1,-1
1509,10,855,234,203,183,1.0,-1,-1,-1
1510,10,854,238,203,183,1.0,-1,-1,-1
1511,10,852,244,207,183,1.0,-1,-1,-1
1512,10,846,249,216,185,1.0,-1,-1,-1
1513,10,842,253,222,185,1.0,-1,-1,-1
1514,10,840,256,226,186,1.0,-1,-1,-1
1515,10,844,268,221,187,1.0,-1,-1,-1
1516,10,843,270,222,190,1.0,-1,-1,-1
1517,10,839,275,230,193,1.0,-1,-1,-1
1518,10,836,280,234,195,1.0,-1,-1,-1
1519,10,834,278,237,208,1.0,-1,-1,-1
1520,10,841,297,228,198,1.0,-1,-1,-1
1521,10,839,301,231,200,1.0,-1,-1,-1
1522,10,837,306,235,203,1.0,-1,-1,-1
1523,10,833,313,241,206,1.0,-1,-1,-1
1524,10,827,318,251,210,1.0,-1,-1,-1
1525,10,821,325,258,215,1.0,-1,-1,-1
1526,10,816,330,264,220,1.0,-1,-1,-1
1527,10,814,335,265,224,1.0,-1,-1,-1
1528,10,812,340,266,227,1.0,-1,-1,-1
1529,10,808,341,268,235,1.0,-1,-1,-1
1530,10,806,360,270,232,1.0,-1,-1,-1
1531,10,802,365,275,240,1.0,-1,-1,-1
1532,10,796,373,281,244,1.0,-1,-1,-1
1533,10,788,382,289,243,1.0,-1,-1,-1
1534,10,779,390,298,246,1.0,-1,-1,-1
1535,10,771,398,304,252,1.0,-1,-1,-1
1536,10,767,399,308,264,1.0,-1,-1,-1
1537,10,761,420,316,265,1.0,-1,-1,-1
1538,10,758,428,320,267,1.0,-1,-1,-1
1539,10,752,439,327,267,1.0,-1,-1,-1
1540,10,745,450,333,272,1.0,-1,-1,-1
1541,10,734,454,340,290,1.0,-1,-1,-1
1542,10,728,474,344,292,1.0,-1,-1,-1
1543,10,720,475,353,302,1.0,-1,-1,-1
1544,10,711,483,364,311,1.0,-1,-1,-1
1545,10,700,503,361,310,1.0,-1,-1,-1
1546,10,690,510,372,323,1.0,-1,-1,-1
1547,10,673,540,388,316,1.0,-1,-1,-1
1548,10,662,551,389,325,1.0,-1,-1,-1
1549,10,647,569,395,326,1.0,-1,-1,-1
1550,10,614,567,430,359,1.0,-1,-1,-1
1551,10,589,600,436,367,1.0,-1,-1,-1
1552,10,564,609,441,386,1.0,-1,-1,-1
1553,10,538,620,449,401,1.0,-1,-1,-1
1554,10,492,640,464,407,1.0,-1,-1,-1
1555,10,459,661,487,407,1.0,-1,-1,-1
1556,10,410,683,514,395,1.0,-1,-1,-1
1562,11,926,76,126,109,1.0,-1,-1,-1
1563,11,925,76,127,110,1.0,-1,-1,-1
1564,11,925,76,127,110,1.0,-1,-1,-1
1565,11,901,73,154,111,1.0,-1,-1,-1
1569,11,929,76,124,111,1.0,-1,-1,-1
1570,11,928,76,125,112,1.0,-1,-1,-1
1571,11,928,76,125,112,1.0,-1,-1,-1
1572,11,927,76,125,113,1.0,-1,-1,-1
1573,11,930,76,125,119,1.0,-1,-1,-1
1574,11,929,76,127,119,1.0,-1,-1,-1
1575,11,927,76,129,119,1.0,-1,-1,-1
1576,11,927,77,129,119,1.0,-1,-1,-1
1577,11,928,77,127,119,1.0,-1,-1,-1
1578,11,928,78,127,119,1.0,-1,-1,-1
1579,11,927,78,128,120,1.0,-1,-1,-1
1580,11,925,78,131,122,1.0,-1,-1,-1
1581,11,925,79,132,123,1.0,-1,-1,-1
1582,11,924,81,132,122,1.0,-1,-1,-1
1583,11,924,82,132,122,1.0,-1,-1,-1
1584,11,922,83,134,124,1.0,-1,-1,-1
1585,11,921,84,135,125,1.0,-1,-1,-1
1586,11,920,85,135,124,1.0,-1,-1,-1
1587,11,919,87,135,123,1.0,-1,-1,-1
1588,11,919,88,136,123,1.0,-1,-1,-1
1589,11,918,89,136,123,1.0,-1,-1,-1
1590,11,917,89,137,123,1.0,-1,-1,-1
1591,11,916,90,137,123,1.0,-1,-1,-1
1592,11,916,90,138,124,1.0,-1,-1,-1
1593,11,915,91,139,124,1.0,-1,-1,-1
1594,11,915,93,139,125,1.0,-1,-1,-1
1595,11,915,94,140,127,1.0,-1,-1,-1
1596,11,914,95,140,128,1.0,-1,-1,-1
1597,11,914,96,140,129,1.0,-1,-1,-1
1598,11,913,98,140,129,1.0,-1,-1,-1
1599,11,913,99,140,129,1.0,-1,-1,-1
1600,11,912,100,140,128,1.0,-1,-1,-1
1601,11,912,99,141,130,1.0,-1,-1,-1
1602,11,912,99,140,131,1.0,-1,-1,-1
1603,11,913,100,139,131,1.0,-1,-1,-1
1604,11,913,101,138,131,1.0,-1,-1,-1
1605,11,913,101,137,131,1.0,-1,-1,-1
1606,11,912,101,137,131,1.0,-1,-1,-1
1607,11,911,103,143,143,1.0,-1,-1,-1
1608,11,909,103,144,145,1.0,-1,-1,-1
1609,11,908,103,145,146,1.0,-1,-1,-1
1610,11,908,104,145,145,1.0,-1,-1,-1
1611,11,908,107,145,143,1.0,-1,-1,-1
1612,11,909,109,145,141,1.0,-1,-1,-1
1613,11,909,112,145,139,1.0,-1,-1,-1
1614,11,909,114,146,138,1.0,-1,-1,-1
1615,11,909,120,147,135,1.0,-1,-1,-1
1616,11,908,126,146,131,1.0,-1,-1,-1
1617,11,907,132,147,127,1.0,-1,-1,-1
1618,11,906,134,147,126,1.0,-1,-1,-1
1619,11,905,133,149,129,1.0,-1,-1,-1
1620,11,906,131,151,135,1.0,-1,-1,-1
1621,11,906,130,153,140,1.0,-1,-1,-1
1622,11,906,128,155,145,1.0,-1,-1,-1
1623,11,904,127,157,148,1.0,-1,-1,-1
1624,11,904,126,159,151,1.0,-1,-1,-1
1625,11,904,127,159,152,1.0,-1,-1,-1
1626,11,904,127,158,153,1.0,-1,-1,-1
1627,11,905,136,154,151,1.0,-1,-1,-1
1628,11,905,137,154,150,1.0,-1,-1,-1
1629,11,904,137,156,151,1.0,-1,-1,-1
1630,11,903,138,159,152,1.0,-1,-1,-1
1631,11,902,139,162,154,1.0,-1,-1,-1
1632,11,901,141,165,155,1.0,-1,-1,-1
1633,11,901,143,167,156,1.0,-1,-1,-1
1634,11,901,144,169,157,1.0,-1,-1,-1
1635,11,901,145,170,160,1.0,-1,-1,-1
1636,11,902,148,170,159,1.0,-1,-1,-1
1637,11,902,150,171,161,1.0,-1,-1,-1
1638,11,904,153,169,162,1.0,-1,-1,-1
1639,11,906,153,168,167,1.0,-1,-1,-1
1640,11,906,154,169,169,1.0,-1,-1,-1
1641,11,907,154,169,171,1.0,-1,-1,-1
1642,11,907,155,169,170,1.0,-1,-1,-1
1643,11,906,167,172,163,1.0,-1,-1,-1
1644,11,905,168,175,164,1.0,-1,-1,-1
1645,11,905,170,177,165,1.0,-1,-1,-1
1646,11,903,172,180,166,1.0,-1,-1,-1
1647,11,903,174,179,170,1.0,-1,-1,-1
1648,11,902,174,182,175,1.0,-1,-1,-1
1649,11,902,175,182,181,1.0,-1,-1,-1
1650,11,900,176,184,186,1.0,-1,-1,-1
1651,11,899,180,185,186,1.0,-1,-1,-1
1652,11,898,182,187,185,1.0,-1,-1,-1
1653,11,897,195,192,181,1.0,-1,-1,-1
1654,11,895,194,195,187,1.0,-1,-1,-1
1655,11,895,195,195,191,1.0,-1,-1,-1
1656,11,894,198,194,192,1.0,-1,-1,-1
1657,11,895,199,192,195,1.0,-1,-1,-1
1658,11,894,203,192,199,1.0,-1,-1,-1
1659,11,890,206,197,201,1.0,-1,-1,-1
1660,11,886,210,201,200,1.0,-1,-1,-1
1661,11,881,225,208,196,1.0,-1,-1,-1
1662,11,878,225,209,202,1.0,-1,-1,-1
1663,11,874,227,211,206,1.0,-1,-1,-1
1664,11,869,231,219,208,1.0,-1,-1,-1
1665,11,866,235,222,209,1.0,-1,-1,-1
1666,11,866,236,221,222,1.0,-1,-1,-1
1667,11,863,242,222,221,1.0,-1,-1,-1
1668,11,858,247,225,220,1.0,-1,-1,-1
1669,11,855,254,226,219,1.0,-1,-1,-1
1670,11,854,260,225,220,1.0,-1,-1,-1
1671,11,853,267,224,221,1.0,-1,-1,-1
1672,11,838,266,236,229,1.0,-1,-1,-1
1673,11,842,290,229,214,1.0,-1,-1,-1
1674,11,843,292,226,219,1.0,-1,-1,-1
1675,11,838,298,233,223,1.0,-1,-1,-1
1676,11,830,305,244,226,1.0,-1,-1,-1
1677,11,820,310,255,231,1.0,-1,-1,-1
1678,11,812,314,262,237,1.0,-1,-1,-1
1679,11,807,319,265,242,1.0,-1,-1,-1
1680,11,801,325,269,246,1.0,-1,-1,-1
1681,11,792,329,277,254,1.0,-1,-1,-1
1682,11,780,328,285,264,1.0,-1,-1,-1
1683,11,777,337,282,274,1.0,-1,-1,-1
1684,11,773,345,279,275,1.0,-1,-1,-1
1685,11,765,353,282,278,1.0,-1,-1,-1
1686,11,756,361,287,285,1.0,-1,-1,-1
1687,11,748,368,292,294,1.0,-1,-1,-1
1688,11,744,376,296,299,1.0,-1,-1,-1
1689,11,725,379,309,308,1.0,-1,-1,-1
1690,11,722,396,311,308,1.0,-1,-1,-1
1691,11,712,402,315,314,1.0,-1,-1,-1
1692,11,700,416,321,314,1.0,-1,-1,-1
1693,11,683,428,332,321,1.0,-1,-1,-1
1694,11,668,437,341,330,1.0,-1,-1,-1
1695,11,656,452,346,335,1.0,-1,-1,-1
1696,11,643,449,357,354,1.0,-1,-1,-1
1697,11,624,470,359,343,1.0,-1,-1,-1
1698,11,607,487,370,342,1.0,-1,-1,-1
1699,11,567,480,421,386,1.0,-1,-1,-1
1700,11,552,498,419,384,1.0,-1,-1,-1
1701,11,540,513,422,389,1.0,-1,-1,-1
1702,11,509,537,434,386,1.0,-1,-1,-1
1703,11,489,549,442,392,1.0,-1,-1,-1
1704,11,457,584,442,400,1.0,-1,-1,-1
1705,11,421,596,450,411,1.0,-1,-1,-1
1706,11,391,608,458,425,1.0,-1,-1,-1
1707,11,336,630,470,427,1.0,-1,-1,-1
1708,11,293,643,503,434,1.0,-1,-1,-1
2023,30,897,87,133,106,1.0,-1,-1,-1
2024,30,896,87,135,106,1.0,-1,-1,-1
2025,30,897,88,133,105,1.0,-1,-1,-1
2032,30,898,92,131,105,1.0,-1,-1,-1
2033,30,899,93,130,106,1.0,-1,-1,-1
2045,30,898,96,130,115,1.0,-1,-1,-1
2046,30,898,97,130,114,1.0,-1,-1,-1
2047,30,897,98,132,113,1.0,-1,-1,-1
2048,30,896,101,132,111,1.0,-1,-1,-1
2049,30,894,101,126,110,1.0,-1,-1,-1
2050,30,894,102,127,109,1.0,-1,-1,-1
2051,30,894,103,126,109,1.0,-1,-1,-1
2054,30,893,105,127,109,1.0,-1,-1,-1
2055,30,892,105,129,109,1.0,-1,-1,-1
2056,30,891,105,130,110,1.0,-1,-1,-1
2057,30,891,105,130,113,1.0,-1,-1,-1
2058,30,890,105,129,115,1.0,-1,-1,-1
2059,30,890,106,129,115,1.0,-1,-1,-1
2060,30,888,106,130,116,1.0,-1,-1,-1
2061,30,887,118,132,109,1.0,-1,-1,-1
2062,30,886,117,132,110,1.0,-1,-1,-1
2063,30,883,118,133,111,1.0,-1,-1,-1
2064,30,880,118,134,113,1.0,-1,-1,-1
2065,30,879,118,135,115,1.0,-1,-1,-1
2066,30,879,118,135,115,1.0,-1,-1,-1
2067,30,878,119,135,116,1.0,-1,-1,-1
2068,30,876,120,136,117,1.0,-1,-1,-1
2069,30,875,122,137,118,1.0,-1,-1,-1
2070,30,874,123,137,119,1.0,-1,-1,-1
2071,30,875,123,137,121,1.0,-1,-1,-1
2072,30,875,124,137,123,1.0,-1,-1,-1
2073,30,875,124,137,123,1.0,-1,-1,-1
2074,30,874,124,137,124,1.0,-1,-1,-1
2075,30,873,125,138,124,1.0,-1,-1,-1
2076,30,872,126,138,123,1.0,-1,-1,-1
2077,30,871,125,145,128,1.0,-1,-1,-1
2078,13,1255,671,475,407,1.0,-1,-1,-1
2078,30,871,128,145,126,1.0,-1,-1,-1
2079,13,1262,655,464,416,1.0,-1,-1,-1
2079,30,872,128,144,127,1.0,-1,-1,-1
2080,13,1268,638,453,420,1.0,-1,-1,-1
2080,30,872,130,143,127,1.0,-1,-1,-1
2081,13,1271,627,447,420,1.0,-1,-1,-1
2081,30,872,132,143,127,1.0,-1,-1,-1
2082,13,1271,619,442,413,1.0,-1,-1,-1
2082,30,872,135,142,126,1.0,-1,-1,-1
2083,13,1267,611,443,402,1.0,-1,-1,-1
2083,30,871,137,142,125,1.0,-1,-1,-1
2084,13,1244,604,446,384,1.0,-1,-1,-1
2084,30,870,138,142,125,1.0,-1,-1,-1
2085,13,1246,597,439,370,1.0,-1,-1,-1
2085,30,869,139,142,126,1.0,-1,-1,-1
2086,13,1241,595,442,357,1.0,-1,-1,-1
2086,30,868,137,142,129,1.0,-1,-1,-1
2087,13,1246,571,423,359,1.0,-1,-1,-1
2087,30,867,137,142,131,1.0,-1,-1,-1
2088,13,1244,567,416,358,1.0,-1,-1,-1
2088,30,869,141,139,139,1.0,-1,-1,-1
2089,13,1252,558,386,338,1.0,-1,-1,-1
2089,30,868,141,138,139,1.0,-1,-1,-1
2090,13,1247,545,383,342,1.0,-1,-1,-1
2090,30,867,142,138,141,1.0,-1,-1,-1
2091,13,1242,529,382,351,1.0,-1,-1,-1
2091,30,867,143,138,140,1.0,-1,-1,-1
2092,13,1238,520,381,354,1.0,-1,-1,-1
2092,30,867,144,138,140,1.0,-1,-1,-1
2093,13,1236,506,370,335,1.0,-1,-1,-1
2093,30,866,145,138,139,1.0,-1,-1,-1
2094,13,1232,494,366,337,1.0,-1,-1,-1
2094,30,865,148,139,138,1.0,-1,-1,-1
2095,13,1204,477,381,341,1.0,-1,-1,-1
2095,30,863,149,141,138,1.0,-1,-1,-1
2096,13,1206,465,368,343,1.0,-1,-1,-1
2096,30,862,152,143,136,1.0,-1,-1,-1
2097,13,1208,460,357,337,1.0,-1,-1,-1
2097,30,861,153,144,136,1.0,-1,-1,-1
2098,13,1207,460,349,323,1.0,-1,-1,-1
2098,30,859,155,145,135,1.0,-1,-1,-1
2099,13,1197,443,351,322,1.0,-1,-1,-1
2099,30,857,158,148,135,1.0,-1,-1,-1
2100,13,1195,441,343,316,1.0,-1,-1,-1
2100,30,856,161,149,135,1.0,-1,-1,-1
2101,13,1190,436,340,308,1.0,-1,-1,-1
2101,30,855,164,151,135,1.0,-1,-1,-1
2102,13,1190,429,334,301,1.0,-1,-1,-1
2102,30,854,166,151,135,1.0,-1,-1,-1
2103,13,1187,418,330,303,1.0,-1,-1,-1
2103,30,852,168,155,136,1.0,-1,-1,-1
2104,13,1186,407,324,306,1.0,-1,-1,-1
2104,30,850,170,156,135,1.0,-1,-1,-1
2105,13,1181,401,322,304,1.0,-1,-1,-1
2105,30,849,172,158,133,1.0,-1,-1,-1
2106,13,1158,402,331,291,1.0,-1,-1,-1
2106,30,849,173,158,133,1.0,-1,-1,-1
2107,13,1160,402,326,285,1.0,-1,-1,-1
2107,30,849,177,157,142,1.0,-1,-1,-1
2108,13,1166,384,309,285,1.0,-1,-1,-1
2108,30,849,176,157,145,1.0,-1,-1,-1
2109,13,1164,381,305,279,1.0,-1,-1,-1
2109,30,850,179,156,143,1.0,-1,-1,-1
2110,13,1164,375,300,273,1.0,-1,-1,-1
2110,30,849,182,156,143,1.0,-1,-1,-1
2111,13,1161,372,296,268,1.0,-1,-1,-1
2111,30,847,187,160,139,1.0,-1,-1,-1
2112,13,1161,367,290,267,1.0,-1,-1,-1
2112,30,846,188,162,141,1.0,-1,-1,-1
2113,13,1159,360,286,269,1.0,-1,-1,-1
2113,30,845,191,166,142,1.0,-1,-1,-1
2114,13,1157,350,282,273,1.0,-1,-1,-1
2114,30,844,193,168,145,1.0,-1,-1,-1
2115,13,1155,341,280,276,1.0,-1,-1,-1
2115,30,843,196,171,145,1.0,-1,-1,-1
2116,13,1154,338,276,271,1.0,-1,-1,-1
2116,30,843,196,174,148,1.0,-1,-1,-1
2117,13,1143,326,282,264,1.0,-1,-1,-1
2117,30,844,198,175,150,1.0,-1,-1,-1
2118,13,1143,326,274,256,1.0,-1,-1,-1
2118,30,844,200,175,148,1.0,-1,-1,-1
2119,13,1143,324,265,249,1.0,-1,-1,-1
2119,30,845,203,175,144,1.0,-1,-1,-1
2120,13,1143,322,259,242,1.0,-1,-1,-1
2120,30,844,213,176,146,1.0,-1,-1,-1
2121,13,1141,317,254,240,1.0,-1,-1,-1
2121,30,844,212,180,151,1.0,-1,-1,-1
2122,13,1139,313,251,237,1.0,-1,-1,-1
2122,30,842,212,183,155,1.0,-1,-1,-1
2123,13,1139,306,248,238,1.0,-1,-1,-1
2123,30,842,215,185,157,1.0,-1,-1,-1
2124,13,1139,304,244,236,1.0,-1,-1,-1
2124,30,842,217,184,162,1.0,-1,-1,-1
2125,13,1128,300,246,232,1.0,-1,-1,-1
2125,30,842,218,184,167,1.0,-1,-1,-1
2126,13,1130,297,242,230,1.0,-1,-1,-1
2126,30,840,220,185,171,1.0,-1,-1,-1
2127,13,1128,292,241,227,1.0,-1,-1,-1
2127,30,837,224,188,171,1.0,-1,-1,-1
2128,13,1122,289,244,223,1.0,-1,-1,-1
2128,30,835,228,190,168,1.0,-1,-1,-1
2129,13,1116,287,244,220,1.0,-1,-1,-1
2129,30,831,236,197,172,1.0,-1,-1,-1
2130,13,1106,271,243,231,1.0,-1,-1,-1
2130,30,830,235,198,176,1.0,-1,-1,-1
2131,13,1103,269,240,228,1.0,-1,-1,-1
2131,30,829,238,198,178,1.0,-1,-1,-1
2132,13,1098,267,238,225,1.0,-1,-1,-1
2132,30,829,241,196,180,1.0,-1,-1,-1
2133,13,1095,265,235,222,1.0,-1,-1,-1
2133,30,829,245,193,184,1.0,-1,-1,-1
2133,77,917,76,127,109,1.0,-1,-1,-1
2134,13,1091,261,233,221,1.0,-1,-1,-1
2134,30,829,248,193,188,1.0,-1,-1,-1
2134,77,916,76,127,109,1.0,-1,-1,-1
2135,13,1086,256,231,220,1.0,-1,-1,-1
2135,30,823,253,191,189,1.0,-1,-1,-1
2135,77,916,76,127,108,1.0,-1,-1,-1
2136,13,1082,251,228,219,1.0,-1,-1,-1
2136,30,820,255,194,189,1.0,-1,-1,-1
2136,77,916,76,127,108,1.0,-1,-1,-1
2137,13,1079,248,225,218,1.0,-1,-1,-1
2137,30,817,267,201,183,1.0,-1,-1,-1
2137,77,916,76,127,109,1.0,-1,-1,-1
2138,13,1078,246,221,215,1.0,-1,-1,-1
2138,30,816,270,200,185,1.0,-1,-1,-1
2138,77,916,76,126,111,1.0,-1,-1,-1
2139,13,1077,245,220,211,1.0,-1,-1,-1
2139,30,815,274,199,186,1.0,-1,-1,-1
2139,77,916,75,127,112,1.0,-1,-1,-1
2140,13,1067,237,238,204,1.0,-1,-1,-1
2140,30,810,279,203,189,1.0,-1,-1,-1
2140,77,915,75,127,113,1.0,-1,-1,-1
2141,13,1066,233,236,205,1.0,-1,-1,-1
2141,30,804,285,210,189,1.0,-1,-1,-1
2141,77,915,75,127,113,1.0,-1,-1,-1
2142,13,1064,233,228,203,1.0,-1,-1,-1
2142,30,798,291,216,186,1.0,-1,-1,-1
2142,77,915,75,126,113,1.0,-1,-1,-1
2143,13,1066,232,220,197,1.0,-1,-1,-1
2143,30,791,301,226,192,1.0,-1,-1,-1
2143,77,913,78,129,116,1.0,-1,-1,-1
2144,13,1066,231,214,193,1.0,-1,-1,-1
2144,30,785,303,231,199,1.0,-1,-1,-1
2144,77,913,77,129,117,1.0,-1,-1,-1
2145,13,1063,230,213,189,1.0,-1,-1,-1
2145,30,777,309,241,201,1.0,-1,-1,-1
2145,77,913,77,130,118,1.0,-1,-1,-1
2146,13,1058,227,212,190,1.0,-1,-1,-1
2146,30,771,316,245,200,1.0,-1,-1,-1
2146,77,912,77,131,119,1.0,-1,-1,-1
2147,13,1053,215,213,193,1.0,-1,-1,-1
2147,30,777,322,228,206,1.0,-1,-1,-1
2147,77,911,78,132,119,1.0,-1,-1,-1
2148,13,1050,210,213,197,1.0,-1,-1,-1
2148,30,764,328,236,204,1.0,-1,-1,-1
2148,77,910,79,132,120,1.0,-1,-1,-1
2149,13,1049,208,210,197,1.0,-1,-1,-1
2149,30,760,333,243,206,1.0,-1,-1,-1
2149,77,910,78,133,121,1.0,-1,-1,-1
2150,13,1047,204,209,198,1.0,-1,-1,-1
2150,30,757,338,246,210,1.0,-1,-1,-1
2150,77,909,78,134,122,1.0,-1,-1,-1
2151,13,1047,201,205,196,1.0,-1,-1,-1
2151,30,753,344,249,213,1.0,-1,-1,-1
2151,77,908,80,135,122,1.0,-1,-1,-1
2152,13,1046,196,204,197,1.0,-1,-1,-1
2152,30,750,348,247,218,1.0,-1,-1,-1
2152,77,906,83,136,121,1.0,-1,-1,-1
2153,13,1048,195,199,195,1.0,-1,-1,-1
2153,30,745,364,254,213,1.0,-1,-1,-1
2154,13,1046,201,193,180,1.0,-1,-1,-1
2154,30,738,365,259,221,1.0,-1,-1,-1
2155,13,1046,198,192,181,1.0,-1,-1,-1
2155,30,731,369,263,228,1.0,-1,-1,-1
2156,13,1044,198,194,178,1.0,-1,-1,-1
2156,30,723,375,266,234,1.0,-1,-1,-1
2156,77,905,89,138,116,1.0,-1,-1,-1
2157,13,1044,196,193,178,1.0,-1,-1,-1
2157,30,714,384,269,236,1.0,-1,-1,-1
2157,77,900,86,151,121,1.0,-1,-1,-1
2158,13,1044,197,192,175,1.0,-1,-1,-1
2158,30,706,393,271,237,1.0,-1,-1,-1
2158,77,901,85,152,120,1.0,-1,-1,-1
2159,13,1045,183,187,184,1.0,-1,-1,-1
2159,30,697,402,275,239,1.0,-1,-1,-1
2159,77,903,88,129,117,1.0,-1,-1,-1
2160,13,1046,182,186,184,1.0,-1,-1,-1
2160,30,689,405,279,246,1.0,-1,-1,-1
2160,77,902,88,130,118,1.0,-1,-1,-1
2161,13,1047,181,185,182,1.0,-1,-1,-1
2161,30,678,431,287,236,1.0,-1,-1,-1
2161,77,901,91,134,117,1.0,-1,-1,-1
2162,13,1048,180,183,180,1.0,-1,-1,-1
2162,30,673,438,288,238,1.0,-1,-1,-1
2162,77,901,92,136,116,1.0,-1,-1,-1
2163,13,1047,177,184,176,1.0,-1,-1,-1
2163,30,664,452,284,233,1.0,-1,-1,-1
2163,77,899,93,136,115,1.0,-1,-1,-1
2164,13,1049,175,183,176,1.0,-1,-1,-1
2164,30,653,460,292,237,1.0,-1,-1,-1
2164,77,898,93,137,116,1.0,-1,-1,-1
2165,13,1050,174,183,172,1.0,-1,-1,-1
2165,30,636,467,305,241,1.0,-1,-1,-1
2165,77,896,94,138,117,1.0,-1,-1,-1
2166,13,1050,172,182,171,1.0,-1,-1,-1
2166,30,618,472,316,251,1.0,-1,-1,-1
2166,77,896,96,139,116,1.0,-1,-1,-1
2167,13,1056,169,181,172,1.0,-1,-1,-1
2167,30,602,473,323,263,1.0,-1,-1,-1
2167,77,895,98,139,113,1.0,-1,-1,-1
2168,13,1057,168,181,170,1.0,-1,-1,-1
2168,30,587,491,331,270,1.0,-1,-1,-1
2168,77,894,100,140,112,1.0,-1,-1,-1
2169,13,1058,167,179,168,1.0,-1,-1,-1
2169,30,579,499,333,273,1.0,-1,-1,-1
2169,77,893,101,141,112,1.0,-1,-1,-1
2170,13,1058,166,180,166,1.0,-1,-1,-1
2170,30,560,513,331,274,1.0,-1,-1,-1
2170,77,892,104,142,112,1.0,-1,-1,-1
2171,13,1059,166,179,164,1.0,-1,-1,-1
2171,30,540,521,345,285,1.0,-1,-1,-1
2171,77,896,104,134,115,1.0,-1,-1,-1
2172,13,1060,166,180,164,1.0,-1,-1,-1
2172,30,519,527,358,294,1.0,-1,-1,-1
2172,77,896,108,134,113,1.0,-1,-1,-1
2173,13,1065,155,179,169,1.0,-1,-1,-1
2173,30,504,549,358,306,1.0,-1,-1,-1
2173,77,895,109,135,112,1.0,-1,-1,-1
2174,13,1068,155,178,168,1.0,-1,-1,-1
2174,30,473,566,368,314,1.0,-1,-1,-1
2174,77,886,108,142,117,1.0,-1,-1,-1
2175,13,1071,155,175,167,1.0,-1,-1,-1
2175,30,459,579,376,323,1.0,-1,-1,-1
2175,77,886,109,142,116,1.0,-1,-1,-1
2176,13,1073,154,175,166,1.0,-1,-1,-1
2176,30,437,610,380,321,1.0,-1,-1,-1
2176,77,886,110,142,116,1.0,-1,-1,-1
2177,13,1075,152,176,166,1.0,-1,-1,-1
2177,30,414,618,392,327,1.0,-1,-1,-1
2177,77,887,106,138,120,1.0,-1,-1,-1
2178,13,1076,150,175,165,1.0,-1,-1,-1
2178,30,377,641,401,326,1.0,-1,-1,-1
2178,77,886,107,139,120,1.0,-1,-1,-1
2179,13,1078,148,174,164,1.0,-1,-1,-1
2179,30,353,633,413,378,1.0,-1,-1,-1
2179,77,886,106,140,121,1.0,-1,-1,-1
2180,13,1079,147,172,162,1.0,-1,-1,-1
2180,30,316,653,428,384,1.0,-1,-1,-1
2180,77,886,107,140,131,1.0,-1,-1,-1
2181,13,1080,145,171,162,1.0,-1,-1,-1
2181,30,268,679,449,381,1.0,-1,-1,-1
2181,77,886,108,139,132,1.0,-1,-1,-1
2182,13,1080,142,172,161,1.0,-1,-1,-1
2182,30,225,695,483,381,1.0,-1,-1,-1
2182,77,886,107,139,134,1.0,-1,-1,-1
2183,13,1081,142,171,159,1.0,-1,-1,-1
2183,30,169,715,486,363,1.0,-1,-1,-1
2183,77,886,107,138,135,1.0,-1,-1,-1
2184,13,1082,143,171,156,1.0,-1,-1,-1
2184,77,886,107,138,136,1.0,-1,-1,-1
2185,13,1084,144,169,152,1.0,-1,-1,-1
2185,77,886,109,137,136,1.0,-1,-1,-1
2186,13,1087,145,166,149,1.0,-1,-1,-1
2186,77,885,110,138,137,1.0,-1,-1,-1
2187,13,1089,145,164,148,1.0,-1,-1,-1
2187,77,883,112,139,136,1.0,-1,-1,-1
2188,13,1091,144,162,146,1.0,-1,-1,-1
2188,77,881,115,141,134,1.0,-1,-1,-1
2189,13,1092,142,161,147,1.0,-1,-1,-1
2189,77,881,117,140,132,1.0,-1,-1,-1
2190,13,1094,141,159,146,1.0,-1,-1,-1
2190,77,881,120,140,130,1.0,-1,-1,-1
2191,13,1096,141,158,145,1.0,-1,-1,-1
2191,77,881,121,140,130,1.0,-1,-1,-1
2192,13,1098,141,156,144,1.0,-1,-1,-1
2192,77,879,122,142,130,1.0,-1,-1,-1
2193,13,1098,140,156,145,1.0,-1,-1,-1
2193,77,877,124,145,131,1.0,-1,-1,-1
2194,13,1099,139,154,145,1.0,-1,-1,-1
2194,77,875,125,148,132,1.0,-1,-1,-1
2195,13,1097,131,158,142,1.0,-1,-1,-1
2195,77,873,127,151,132,1.0,-1,-1,-1
2196,13,1099,131,157,142,1.0,-1,-1,-1
2196,77,871,128,151,134,1.0,-1,-1,-1
2197,13,1099,131,157,142,1.0,-1,-1,-1
2197,77,871,129,151,136,1.0,-1,-1,-1
2198,13,1099,130,157,142,1.0,-1,-1,-1
2198,77,871,130,150,135,1.0,-1,-1,-1
2199,13,1100,130,155,141,1.0,-1,-1,-1
2199,77,871,131,149,136,1.0,-1,-1,-1
2200,13,1101,129,153,141,1.0,-1,-1,-1
2200,77,871,131,149,135,1.0,-1,-1,-1
2201,13,1102,128,151,142,1.0,-1,-1,-1
2201,77,870,132,151,135,1.0,-1,-1,-1
2202,13,1104,128,150,141,1.0,-1,-1,-1
2202,77,870,133,154,134,1.0,-1,-1,-1
2203,13,1105,126,148,140,1.0,-1,-1,-1
2203,77,869,135,157,134,1.0,-1,-1,-1
2204,13,1105,126,148,138,1.0,-1,-1,-1
2204,77,873,140,152,140,1.0,-1,-1,-1
2205,13,1105,125,148,136,1.0,-1,-1,-1
2205,77,873,141,152,140,1.0,-1,-1,-1
2206,13,1105,124,148,136,1.0,-1,-1,-1
2206,77,874,142,153,138,1.0,-1,-1,-1
2207,13,1105,122,148,135,1.0,-1,-1,-1
2207,77,873,144,156,138,1.0,-1,-1,-1
2208,13,1106,120,147,135,1.0,-1,-1,-1
2208,77,873,145,159,138,1.0,-1,-1,-1
2209,13,1106,119,146,134,1.0,-1,-1,-1
2209,77,872,146,161,138,1.0,-1,-1,-1
2210,13,1106,117,145,135,1.0,-1,-1,-1
2210,77,874,147,159,138,1.0,-1,-1,-1
2211,13,1107,116,144,135,1.0,-1,-1,-1
2211,77,874,149,160,139,1.0,-1,-1,-1
2212,13,1107,115,143,136,1.0,-1,-1,-1
2212,77,873,150,163,140,1.0,-1,-1,-1
2213,13,1108,115,142,135,1.0,-1,-1,-1
2213,77,872,152,165,144,1.0,-1,-1,-1
2214,13,1108,114,141,134,1.0,-1,-1,-1
2214,77,872,153,167,145,1.0,-1,-1,-1
2215,13,1108,113,141,134,1.0,-1,-1,-1
2215,77,872,154,167,148,1.0,-1,-1,-1
2216,13,1109,112,140,134,1.0,-1,-1,-1
2216,77,871,157,170,148,1.0,-1,-1,-1
2217,13,1109,110,140,135,1.0,-1,-1,-1
2217,77,871,159,170,150,1.0,-1,-1,-1
2218,13,1109,109,140,136,1.0,-1,-1,-1
2218,77,870,160,172,152,1.0,-1,-1,-1
2219,13,1108,109,141,136,1.0,-1,-1,-1
2219,77,871,161,171,153,1.0,-1,-1,-1
2220,13,1108,109,142,136,1.0,-1,-1,-1
2220,77,871,163,172,152,1.0,-1,-1,-1
2221,13,1109,108,140,137,1.0,-1,-1,-1
2221,77,872,165,170,149,1.0,-1,-1,-1
2222,13,1109,107,138,137,1.0,-1,-1,-1
2222,77,870,168,175,158,1.0,-1,-1,-1
2223,13,1108,109,136,130,1.0,-1,-1,-1
2223,77,870,168,176,161,1.0,-1,-1,-1
2224,13,1108,110,135,129,1.0,-1,-1,-1
2224,77,871,171,186,160,1.0,-1,-1,-1
2225,13,1108,109,135,130,1.0,-1,-1,-1
2225,77,871,174,186,159,1.0,-1,-1,-1
2226,13,1103,107,137,121,1.0,-1,-1,-1
2226,77,872,175,187,161,1.0,-1,-1,-1
2227,13,1103,106,137,122,1.0,-1,-1,-1
2227,77,874,177,186,162,1.0,-1,-1,-1
2228,13,1103,104,136,124,1.0,-1,-1,-1
2228,77,875,178,186,165,1.0,-1,-1,-1
2229,13,1103,104,137,125,1.0,-1,-1,-1
2229,77,877,180,186,168,1.0,-1,-1,-1
2230,13,1103,103,138,126,1.0,-1,-1,-1
2230,77,879,183,185,170,1.0,-1,-1,-1
2231,13,1103,102,138,126,1.0,-1,-1,-1
2231,77,881,186,185,171,1.0,-1,-1,-1
2232,13,1103,102,137,125,1.0,-1,-1,-1
2232,77,881,190,187,170,1.0,-1,-1,-1
2233,13,1103,101,136,125,1.0,-1,-1,-1
2233,77,880,192,190,167,1.0,-1,-1,-1
2234,13,1103,100,136,125,1.0,-1,-1,-1
2234,77,877,202,196,165,1.0,-1,-1,-1
2235,13,1103,99,136,125,1.0,-1,-1,-1
2235,77,878,203,196,167,1.0,-1,-1,-1
2236,13,1104,99,136,124,1.0,-1,-1,-1
2236,77,881,205,194,169,1.0,-1,-1,-1
2237,13,1104,99,135,121,1.0,-1,-1,-1
2237,77,882,207,192,171,1.0,-1,-1,-1
2238,13,1104,98,135,119,1.0,-1,-1,-1
2238,77,883,209,193,173,1.0,-1,-1,-1
2239,13,1105,97,134,120,1.0,-1,-1,-1
2239,77,883,211,194,175,1.0,-1,-1,-1
2240,13,1105,96,134,120,1.0,-1,-1,-1
2240,77,883,213,195,179,1.0,-1,-1,-1
2241,13,1105,93,134,121,1.0,-1,-1,-1
2241,77,882,215,196,182,1.0,-1,-1,-1
2242,13,1104,91,134,122,1.0,-1,-1,-1
2242,77,881,217,200,185,1.0,-1,-1,-1
2243,13,1105,89,133,123,1.0,-1,-1,-1
2243,77,880,219,204,185,1.0,-1,-1,-1
2244,13,1106,89,132,123,1.0,-1,-1,-1
2244,77,875,227,211,191,1.0,-1,-1,-1
2245,13,1107,89,131,122,1.0,-1,-1,-1
2245,77,875,229,210,192,1.0,-1,-1,-1
2246,13,1108,88,131,121,1.0,-1,-1,-1
2246,77,875,233,209,192,1.0,-1,-1,-1
2247,13,1107,88,131,120,1.0,-1,-1,-1
2247,77,874,236,208,192,1.0,-1,-1,-1
2248,13,1107,88,131,121,1.0,-1,-1,-1
2248,77,871,238,211,196,1.0,-1,-1,-1
2249,13,1107,87,131,121,1.0,-1,-1,-1
2249,77,866,241,218,196,1.0,-1,-1,-1
2250,13,1107,86,131,122,1.0,-1,-1,-1
2250,77,861,248,226,191,1.0,-1,-1,-1
2251,13,1107,86,130,123,1.0,-1,-1,-1
2251,77,859,255,229,182,1.0,-1,-1,-1
2252,13,1107,85,129,123,1.0,-1,-1,-1
2252,77,850,262,240,196,1.0,-1,-1,-1
2253,13,1107,84,127,123,1.0,-1,-1,-1
2253,77,847,265,243,195,1.0,-1,-1,-1
2254,13,1107,83,127,124,1.0,-1,-1,-1
2254,77,859,263,219,215,1.0,-1,-1,-1
2255,13,1106,82,127,125,1.0,-1,-1,-1
2255,77,858,269,218,214,1.0,-1,-1,-1
2256,13,1106,80,128,126,1.0,-1,-1,-1
2256,77,856,273,220,216,1.0,-1,-1,-1
2257,13,1105,79,128,127,1.0,-1,-1,-1
2257,77,837,275,235,214,1.0,-1,-1,-1
2258,13,1104,78,127,127,1.0,-1,-1,-1
2258,77,848,296,231,205,1.0,-1,-1,-1
2259,13,1103,78,127,126,1.0,-1,-1,-1
2259,77,841,297,229,208,1.0,-1,-1,-1
2260,13,1103,78,128,125,1.0,-1,-1,-1
2260,77,836,299,236,215,1.0,-1,-1,-1
2261,13,1103,78,129,125,1.0,-1,-1,-1
2261,77,830,303,244,219,1.0,-1,-1,-1
2262,77,823,308,251,223,1.0,-1,-1,-1
2263,77,816,312,259,225,1.0,-1,-1,-1
2264,77,810,315,263,229,1.0,-1,-1,-1
2265,77,806,318,266,231,1.0,-1,-1,-1
2266,77,801,323,268,236,1.0,-1,-1,-1
2267,77,791,330,275,240,1.0,-1,-1,-1
2268,77,782,334,281,246,1.0,-1,-1,-1
2269,77,774,335,286,252,1.0,-1,-1,-1
2270,77,773,350,288,249,1.0,-1,-1,-1
2271,77,766,355,291,252,1.0,-1,-1,-1
2272,77,759,363,293,252,1.0,-1,-1,-1
2273,77,752,370,294,254,1.0,-1,-1,-1
2274,13,1108,73,124,112,1.0,-1,-1,-1
2274,77,748,378,294,255,1.0,-1,-1,-1
2275,13,1108,73,124,112,1.0,-1,-1,-1
2275,77,745,385,295,259,1.0,-1,-1,-1
2276,13,1108,73,124,113,1.0,-1,-1,-1
2276,77,731,391,299,263,1.0,-1,-1,-1
2277,13,1108,72,123,113,1.0,-1,-1,-1
2277,77,727,393,304,273,1.0,-1,-1,-1
2278,13,1108,72,123,113,1.0,-1,-1,-1
2278,77,715,409,321,276,1.0,-1,-1,-1
2279,13,1108,71,122,113,1.0,-1,-1,-1
2279,77,708,414,321,278,1.0,-1,-1,-1
2280,13,1108,72,123,112,1.0,-1,-1,-1
2280,77,700,423,325,276,1.0,-1,-1,-1
2281,13,1108,72,123,112,1.0,-1,-1,-1
2281,77,691,435,330,275,1.0,-1,-1,-1
2282,13,1107,73,123,111,1.0,-1,-1,-1
2282,77,683,444,335,281,1.0,-1,-1,-1
2283,13,1107,73,123,111,1.0,-1,-1,-1
2283,77,673,450,340,293,1.0,-1,-1,-1
2284,13,1107,73,124,112,1.0,-1,-1,-1
2284,77,662,453,345,305,1.0,-1,-1,-1
2285,13,1107,73,124,112,1.0,-1,-1,-1
2285,77,654,466,347,307,1.0,-1,-1,-1
2286,13,1107,73,124,112,1.0,-1,-1,-1
2286,77,642,470,360,308,1.0,-1,-1,-1
2287,13,1106,73,125,112,1.0,-1,-1,-1
2287,77,629,482,350,305,1.0,-1,-1,-1
2288,13,1106,73,125,112,1.0,-1,-1,-1
2288,77,624,493,352,315,1.0,-1,-1,-1
2289,13,1106,73,125,112,1.0,-1,-1,-1
2289,77,612,500,361,331,1.0,-1,-1,-1
2290,13,1106,73,125,112,1.0,-1,-1,-1
2290,77,600,513,366,328,1.0,-1,-1,-1
2291,13,1105,73,126,112,1.0,-1,-1,-1
2291,77,578,522,378,353,1.0,-1,-1,-1
2292,13,1105,73,126,112,1.0,-1,-1,-1
2292,77,560,535,391,352,1.0,-1,-1,-1
2293,13,1105,73,126,112,1.0,-1,-1,-1
2293,77,547,531,409,388,1.0,-1,-1,-1
2294,13,1105,73,127,112,1.0,-1,-1,-1
2294,77,520,560,419,364,1.0,-1,-1,-1
2295,13,1104,73,127,112,1.0,-1,-1,-1
2295,77,513,565,423,369,1.0,-1,-1,-1
2296,13,1104,73,127,112,1.0,-1,-1,-1
2296,77,500,582,419,399,1.0,-1,-1,-1
2297,13,1104,73,128,112,1.0,-1,-1,-1
2297,77,476,593,429,409,1.0,-1,-1,-1
2298,13,1104,73,128,112,1.0,-1,-1,-1
2298,77,443,609,444,417,1.0,-1,-1,-1
2299,13,1103,73,128,112,1.0,-1,-1,-1
2299,77,411,628,454,418,1.0,-1,-1,-1
2300,13,1103,73,128,112,1.0,-1,-1,-1
2300,77,382,646,467,416,1.0,-1,-1,-1
2301,13,1103,73,129,112,1.0,-1,-1,-1
2301,77,362,662,484,411,1.0,-1,-1,-1
2302,13,1103,73,129,112,1.0,-1,-1,-1
2303,13,1102,73,129,112,1.0,-1,-1,-1
2303,78,1230,722,475,353,1.0,-1,-1,-1
2304,13,1102,73,130,112,1.0,-1,-1,-1
2304,78,1263,701,448,366,1.0,-1,-1,-1
2305,13,1102,73,130,112,1.0,-1,-1,-1
2305,78,1266,683,445,369,1.0,-1,-1,-1
2306,13,1102,73,130,112,1.0,-1,-1,-1
2306,78,1246,673,440,360,1.0,-1,-1,-1
2307,13,1102,73,131,113,1.0,-1,-1,-1
2307,78,1245,657,437,359,1.0,-1,-1,-1
2308,13,1101,72,131,113,1.0,-1,-1,-1
2308,78,1242,639,437,357,1.0,-1,-1,-1
2309,13,1100,72,131,113,1.0,-1,-1,-1
2309,78,1258,637,406,325,1.0,-1,-1,-1
2310,13,1099,71,131,113,1.0,-1,-1,-1
2310,78,1255,623,402,325,1.0,-1,-1,-1
2311,13,1098,71,131,113,1.0,-1,-1,-1
2311,78,1250,611,400,327,1.0,-1,-1,-1
2312,13,1097,70,131,113,1.0,-1,-1,-1
2312,78,1248,601,395,333,1.0,-1,-1,-1
2313,13,1097,70,131,113,1.0,-1,-1,-1
2313,78,1246,591,391,315,1.0,-1,-1,-1
2314,13,1096,70,131,113,1.0,-1,-1,-1
2314,78,1245,582,382,308,1.0,-1,-1,-1
2315,13,1095,69,132,114,1.0,-1,-1,-1
2315,78,1241,566,378,307,1.0,-1,-1,-1
2316,13,1094,69,132,114,1.0,-1,-1,-1
2316,78,1236,551,374,307,1.0,-1,-1,-1
2317,13,1093,68,132,114,1.0,-1,-1,-1
2317,78,1233,542,368,308,1.0,-1,-1,-1
2318,13,1092,68,132,114,1.0,-1,-1,-1
2318,78,1222,521,377,314,1.0,-1,-1,-1
2319,13,1092,68,132,114,1.0,-1,-1,-1
2319,78,1229,518,361,304,1.0,-1,-1,-1
2320,13,1091,67,132,114,1.0,-1,-1,-1
2320,78,1215,513,354,284,1.0,-1,-1,-1
2321,13,1090,67,132,114,1.0,-1,-1,-1
2321,78,1214,506,349,278,1.0,-1,-1,-1
2322,13,1089,66,132,114,1.0,-1,-1,-1
2322,78,1208,500,347,270,1.0,-1,-1,-1
2323,13,1088,66,133,115,1.0,-1,-1,-1
2323,78,1203,494,344,265,1.0,-1,-1,-1
2324,13,1087,65,133,115,1.0,-1,-1,-1
2324,78,1196,488,341,265,1.0,-1,-1,-1
2325,13,1087,65,133,115,1.0,-1,-1,-1
2325,78,1188,465,340,272,1.0,-1,-1,-1
2326,13,1086,65,133,115,1.0,-1,-1,-1
2326,78,1185,459,334,268,1.0,-1,-1,-1
2327,13,1085,64,133,115,1.0,-1,-1,-1
2327,78,1181,452,329,264,1.0,-1,-1,-1
2328,13,1084,64,133,115,1.0,-1,-1,-1
2328,78,1181,447,322,259,1.0,-1,-1,-1
2329,13,1083,63,133,115,1.0,-1,-1,-1
2329,78,1179,444,318,251,1.0,-1,-1,-1
2330,13,1082,63,133,115,1.0,-1,-1,-1
2330,78,1158,438,328,239,1.0,-1,-1,-1
2331,13,1082,63,134,116,1.0,-1,-1,-1
2331,78,1158,433,313,235,1.0,-1,-1,-1
