211,31,0,973,1474,699,1.0,-1,-1,-1
212,31,476,1018,1499,718,1.0,-1,-1,-1
213,31,953,1064,1524,737,1.0,-1,-1,-1
661,32,1578,792,875,415,1.0,-1,-1,-1
662,32,1334,771,868,415,1.0,-1,-1,-1
663,32,1091,750,862,415,1.0,-1,-1,-1
664,32,848,729,856,416,1.0,-1,-1,-1
665,32,631,707,835,415,1.0,-1,-1,-1
666,32,414,686,815,414,1.0,-1,-1,-1
667,32,197,664,794,413,1.0,-1,-1,-1
668,32,0,643,774,413,1.0,-1,-1,-1
698,33,1467,772,1049,422,1.0,-1,-1,-1
699,33,1241,752,1019,419,1.0,-1,-1,-1
700,33,1016,732,989,416,1.0,-1,-1,-1
701,33,791,712,960,413,1.0,-1,-1,-1
702,33,589,692,935,410,1.0,-1,-1,-1
703,33,387,673,910,407,1.0,-1,-1,-1
704,33,185,653,885,404,1.0,-1,-1,-1
705,33,0,634,860,401,1.0,-1,-1,-1
737,34,1657,770,902,431,1.0,-1,-1,-1
738,34,1408,751,964,436,1.0,-1,-1,-1
739,34,1159,733,1005,442,1.0,-1,-1,-1
740,34,811,713,987,427,1.0,-1,-1,-1
741,34,463,694,969,412,1.0,-1,-1,-1
742,34,690,707,973,427,1.0,-1,-1,-1
743,34,364,682,954,417,1.0,-1,-1,-1
744,34,38,658,936,407,1.0,-1,-1,-1
757,35,0,830,1741,859,1.0,-1,-1,-1
758,35,180,847,1817,862,1.0,-1,-1,-1
759,35,381,865,1893,865,1.0,-1,-1,-1
760,35,630,874,1927,860,1.0,-1,-1,-1
955,36,0,1036,1579,808,1.0,-1,-1,-1
956,36,55,1072,1714,792,1.0,-1,-1,-1
957,36,625,1111,1763,808,1.0,-1,-1,-1
958,36,828,1131,1731,788,1.0,-1,-1,-1
1090,37,1228,684,1327,567,1.0,-1,-1,-1
1091,37,1051,675,1298,555,1.0,-1,-1,-1
1092,37,874,666,1270,544,1.0,-1,-1,-1
1093,37,693,643,1247,549,1.0,-1,-1,-1
1094,37,513,621,1225,554,1.0,-1,-1,-1
1095,37,346,610,1213,543,1.0,-1,-1,-1
1096,37,179,599,1202,533,1.0,-1,-1,-1
1097,37,12,589,1191,523,1.0,-1,-1,-1
1140,38,1487,815,1072,474,1.0,-1,-1,-1
1141,38,1308,800,1071,464,1.0,-1,-1,-1
1142,38,1129,785,1059,455,1.0,-1,-1,-1
1143,38,951,770,1047,446,1.0,-1,-1,-1
1144,38,785,756,1030,438,1.0,-1,-1,-1
1145,38,620,742,1013,430,1.0,-1,-1,-1
1146,38,455,729,996,422,1.0,-1,-1,-1
1147,38,297,712,986,416,1.0,-1,-1,-1
1148,38,139,695,977,410,1.0,-1,-1,-1
1149,38,0,679,968,405,1.0,-1,-1,-1
1209,39,1557,748,956,442,1.0,-1,-1,-1
1210,39,1418,734,921,449,1.0,-1,-1,-1
1211,39,1277,729,926,441,1.0,-1,-1,-1
1212,39,1136,725,930,432,1.0,-1,-1,-1
1213,39,996,720,935,424,1.0,-1,-1,-1
1214,39,840,712,906,421,1.0,-1,-1,-1
1215,39,699,700,908,427,1.0,-1,-1,-1
1216,39,559,688,910,433,1.0,-1,-1,-1
1217,39,419,676,912,439,1.0,-1,-1,-1
1218,39,249,668,902,429,1.0,-1,-1,-1
1219,39,114,630,903,458,1.0,-1,-1,-1
1220,39,0,593,905,487,1.0,-1,-1,-1
1316,40,0,874,1556,923,1.0,-1,-1,-1
1317,40,230,907,1673,923,1.0,-1,-1,-1
1318,40,478,941,1790,923,1.0,-1,-1,-1
1319,40,858,966,1701,922,1.0,-1,-1,-1
1463,41,1530,798,1029,444,1.0,-1,-1,-1
1464,41,1321,792,1043,436,1.0,-1,-1,-1
1465,41,1112,786,1036,429,1.0,-1,-1,-1
1466,41,904,781,1029,422,1.0,-1,-1,-1
1467,41,704,765,1034,424,1.0,-1,-1,-1
1468,41,505,750,1039,426,1.0,-1,-1,-1
1469,41,306,735,1044,429,1.0,-1,-1,-1
1687,42,0,863,1378,763,1.0,-1,-1,-1
1688,42,364,894,1400,768,1.0,-1,-1,-1
1689,42,748,925,1423,774,1.0,-1,-1,-1
1690,42,1133,956,1426,780,1.0,-1,-1,-1
1840,43,27,925,1599,850,1.0,-1,-1,-1
1841,43,506,919,1608,908,1.0,-1,-1,-1
1842,43,973,934,1586,917,1.0,-1,-1,-1
1891,44,1514,359,270,243,1.0,-1,-1,-1
1892,44,1516,361,270,243,1.0,-1,-1,-1
1893,44,1519,363,269,244,1.0,-1,-1,-1
1894,44,1518,363,275,246,1.0,-1,-1,-1
1895,44,1515,363,280,247,1.0,-1,-1,-1
1896,44,1518,363,281,249,1.0,-1,-1,-1
1897,44,1518,363,283,249,1.0,-1,-1,-1
1898,44,1522,362,283,255,1.0,-1,-1,-1
1899,44,1515,358,296,250,1.0,-1,-1,-1
1900,44,1515,359,300,250,1.0,-1,-1,-1
1901,44,1515,360,305,250,1.0,-1,-1,-1
1902,44,1537,363,286,254,1.0,-1,-1,-1
1903,44,1536,367,291,255,1.0,-1,-1,-1
1904,44,1534,370,300,255,1.0,-1,-1,-1
1905,44,1534,372,308,256,1.0,-1,-1,-1
1906,44,1536,370,316,259,1.0,-1,-1,-1
1907,44,1541,370,321,260,1.0,-1,-1,-1
1908,44,1544,372,335,261,1.0,-1,-1,-1
1909,44,1549,376,350,260,1.0,-1,-1,-1
1910,44,1551,380,370,259,1.0,-1,-1,-1
1911,44,1555,382,382,261,1.0,-1,-1,-1
1912,44,1556,383,395,263,1.0,-1,-1,-1
1913,44,1554,384,412,265,1.0,-1,-1,-1
1914,44,1573,383,430,261,1.0,-1,-1,-1
1915,44,1577,383,430,269,1.0,-1,-1,-1
1916,44,1586,386,430,273,1.0,-1,-1,-1
1917,44,1594,387,435,276,1.0,-1,-1,-1
1918,44,1599,389,444,281,1.0,-1,-1,-1
1919,44,1607,389,453,285,1.0,-1,-1,-1
1920,44,1613,395,462,285,1.0,-1,-1,-1
1921,44,1618,399,475,283,1.0,-1,-1,-1
1922,44,1643,400,485,281,1.0,-1,-1,-1
1923,44,1657,400,482,287,1.0,-1,-1,-1
1924,44,1672,403,483,285,1.0,-1,-1,-1
1925,44,1687,408,487,280,1.0,-1,-1,-1
1926,44,1700,410,492,278,1.0,-1,-1,-1
1927,44,1708,409,498,281,1.0,-1,-1,-1
1928,44,1726,410,533,279,1.0,-1,-1,-1
1929,44,1743,413,523,281,1.0,-1,-1,-1
1930,44,1769,412,512,280,1.0,-1,-1,-1
1931,44,1787,411,506,275,1.0,-1,-1,-1
1932,44,1837,408,508,259,1.0,-1,-1,-1
1933,44,1840,448,527,267,1.0,-1,-1,-1
1934,44,1867,450,522,265,1.0,-1,-1,-1
1935,44,1888,454,520,259,1.0,-1,-1,-1
1936,44,1924,472,519,239,1.0,-1,-1,-1
1937,44,1938,475,528,237,1.0,-1,-1,-1
1938,44,1965,475,524,238,1.0,-1,-1,-1
1939,44,1986,471,523,243,1.0,-1,-1,-1
1940,44,2015,468,535,252,1.0,-1,-1,-1
1941,44,2033,462,525,263,1.0,-1,-1,-1
1942,44,2065,460,493,269,1.0,-1,-1,-1
2124,45,1561,738,970,490,1.0,-1,-1,-1
2125,45,1397,720,954,485,1.0,-1,-1,-1
2126,45,1200,713,951,473,1.0,-1,-1,-1
2127,45,1003,705,948,461,1.0,-1,-1,-1
2128,45,839,702,899,453,1.0,-1,-1,-1
2129,45,619,689,947,455,1.0,-1,-1,-1
2130,45,388,665,1031,467,1.0,-1,-1,-1
2131,45,349,658,1041,467,1.0,-1,-1,-1
2132,45,178,649,1000,461,1.0,-1,-1,-1
2133,45,31,644,922,457,1.0,-1,-1,-1
2313,46,113,1012,1479,837,1.0,-1,-1,-1
2314,46,585,1049,1479,840,1.0,-1,-1,-1
2315,46,1057,1087,1480,832,1.0,-1,-1,-1
2363,47,1528,766,1007,420,1.0,-1,-1,-1
2364,47,1256,747,1002,420,1.0,-1,-1,-1
2365,47,984,729,998,420,1.0,-1,-1,-1
2366,47,722,708,980,420,1.0,-1,-1,-1
2367,47,461,688,962,420,1.0,-1,-1,-1
