217,0,1111,767,384,311,1.0,-1,-1,-1
218,0,1106,725,379,308,1.0,-1,-1,-1
219,0,1106,705,371,305,1.0,-1,-1,-1
220,0,1096,667,374,289,1.0,-1,-1,-1
221,0,1096,645,362,295,1.0,-1,-1,-1
222,0,1090,629,359,288,1.0,-1,-1,-1
223,0,1075,591,372,291,1.0,-1,-1,-1
224,0,1062,576,358,278,1.0,-1,-1,-1
225,0,1054,561,349,276,1.0,-1,-1,-1
226,0,1041,531,348,265,1.0,-1,-1,-1
227,0,1032,513,341,265,1.0,-1,-1,-1
228,0,994,500,364,256,1.0,-1,-1,-1
229,0,1017,473,339,255,1.0,-1,-1,-1
230,0,999,463,329,247,1.0,-1,-1,-1
231,0,992,448,322,243,1.0,-1,-1,-1
232,0,983,434,312,242,1.0,-1,-1,-1
233,0,971,411,312,238,1.0,-1,-1,-1
234,0,970,407,299,228,1.0,-1,-1,-1
235,0,953,398,296,221,1.0,-1,-1,-1
236,0,953,385,285,218,1.0,-1,-1,-1
237,0,950,373,275,217,1.0,-1,-1,-1
238,0,944,366,268,215,1.0,-1,-1,-1
239,0,936,342,263,223,1.0,-1,-1,-1
240,0,935,337,255,217,1.0,-1,-1,-1
241,0,932,331,252,211,1.0,-1,-1,-1
242,0,926,323,251,207,1.0,-1,-1,-1
243,0,923,315,247,205,1.0,-1,-1,-1
244,0,914,313,256,186,1.0,-1,-1,-1
245,0,914,307,250,184,1.0,-1,-1,-1
246,0,914,293,247,181,1.0,-1,-1,-1
247,0,913,287,230,187,1.0,-1,-1,-1
248,0,914,281,223,184,1.0,-1,-1,-1
249,0,914,276,219,177,1.0,-1,-1,-1
250,0,912,273,218,173,1.0,-1,-1,-1
251,0,908,260,217,171,1.0,-1,-1,-1
252,0,908,254,212,175,1.0,-1,-1,-1
253,0,908,251,208,170,1.0,-1,-1,-1
254,0,904,248,209,164,1.0,-1,-1,-1
255,0,901,245,209,160,1.0,-1,-1,-1
256,0,899,244,207,157,1.0,-1,-1,-1
257,0,903,228,197,166,1.0,-1,-1,-1
258,0,903,221,194,169,1.0,-1,-1,-1
259,0,894,218,195,165,1.0,-1,-1,-1
260,0,892,216,194,158,1.0,-1,-1,-1
261,0,889,215,195,153,1.0,-1,-1,-1
262,0,885,214,196,148,1.0,-1,-1,-1
263,0,884,216,192,140,1.0,-1,-1,-1
264,0,884,202,188,141,1.0,-1,-1,-1
265,0,880,196,188,145,1.0,-1,-1,-1
266,0,876,191,189,147,1.0,-1,-1,-1
267,0,874,188,187,142,1.0,-1,-1,-1
268,0,873,187,186,137,1.0,-1,-1,-1
269,0,873,185,182,135,1.0,-1,-1,-1
270,0,874,184,178,133,1.0,-1,-1,-1
271,0,878,175,168,124,1.0,-1,-1,-1
272,0,878,170,167,128,1.0,-1,-1,-1
273,0,872,165,171,130,1.0,-1,-1,-1
274,0,871,161,172,133,1.0,-1,-1,-1
275,0,870,156,172,135,1.0,-1,-1,-1
276,0,869,154,172,135,1.0,-1,-1,-1
277,0,868,154,171,132,1.0,-1,-1,-1
278,0,867,153,171,130,1.0,-1,-1,-1
279,0,865,151,169,131,1.0,-1,-1,-1
280,0,865,148,165,134,1.0,-1,-1,-1
281,0,866,145,160,136,1.0,-1,-1,-1
282,0,867,144,155,135,1.0,-1,-1,-1
283,0,863,140,160,126,1.0,-1,-1,-1
284,0,862,138,160,127,1.0,-1,-1,-1
285,0,861,137,159,126,1.0,-1,-1,-1
286,0,861,136,157,124,1.0,-1,-1,-1
287,0,861,135,154,120,1.0,-1,-1,-1
288,0,860,133,153,118,1.0,-1,-1,-1
289,0,859,132,150,115,1.0,-1,-1,-1
290,0,859,129,148,115,1.0,-1,-1,-1
291,0,859,126,144,116,1.0,-1,-1,-1
292,0,859,124,142,117,1.0,-1,-1,-1
293,0,859,121,139,120,1.0,-1,-1,-1
294,0,859,119,137,121,1.0,-1,-1,-1
295,0,860,116,134,124,1.0,-1,-1,-1
296,0,858,113,134,123,1.0,-1,-1,-1
297,0,857,111,135,123,1.0,-1,-1,-1
298,0,855,109,135,122,1.0,-1,-1,-1
299,0,854,106,135,122,1.0,-1,-1,-1
300,0,852,104,136,121,1.0,-1,-1,-1
301,0,851,102,136,121,1.0,-1,-1,-1
302,0,849,99,136,120,1.0,-1,-1,-1
303,0,848,97,137,120,1.0,-1,-1,-1
304,0,846,95,137,119,1.0,-1,-1,-1
305,0,845,93,137,118,1.0,-1,-1,-1
306,0,843,90,138,118,1.0,-1,-1,-1
307,0,842,88,138,117,1.0,-1,-1,-1
308,0,840,86,138,117,1.0,-1,-1,-1
309,0,839,83,139,116,1.0,-1,-1,-1
310,0,837,81,139,116,1.0,-1,-1,-1
311,0,836,79,139,115,1.0,-1,-1,-1
312,0,835,77,140,115,1.0,-1,-1,-1
313,0,834,75,139,114,1.0,-1,-1,-1
314,0,833,74,138,114,1.0,-1,-1,-1
315,0,832,73,137,113,1.0,-1,-1,-1
316,0,832,72,136,113,1.0,-1,-1,-1
317,0,831,71,135,112,1.0,-1,-1,-1
318,0,830,70,134,112,1.0,-1,-1,-1
319,0,830,69,133,111,1.0,-1,-1,-1
320,0,829,68,132,111,1.0,-1,-1,-1
321,0,828,67,131,111,1.0,-1,-1,-1
322,0,828,66,130,110,1.0,-1,-1,-1
323,0,827,65,129,110,1.0,-1,-1,-1
324,0,826,64,128,109,1.0,-1,-1,-1
325,0,826,63,127,109,1.0,-1,-1,-1
415,1,695,63,126,109,1.0,-1,-1,-1
416,1,694,63,127,110,1.0,-1,-1,-1
417,1,694,63,127,110,1.0,-1,-1,-1
418,1,694,63,128,111,1.0,-1,-1,-1
419,1,694,63,129,112,1.0,-1,-1,-1
419,5,1323,120,283,158,1.0,-1,-1,-1
420,1,694,63,129,112,1.0,-1,-1,-1
420,5,1318,120,284,157,1.0,-1,-1,-1
421,1,694,63,130,113,1.0,-1,-1,-1
421,5,1314,120,285,157,1.0,-1,-1,-1
422,1,694,63,131,114,1.0,-1,-1,-1
422,5,1310,121,286,157,1.0,-1,-1,-1
423,1,693,63,131,114,1.0,-1,-1,-1
423,5,1305,121,287,157,1.0,-1,-1,-1
424,1,692,64,132,114,1.0,-1,-1,-1
424,5,1301,122,289,157,1.0,-1,-1,-1
425,1,691,65,133,115,1.0,-1,-1,-1
425,5,1297,122,290,157,1.0,-1,-1,-1
426,1,691,66,134,115,1.0,-1,-1,-1
426,5,1292,123,291,157,1.0,-1,-1,-1
427,1,690,67,135,115,1.0,-1,-1,-1
427,5,1288,123,292,157,1.0,-1,-1,-1
428,1,689,67,135,116,1.0,-1,-1,-1
428,5,1284,124,294,157,1.0,-1,-1,-1
429,1,689,68,136,116,1.0,-1,-1,-1
429,5,1284,124,292,159,1.0,-1,-1,-1
430,1,688,69,137,117,1.0,-1,-1,-1
430,5,1284,124,290,161,1.0,-1,-1,-1
431,1,687,70,138,117,1.0,-1,-1,-1
431,5,1285,124,288,163,1.0,-1,-1,-1
432,1,686,71,139,117,1.0,-1,-1,-1
432,5,1285,124,288,163,1.0,-1,-1,-1
433,1,686,71,139,118,1.0,-1,-1,-1
433,5,1285,124,288,163,1.0,-1,-1,-1
434,1,685,72,140,118,1.0,-1,-1,-1
434,5,1285,124,288,163,1.0,-1,-1,-1
435,1,684,73,141,118,1.0,-1,-1,-1
435,5,1285,124,288,163,1.0,-1,-1,-1
436,1,684,74,142,119,1.0,-1,-1,-1
436,5,1285,124,288,163,1.0,-1,-1,-1
437,1,683,75,143,119,1.0,-1,-1,-1
437,5,1285,124,288,163,1.0,-1,-1,-1
438,1,682,75,143,120,1.0,-1,-1,-1
438,5,1285,124,288,163,1.0,-1,-1,-1
439,1,681,76,144,120,1.0,-1,-1,-1
439,5,1285,124,288,163,1.0,-1,-1,-1
440,1,681,77,145,120,1.0,-1,-1,-1
440,5,1285,124,288,163,1.0,-1,-1,-1
441,1,680,78,146,121,1.0,-1,-1,-1
441,5,1285,124,288,163,1.0,-1,-1,-1
442,1,679,79,147,121,1.0,-1,-1,-1
442,5,1285,124,288,163,1.0,-1,-1,-1
443,1,679,80,148,122,1.0,-1,-1,-1
443,5,1285,124,288,163,1.0,-1,-1,-1
444,1,678,81,147,121,1.0,-1,-1,-1
444,5,1285,124,288,163,1.0,-1,-1,-1
445,1,678,83,146,121,1.0,-1,-1,-1
445,5,1285,124,288,163,1.0,-1,-1,-1
446,1,677,85,145,121,1.0,-1,-1,-1
446,5,1285,124,288,163,1.0,-1,-1,-1
447,1,677,87,144,120,1.0,-1,-1,-1
447,5,1285,124,288,163,1.0,-1,-1,-1
448,1,677,89,143,120,1.0,-1,-1,-1
448,5,1285,124,288,163,1.0,-1,-1,-1
449,1,676,91,142,120,1.0,-1,-1,-1
449,5,1285,124,288,163,1.0,-1,-1,-1
450,1,676,93,141,119,1.0,-1,-1,-1
450,5,1285,124,288,163,1.0,-1,-1,-1
451,1,676,95,140,119,1.0,-1,-1,-1
451,5,1285,124,288,163,1.0,-1,-1,-1
452,1,675,97,140,119,1.0,-1,-1,-1
452,5,1285,124,288,163,1.0,-1,-1,-1
453,1,675,99,139,119,1.0,-1,-1,-1
453,5,1285,124,288,163,1.0,-1,-1,-1
454,1,675,101,138,118,1.0,-1,-1,-1
454,5,1285,124,288,163,1.0,-1,-1,-1
455,1,674,103,137,118,1.0,-1,-1,-1
455,5,1285,124,288,163,1.0,-1,-1,-1
456,1,673,101,138,121,1.0,-1,-1,-1
456,5,1285,124,288,163,1.0,-1,-1,-1
457,1,672,104,139,119,1.0,-1,-1,-1
457,5,1285,124,288,163,1.0,-1,-1,-1
458,1,671,106,141,117,1.0,-1,-1,-1
458,5,1285,124,288,163,1.0,-1,-1,-1
459,1,671,114,137,119,1.0,-1,-1,-1
459,5,1285,124,288,163,1.0,-1,-1,-1
460,1,671,115,138,119,1.0,-1,-1,-1
460,5,1285,124,288,163,1.0,-1,-1,-1
461,1,671,116,138,119,1.0,-1,-1,-1
461,5,1285,124,288,163,1.0,-1,-1,-1
462,1,664,117,145,123,1.0,-1,-1,-1
462,5,1285,124,288,163,1.0,-1,-1,-1
463,1,663,119,146,124,1.0,-1,-1,-1
463,5,1285,124,288,163,1.0,-1,-1,-1
464,1,667,123,146,118,1.0,-1,-1,-1
464,16,678,57,131,111,1.0,-1,-1,-1
464,5,1285,124,288,163,1.0,-1,-1,-1
465,1,666,125,148,117,1.0,-1,-1,-1
465,16,678,58,131,111,1.0,-1,-1,-1
465,5,1285,124,288,163,1.0,-1,-1,-1
466,1,662,123,149,125,1.0,-1,-1,-1
466,16,679,59,131,111,1.0,-1,-1,-1
466,5,1285,124,288,163,1.0,-1,-1,-1
467,1,661,125,150,123,1.0,-1,-1,-1
467,16,679,59,132,111,1.0,-1,-1,-1
467,5,1285,124,288,163,1.0,-1,-1,-1
468,1,661,127,150,124,1.0,-1,-1,-1
468,16,679,60,132,111,1.0,-1,-1,-1
468,5,1285,124,288,163,1.0,-1,-1,-1
469,1,661,129,151,124,1.0,-1,-1,-1
469,16,680,61,132,111,1.0,-1,-1,-1
469,5,1285,124,288,163,1.0,-1,-1,-1
470,1,659,130,153,127,1.0,-1,-1,-1
470,16,680,62,132,111,1.0,-1,-1,-1
470,5,1285,124,288,163,1.0,-1,-1,-1
471,1,658,130,155,131,1.0,-1,-1,-1
471,16,681,63,132,111,1.0,-1,-1,-1
471,5,1285,124,288,163,1.0,-1,-1,-1
472,1,657,130,156,134,1.0,-1,-1,-1
472,16,681,64,133,111,1.0,-1,-1,-1
472,5,1285,124,288,163,1.0,-1,-1,-1
473,1,657,131,156,136,1.0,-1,-1,-1
473,16,681,64,133,111,1.0,-1,-1,-1
473,5,1285,124,288,163,1.0,-1,-1,-1
474,1,657,133,155,134,1.0,-1,-1,-1
474,16,682,65,133,111,1.0,-1,-1,-1
474,5,1285,124,288,163,1.0,-1,-1,-1
475,1,657,135,155,132,1.0,-1,-1,-1
475,16,682,66,133,111,1.0,-1,-1,-1
475,5,1285,124,288,163,1.0,-1,-1,-1
476,1,658,145,153,134,1.0,-1,-1,-1
476,16,683,67,133,112,1.0,-1,-1,-1
476,5,1285,124,288,163,1.0,-1,-1,-1
477,1,657,145,155,135,1.0,-1,-1,-1
477,16,683,68,134,112,1.0,-1,-1,-1
477,5,1285,124,288,163,1.0,-1,-1,-1
478,1,656,146,158,136,1.0,-1,-1,-1
478,16,684,68,134,112,1.0,-1,-1,-1
478,5,1285,124,288,163,1.0,-1,-1,-1
479,1,654,149,163,134,1.0,-1,-1,-1
479,16,683,70,135,110,1.0,-1,-1,-1
479,5,1285,124,288,163,1.0,-1,-1,-1
480,1,652,152,167,134,1.0,-1,-1,-1
480,16,683,71,135,110,1.0,-1,-1,-1
480,5,1285,124,288,163,1.0,-1,-1,-1
481,1,649,155,172,133,1.0,-1,-1,-1
481,16,684,73,134,109,1.0,-1,-1,-1
481,5,1285,124,288,163,1.0,-1,-1,-1
482,1,647,156,176,135,1.0,-1,-1,-1
482,16,685,74,134,110,1.0,-1,-1,-1
482,5,1285,124,288,163,1.0,-1,-1,-1
483,1,645,159,178,137,1.0,-1,-1,-1
483,16,685,75,134,110,1.0,-1,-1,-1
483,5,1285,124,288,163,1.0,-1,-1,-1
484,1,645,160,178,139,1.0,-1,-1,-1
484,16,685,76,133,109,1.0,-1,-1,-1
484,5,1285,124,288,163,1.0,-1,-1,-1
485,1,645,162,178,141,1.0,-1,-1,-1
485,16,685,76,133,110,1.0,-1,-1,-1
485,5,1285,124,288,163,1.0,-1,-1,-1
486,1,645,163,177,142,1.0,-1,-1,-1
486,16,686,76,131,111,1.0,-1,-1,-1
486,5,1285,124,288,163,1.0,-1,-1,-1
487,1,644,164,178,144,1.0,-1,-1,-1
487,16,686,75,132,114,1.0,-1,-1,-1
487,5,1285,124,288,163,1.0,-1,-1,-1
488,1,643,166,177,143,1.0,-1,-1,-1
488,16,686,75,131,114,1.0,-1,-1,-1
488,5,1285,124,288,163,1.0,-1,-1,-1
489,1,642,179,179,141,1.0,-1,-1,-1
489,16,680,80,139,115,1.0,-1,-1,-1
489,5,1285,124,288,163,1.0,-1,-1,-1
490,1,643,178,178,145,1.0,-1,-1,-1
490,16,680,80,140,117,1.0,-1,-1,-1
490,5,1285,124,288,163,1.0,-1,-1,-1
491,1,642,177,180,149,1.0,-1,-1,-1
491,16,678,81,143,119,1.0,-1,-1,-1
491,5,1285,124,288,163,1.0,-1,-1,-1
492,1,640,178,184,153,1.0,-1,-1,-1
492,16,677,82,144,121,1.0,-1,-1,-1
492,5,1285,124,288,163,1.0,-1,-1,-1
493,1,636,180,189,155,1.0,-1,-1,-1
493,16,676,84,145,122,1.0,-1,-1,-1
493,5,1285,124,288,163,1.0,-1,-1,-1
494,1,634,183,192,156,1.0,-1,-1,-1
494,16,676,86,145,122,1.0,-1,-1,-1
494,5,1285,124,288,163,1.0,-1,-1,-1
495,1,633,184,193,160,1.0,-1,-1,-1
495,16,678,84,139,129,1.0,-1,-1,-1
495,5,1285,124,288,163,1.0,-1,-1,-1
496,1,633,187,193,163,1.0,-1,-1,-1
496,16,676,87,140,126,1.0,-1,-1,-1
496,5,1285,124,288,163,1.0,-1,-1,-1
497,1,632,188,193,167,1.0,-1,-1,-1
497,16,676,87,139,127,1.0,-1,-1,-1
497,5,1285,124,288,163,1.0,-1,-1,-1
498,1,631,191,193,166,1.0,-1,-1,-1
498,16,675,88,139,127,1.0,-1,-1,-1
498,5,1285,124,288,163,1.0,-1,-1,-1
499,1,631,195,193,159,1.0,-1,-1,-1
499,16,674,90,140,128,1.0,-1,-1,-1
499,5,1285,124,288,163,1.0,-1,-1,-1
500,1,628,210,199,156,1.0,-1,-1,-1
500,16,673,93,141,126,1.0,-1,-1,-1
500,5,1285,124,288,163,1.0,-1,-1,-1
501,1,627,212,199,158,1.0,-1,-1,-1
501,16,671,96,141,124,1.0,-1,-1,-1
501,5,1285,124,288,163,1.0,-1,-1,-1
502,1,626,213,201,162,1.0,-1,-1,-1
502,16,671,98,141,124,1.0,-1,-1,-1
502,5,1285,124,288,163,1.0,-1,-1,-1
503,1,626,214,201,165,1.0,-1,-1,-1
503,16,670,102,141,123,1.0,-1,-1,-1
503,5,1285,124,288,163,1.0,-1,-1,-1
504,1,625,215,202,170,1.0,-1,-1,-1
504,16,669,104,143,122,1.0,-1,-1,-1
504,5,1285,124,288,163,1.0,-1,-1,-1
505,1,625,218,203,171,1.0,-1,-1,-1
505,16,670,106,142,122,1.0,-1,-1,-1
505,5,1285,124,288,163,1.0,-1,-1,-1
506,1,623,220,205,174,1.0,-1,-1,-1
506,16,669,106,144,123,1.0,-1,-1,-1
506,5,1285,124,288,163,1.0,-1,-1,-1
507,1,622,221,208,174,1.0,-1,-1,-1
507,16,665,109,141,130,1.0,-1,-1,-1
507,5,1285,124,288,163,1.0,-1,-1,-1
508,1,621,225,210,169,1.0,-1,-1,-1
508,16,666,110,141,131,1.0,-1,-1,-1
508,5,1285,124,288,163,1.0,-1,-1,-1
509,1,623,239,210,168,1.0,-1,-1,-1
509,16,665,109,141,133,1.0,-1,-1,-1
509,5,1285,124,288,163,1.0,-1,-1,-1
510,1,624,241,209,169,1.0,-1,-1,-1
510,16,665,111,141,134,1.0,-1,-1,-1
510,5,1285,124,288,163,1.0,-1,-1,-1
511,1,622,242,210,171,1.0,-1,-1,-1
511,16,665,113,142,135,1.0,-1,-1,-1
511,5,1285,124,288,163,1.0,-1,-1,-1
512,1,619,244,215,173,1.0,-1,-1,-1
512,16,663,116,143,133,1.0,-1,-1,-1
512,5,1285,124,288,163,1.0,-1,-1,-1
513,1,617,246,219,177,1.0,-1,-1,-1
513,16,663,118,144,133,1.0,-1,-1,-1
513,5,1285,124,288,163,1.0,-1,-1,-1
514,1,613,249,224,179,1.0,-1,-1,-1
514,16,662,121,146,132,1.0,-1,-1,-1
514,5,1285,124,288,163,1.0,-1,-1,-1
515,1,611,252,226,181,1.0,-1,-1,-1
515,16,660,123,148,132,1.0,-1,-1,-1
515,5,1285,124,288,163,1.0,-1,-1,-1
516,1,609,256,227,177,1.0,-1,-1,-1
516,16,657,125,153,132,1.0,-1,-1,-1
516,5,1285,124,288,163,1.0,-1,-1,-1
517,1,608,269,233,185,1.0,-1,-1,-1
517,16,654,127,158,133,1.0,-1,-1,-1
517,5,1285,124,288,163,1.0,-1,-1,-1
518,1,605,271,239,186,1.0,-1,-1,-1
518,16,652,127,161,134,1.0,-1,-1,-1
518,5,1285,124,288,163,1.0,-1,-1,-1
519,1,602,274,244,189,1.0,-1,-1,-1
519,16,650,130,163,134,1.0,-1,-1,-1
519,5,1285,124,288,163,1.0,-1,-1,-1
520,1,598,275,250,204,1.0,-1,-1,-1
520,16,651,132,162,135,1.0,-1,-1,-1
520,5,1285,124,288,163,1.0,-1,-1,-1
521,1,598,277,248,210,1.0,-1,-1,-1
521,16,651,135,163,134,1.0,-1,-1,-1
521,5,1285,124,288,163,1.0,-1,-1,-1
522,1,597,277,250,216,1.0,-1,-1,-1
522,16,653,143,159,135,1.0,-1,-1,-1
522,5,1285,124,288,163,1.0,-1,-1,-1
523,1,602,296,248,208,1.0,-1,-1,-1
523,16,652,144,160,137,1.0,-1,-1,-1
523,5,1285,124,288,163,1.0,-1,-1,-1
524,1,600,300,251,211,1.0,-1,-1,-1
524,16,651,146,162,138,1.0,-1,-1,-1
524,5,1281,124,288,162,1.0,-1,-1,-1
525,1,595,306,256,214,1.0,-1,-1,-1
525,16,650,148,163,137,1.0,-1,-1,-1
525,5,1277,125,288,162,1.0,-1,-1,-1
526,1,590,312,261,221,1.0,-1,-1,-1
526,16,648,151,167,136,1.0,-1,-1,-1
526,5,1273,125,288,161,1.0,-1,-1,-1
527,1,585,319,267,228,1.0,-1,-1,-1
527,16,647,153,169,137,1.0,-1,-1,-1
527,5,1269,126,288,161,1.0,-1,-1,-1
528,1,583,327,269,234,1.0,-1,-1,-1
528,16,645,156,174,139,1.0,-1,-1,-1
528,5,1265,127,288,161,1.0,-1,-1,-1
529,1,581,333,271,239,1.0,-1,-1,-1
529,16,644,157,177,142,1.0,-1,-1,-1
529,5,1261,127,288,160,1.0,-1,-1,-1
530,1,578,358,275,229,1.0,-1,-1,-1
530,16,644,160,177,145,1.0,-1,-1,-1
530,5,1257,128,288,160,1.0,-1,-1,-1
531,1,575,362,278,232,1.0,-1,-1,-1
531,16,645,160,176,151,1.0,-1,-1,-1
531,5,1253,129,288,160,1.0,-1,-1,-1
532,1,573,370,280,234,1.0,-1,-1,-1
532,16,645,162,176,151,1.0,-1,-1,-1
532,5,1249,129,288,159,1.0,-1,-1,-1
533,1,569,378,285,238,1.0,-1,-1,-1
533,16,645,165,176,149,1.0,-1,-1,-1
533,5,1245,130,288,159,1.0,-1,-1,-1
534,1,567,386,288,243,1.0,-1,-1,-1
534,16,645,176,177,147,1.0,-1,-1,-1
534,5,1241,131,288,159,1.0,-1,-1,-1
535,1,562,394,294,252,1.0,-1,-1,-1
535,16,645,175,178,150,1.0,-1,-1,-1
535,5,1237,131,288,158,1.0,-1,-1,-1
536,1,555,400,301,260,1.0,-1,-1,-1
536,16,644,176,179,151,1.0,-1,-1,-1
536,5,1233,132,288,158,1.0,-1,-1,-1
537,1,548,423,310,252,1.0,-1,-1,-1
537,16,643,179,180,152,1.0,-1,-1,-1
537,5,1229,133,288,158,1.0,-1,-1,-1
538,1,544,433,317,251,1.0,-1,-1,-1
538,16,642,181,182,154,1.0,-1,-1,-1
538,5,1225,133,288,157,1.0,-1,-1,-1
539,1,541,445,321,252,1.0,-1,-1,-1
539,16,642,184,183,157,1.0,-1,-1,-1
539,5,1221,134,288,157,1.0,-1,-1,-1
540,1,538,454,322,264,1.0,-1,-1,-1
540,16,641,188,185,161,1.0,-1,-1,-1
540,5,1217,135,288,157,1.0,-1,-1,-1
541,1,533,462,325,274,1.0,-1,-1,-1
541,16,641,191,187,167,1.0,-1,-1,-1
541,5,1213,135,288,156,1.0,-1,-1,-1
542,1,527,480,326,280,1.0,-1,-1,-1
542,16,641,193,187,168,1.0,-1,-1,-1
542,5,1209,136,288,156,1.0,-1,-1,-1
543,1,519,490,332,280,1.0,-1,-1,-1
543,16,644,195,195,165,1.0,-1,-1,-1
543,5,1206,137,289,156,1.0,-1,-1,-1
544,1,512,505,337,284,1.0,-1,-1,-1
544,16,637,202,197,170,1.0,-1,-1,-1
544,5,1192,138,286,155,1.0,-1,-1,-1
545,1,503,519,344,293,1.0,-1,-1,-1
545,16,641,201,200,175,1.0,-1,-1,-1
545,5,1179,140,284,155,1.0,-1,-1,-1
546,1,499,546,348,299,1.0,-1,-1,-1
546,16,641,205,200,173,1.0,-1,-1,-1
546,5,1165,141,282,154,1.0,-1,-1,-1
547,1,482,558,348,297,1.0,-1,-1,-1
547,16,640,209,202,173,1.0,-1,-1,-1
547,5,1152,143,280,154,1.0,-1,-1,-1
548,1,474,573,349,306,1.0,-1,-1,-1
548,16,640,213,204,174,1.0,-1,-1,-1
548,5,1138,144,277,153,1.0,-1,-1,-1
549,1,464,585,355,320,1.0,-1,-1,-1
549,16,640,217,206,177,1.0,-1,-1,-1
549,5,1125,146,275,153,1.0,-1,-1,-1
550,1,449,614,360,320,1.0,-1,-1,-1
550,16,639,221,208,176,1.0,-1,-1,-1
550,5,1111,148,273,152,1.0,-1,-1,-1
551,1,436,630,367,323,1.0,-1,-1,-1
551,16,640,224,208,175,1.0,-1,-1,-1
551,5,1098,149,271,152,1.0,-1,-1,-1
552,1,423,650,374,323,1.0,-1,-1,-1
552,16,637,233,210,179,1.0,-1,-1,-1
552,5,1084,151,269,152,1.0,-1,-1,-1
553,1,408,682,385,338,1.0,-1,-1,-1
553,16,636,232,213,183,1.0,-1,-1,-1
553,5,1071,152,266,151,1.0,-1,-1,-1
554,1,383,705,387,333,1.0,-1,-1,-1
554,16,632,233,221,186,1.0,-1,-1,-1
554,5,1062,153,268,154,1.0,-1,-1,-1
555,1,357,722,425,341,1.0,-1,-1,-1
555,16,630,236,225,189,1.0,-1,-1,-1
555,5,1041,154,253,155,1.0,-1,-1,-1
556,16,629,240,228,191,1.0,-1,-1,-1
556,5,1027,155,266,156,1.0,-1,-1,-1
557,16,629,246,229,191,1.0,-1,-1,-1
557,5,1000,158,259,154,1.0,-1,-1,-1
558,16,629,251,230,190,1.0,-1,-1,-1
558,5,987,159,268,155,1.0,-1,-1,-1
559,16,620,252,231,200,1.0,-1,-1,-1
559,5,972,159,252,157,1.0,-1,-1,-1
560,16,626,255,233,210,1.0,-1,-1,-1
560,5,957,162,263,154,1.0,-1,-1,-1
561,16,626,261,233,212,1.0,-1,-1,-1
561,5,938,164,243,150,1.0,-1,-1,-1
562,16,626,267,232,215,1.0,-1,-1,-1
562,5,922,165,259,150,1.0,-1,-1,-1
563,16,626,273,233,220,1.0,-1,-1,-1
563,5,899,166,250,147,1.0,-1,-1,-1
564,16,619,295,248,207,1.0,-1,-1,-1
564,5,892,171,247,155,1.0,-1,-1,-1
565,16,617,300,251,209,1.0,-1,-1,-1
565,5,889,171,234,155,1.0,-1,-1,-1
566,16,616,309,255,211,1.0,-1,-1,-1
566,5,864,175,234,154,1.0,-1,-1,-1
567,16,613,318,261,214,1.0,-1,-1,-1
567,5,857,173,230,158,1.0,-1,-1,-1
568,16,610,325,267,220,1.0,-1,-1,-1
568,5,831,175,232,157,1.0,-1,-1,-1
569,16,609,331,268,229,1.0,-1,-1,-1
569,5,823,173,228,163,1.0,-1,-1,-1
570,16,609,336,268,236,1.0,-1,-1,-1
570,5,800,177,224,160,1.0,-1,-1,-1
571,16,596,362,278,222,1.0,-1,-1,-1
571,5,792,175,223,165,1.0,-1,-1,-1
572,16,596,370,277,224,1.0,-1,-1,-1
572,5,784,178,223,164,1.0,-1,-1,-1
573,16,592,381,283,227,1.0,-1,-1,-1
573,5,759,181,225,166,1.0,-1,-1,-1
574,16,586,392,291,230,1.0,-1,-1,-1
574,5,751,185,223,166,1.0,-1,-1,-1
575,16,583,401,295,237,1.0,-1,-1,-1
575,5,727,188,227,167,1.0,-1,-1,-1
576,16,579,405,301,248,1.0,-1,-1,-1
576,5,719,189,230,172,1.0,-1,-1,-1
577,16,573,427,310,245,1.0,-1,-1,-1
577,5,710,190,230,173,1.0,-1,-1,-1
578,16,568,437,313,247,1.0,-1,-1,-1
578,5,694,194,221,168,1.0,-1,-1,-1
579,16,559,451,317,249,1.0,-1,-1,-1
579,5,688,200,220,173,1.0,-1,-1,-1
580,16,550,463,325,258,1.0,-1,-1,-1
580,5,681,200,217,176,1.0,-1,-1,-1
581,16,536,468,338,270,1.0,-1,-1,-1
581,5,674,200,218,180,1.0,-1,-1,-1
582,16,530,493,337,268,1.0,-1,-1,-1
582,5,664,207,208,174,1.0,-1,-1,-1
583,16,521,506,343,271,1.0,-1,-1,-1
583,5,659,211,208,173,1.0,-1,-1,-1
584,16,509,519,352,282,1.0,-1,-1,-1
584,5,649,214,215,176,1.0,-1,-1,-1
585,16,500,529,357,292,1.0,-1,-1,-1
585,5,640,217,221,178,1.0,-1,-1,-1
586,16,493,555,359,300,1.0,-1,-1,-1
586,5,632,219,225,181,1.0,-1,-1,-1
587,16,473,580,364,298,1.0,-1,-1,-1
587,5,621,223,224,179,1.0,-1,-1,-1
588,16,464,593,368,308,1.0,-1,-1,-1
588,5,619,224,222,178,1.0,-1,-1,-1
589,16,450,626,365,305,1.0,-1,-1,-1
589,5,618,233,219,181,1.0,-1,-1,-1
590,16,434,643,372,308,1.0,-1,-1,-1
590,5,616,236,216,180,1.0,-1,-1,-1
591,16,405,645,411,364,1.0,-1,-1,-1
591,5,613,236,216,183,1.0,-1,-1,-1
592,16,395,668,416,363,1.0,-1,-1,-1
592,5,607,240,222,187,1.0,-1,-1,-1
593,16,372,715,403,326,1.0,-1,-1,-1
593,5,600,243,231,191,1.0,-1,-1,-1
594,16,346,729,432,333,1.0,-1,-1,-1
594,5,594,247,238,193,1.0,-1,-1,-1
595,5,589,244,246,208,1.0,-1,-1,-1
596,5,587,250,248,210,1.0,-1,-1,-1
597,5,584,255,247,213,1.0,-1,-1,-1
598,5,581,260,248,217,1.0,-1,-1,-1
599,5,577,265,249,221,1.0,-1,-1,-1
600,5,573,270,253,225,1.0,-1,-1,-1
601,5,570,272,256,228,1.0,-1,-1,-1
602,5,573,294,252,213,1.0,-1,-1,-1
603,5,569,301,259,217,1.0,-1,-1,-1
604,5,564,309,268,220,1.0,-1,-1,-1
605,5,559,318,274,225,1.0,-1,-1,-1
606,5,555,327,277,230,1.0,-1,-1,-1
607,5,551,332,278,237,1.0,-1,-1,-1
608,5,546,336,281,244,1.0,-1,-1,-1
609,5,542,355,282,239,1.0,-1,-1,-1
610,5,537,365,287,238,1.0,-1,-1,-1
611,5,533,375,290,239,1.0,-1,-1,-1
612,5,529,386,294,241,1.0,-1,-1,-1
613,5,523,394,301,250,1.0,-1,-1,-1
614,5,517,399,310,261,1.0,-1,-1,-1
615,5,513,420,316,262,1.0,-1,-1,-1
616,5,501,433,316,252,1.0,-1,-1,-1
617,5,495,449,322,252,1.0,-1,-1,-1
618,5,489,460,325,259,1.0,-1,-1,-1
619,5,481,466,334,273,1.0,-1,-1,-1
620,5,469,485,339,278,1.0,-1,-1,-1
621,5,462,496,341,283,1.0,-1,-1,-1
622,5,452,511,351,292,1.0,-1,-1,-1
623,5,445,522,359,302,1.0,-1,-1,-1
624,5,435,546,356,309,1.0,-1,-1,-1
625,5,425,559,361,315,1.0,-1,-1,-1
626,5,397,580,376,318,1.0,-1,-1,-1
627,5,403,609,386,318,1.0,-1,-1,-1
628,5,381,626,384,317,1.0,-1,-1,-1
629,5,367,646,390,318,1.0,-1,-1,-1
630,5,347,653,413,371,1.0,-1,-1,-1
631,5,333,693,405,335,1.0,-1,-1,-1
632,5,304,709,441,354,1.0,-1,-1,-1
633,5,271,750,460,328,1.0,-1,-1,-1
706,4,977,673,448,405,1.0,-1,-1,-1
707,4,984,654,440,424,1.0,-1,-1,-1
708,4,990,636,433,442,1.0,-1,-1,-1
709,4,994,619,427,458,1.0,-1,-1,-1
710,4,995,605,424,447,1.0,-1,-1,-1
711,4,993,590,426,437,1.0,-1,-1,-1
712,4,991,578,426,424,1.0,-1,-1,-1
713,4,1004,566,404,424,1.0,-1,-1,-1
714,4,993,545,406,398,1.0,-1,-1,-1
715,4,989,536,407,398,1.0,-1,-1,-1
716,4,984,522,412,398,1.0,-1,-1,-1
717,4,983,506,410,400,1.0,-1,-1,-1
718,4,978,483,388,409,1.0,-1,-1,-1
719,4,984,468,374,398,1.0,-1,-1,-1
720,4,982,459,374,391,1.0,-1,-1,-1
721,4,972,460,385,355,1.0,-1,-1,-1
722,4,971,453,379,353,1.0,-1,-1,-1
723,4,965,451,377,348,1.0,-1,-1,-1
724,4,955,430,372,338,1.0,-1,-1,-1
725,4,951,421,368,341,1.0,-1,-1,-1
726,4,948,411,363,339,1.0,-1,-1,-1
727,4,943,399,361,340,1.0,-1,-1,-1
728,4,937,390,362,339,1.0,-1,-1,-1
729,4,908,385,386,334,1.0,-1,-1,-1
730,4,910,383,378,332,1.0,-1,-1,-1
731,4,911,356,366,339,1.0,-1,-1,-1
732,4,911,352,356,332,1.0,-1,-1,-1
733,4,910,346,347,324,1.0,-1,-1,-1
734,4,905,341,344,316,1.0,-1,-1,-1
735,4,899,333,344,313,1.0,-1,-1,-1
736,4,895,328,342,308,1.0,-1,-1,-1
737,4,892,323,337,306,1.0,-1,-1,-1
738,4,886,314,338,285,1.0,-1,-1,-1
739,4,885,309,331,285,1.0,-1,-1,-1
740,4,884,303,325,283,1.0,-1,-1,-1
741,4,885,297,316,279,1.0,-1,-1,-1
742,4,887,293,308,272,1.0,-1,-1,-1
743,4,889,288,302,271,1.0,-1,-1,-1
744,4,874,283,306,266,1.0,-1,-1,-1
745,4,872,277,306,266,1.0,-1,-1,-1
746,4,870,270,306,266,1.0,-1,-1,-1
747,4,870,267,303,266,1.0,-1,-1,-1
748,4,871,256,294,254,1.0,-1,-1,-1
749,4,874,254,286,250,1.0,-1,-1,-1
750,4,873,252,281,247,1.0,-1,-1,-1
751,4,871,248,277,246,1.0,-1,-1,-1
752,4,869,245,276,245,1.0,-1,-1,-1
753,4,868,242,274,241,1.0,-1,-1,-1
754,4,865,237,273,240,1.0,-1,-1,-1
755,4,860,234,273,238,1.0,-1,-1,-1
756,4,855,229,273,238,1.0,-1,-1,-1
757,4,854,226,270,234,1.0,-1,-1,-1
758,4,853,221,264,230,1.0,-1,-1,-1
759,4,854,218,256,226,1.0,-1,-1,-1
760,4,853,215,251,225,1.0,-1,-1,-1
761,4,852,214,249,224,1.0,-1,-1,-1
762,4,848,192,250,236,1.0,-1,-1,-1
763,4,847,192,248,231,1.0,-1,-1,-1
764,4,846,192,245,227,1.0,-1,-1,-1
765,4,846,192,239,222,1.0,-1,-1,-1
766,4,846,190,238,219,1.0,-1,-1,-1
767,4,833,186,244,219,1.0,-1,-1,-1
768,4,833,184,242,216,1.0,-1,-1,-1
769,4,833,181,241,213,1.0,-1,-1,-1
770,4,832,179,240,212,1.0,-1,-1,-1
771,4,832,176,238,211,1.0,-1,-1,-1
772,4,833,172,234,213,1.0,-1,-1,-1
773,4,833,170,232,211,1.0,-1,-1,-1
774,4,834,172,223,190,1.0,-1,-1,-1
775,4,835,170,219,191,1.0,-1,-1,-1
776,4,835,170,218,189,1.0,-1,-1,-1
777,4,835,168,217,188,1.0,-1,-1,-1
778,4,837,166,215,188,1.0,-1,-1,-1
779,4,838,164,212,189,1.0,-1,-1,-1
780,4,838,161,211,189,1.0,-1,-1,-1
781,4,839,157,211,191,1.0,-1,-1,-1
782,4,839,153,211,193,1.0,-1,-1,-1
783,4,837,146,212,179,1.0,-1,-1,-1
784,4,837,145,212,178,1.0,-1,-1,-1
785,4,839,145,207,175,1.0,-1,-1,-1
786,4,840,144,203,173,1.0,-1,-1,-1
787,4,841,143,199,172,1.0,-1,-1,-1
788,4,841,141,197,172,1.0,-1,-1,-1
789,4,841,138,196,173,1.0,-1,-1,-1
790,4,842,136,192,173,1.0,-1,-1,-1
791,4,842,134,190,174,1.0,-1,-1,-1
792,4,843,132,188,175,1.0,-1,-1,-1
793,4,843,131,188,173,1.0,-1,-1,-1
794,4,842,128,187,174,1.0,-1,-1,-1
795,4,842,128,186,173,1.0,-1,-1,-1
796,4,842,128,185,170,1.0,-1,-1,-1
797,4,843,128,184,168,1.0,-1,-1,-1
798,4,843,117,190,170,1.0,-1,-1,-1
799,4,843,115,189,173,1.0,-1,-1,-1
800,4,844,116,185,169,1.0,-1,-1,-1
801,4,844,114,183,169,1.0,-1,-1,-1
802,4,846,113,178,168,1.0,-1,-1,-1
803,4,845,111,178,166,1.0,-1,-1,-1
804,4,847,110,175,164,1.0,-1,-1,-1
805,4,846,111,175,157,1.0,-1,-1,-1
806,4,847,112,173,152,1.0,-1,-1,-1
807,4,847,110,172,151,1.0,-1,-1,-1
808,4,847,109,171,152,1.0,-1,-1,-1
809,4,848,104,170,155,1.0,-1,-1,-1
810,4,847,102,170,155,1.0,-1,-1,-1
811,4,847,99,169,156,1.0,-1,-1,-1
812,4,846,99,169,153,1.0,-1,-1,-1
813,4,846,99,167,152,1.0,-1,-1,-1
814,4,846,99,165,150,1.0,-1,-1,-1
815,4,848,94,164,141,1.0,-1,-1,-1
816,4,847,94,164,140,1.0,-1,-1,-1
817,4,847,93,161,140,1.0,-1,-1,-1
818,4,848,92,159,142,1.0,-1,-1,-1
819,4,847,91,159,142,1.0,-1,-1,-1
820,4,834,92,172,139,1.0,-1,-1,-1
821,4,834,90,172,138,1.0,-1,-1,-1
822,4,834,89,171,138,1.0,-1,-1,-1
823,4,834,87,169,138,1.0,-1,-1,-1
824,4,832,85,169,139,1.0,-1,-1,-1
825,4,830,83,171,140,1.0,-1,-1,-1
826,4,829,81,170,141,1.0,-1,-1,-1
827,4,828,79,170,141,1.0,-1,-1,-1
828,4,827,77,169,142,1.0,-1,-1,-1
829,4,826,76,169,142,1.0,-1,-1,-1
830,4,825,74,169,143,1.0,-1,-1,-1
831,4,824,72,168,143,1.0,-1,-1,-1
832,4,822,70,168,144,1.0,-1,-1,-1
833,4,821,68,167,144,1.0,-1,-1,-1
834,4,820,66,167,145,1.0,-1,-1,-1
835,4,819,65,166,145,1.0,-1,-1,-1
836,4,818,63,166,146,1.0,-1,-1,-1
837,4,817,61,165,146,1.0,-1,-1,-1
838,4,816,59,165,147,1.0,-1,-1,-1
839,4,814,57,165,147,1.0,-1,-1,-1
840,4,813,55,164,148,1.0,-1,-1,-1
841,4,812,54,164,148,1.0,-1,-1,-1
842,4,811,52,163,149,1.0,-1,-1,-1
843,4,810,50,163,149,1.0,-1,-1,-1
843,19,0,241,548,246,1.0,-1,-1,-1
844,4,809,48,162,150,1.0,-1,-1,-1
844,19,0,243,574,247,1.0,-1,-1,-1
845,4,808,46,162,150,1.0,-1,-1,-1
845,19,82,237,461,248,1.0,-1,-1,-1
846,4,807,45,162,151,1.0,-1,-1,-1
846,19,67,239,499,249,1.0,-1,-1,-1
847,4,806,44,161,150,1.0,-1,-1,-1
847,19,66,240,530,252,1.0,-1,-1,-1
848,4,805,44,160,149,1.0,-1,-1,-1
848,19,66,237,562,257,1.0,-1,-1,-1
849,4,805,44,160,148,1.0,-1,-1,-1
849,19,142,234,477,258,1.0,-1,-1,-1
850,4,804,43,159,147,1.0,-1,-1,-1
850,19,138,239,505,255,1.0,-1,-1,-1
851,4,803,43,158,147,1.0,-1,-1,-1
851,19,147,244,519,253,1.0,-1,-1,-1
852,4,803,43,158,146,1.0,-1,-1,-1
852,19,157,245,535,256,1.0,-1,-1,-1
853,4,802,42,157,145,1.0,-1,-1,-1
853,19,222,248,461,255,1.0,-1,-1,-1
854,4,802,42,156,144,1.0,-1,-1,-1
854,19,227,251,468,257,1.0,-1,-1,-1
855,4,801,42,156,143,1.0,-1,-1,-1
855,19,240,256,472,251,1.0,-1,-1,-1
856,4,800,41,155,143,1.0,-1,-1,-1
856,19,254,257,480,251,1.0,-1,-1,-1
857,4,800,41,154,142,1.0,-1,-1,-1
857,19,293,254,466,264,1.0,-1,-1,-1
858,4,799,41,154,141,1.0,-1,-1,-1
858,19,300,250,462,273,1.0,-1,-1,-1
859,4,798,40,153,140,1.0,-1,-1,-1
859,19,311,267,467,261,1.0,-1,-1,-1
860,4,798,40,152,139,1.0,-1,-1,-1
860,19,325,268,472,262,1.0,-1,-1,-1
861,4,797,40,152,139,1.0,-1,-1,-1
861,19,341,267,472,264,1.0,-1,-1,-1
862,4,797,39,151,138,1.0,-1,-1,-1
862,19,376,273,453,262,1.0,-1,-1,-1
863,4,796,39,150,137,1.0,-1,-1,-1
863,19,388,272,446,266,1.0,-1,-1,-1
864,4,795,39,150,136,1.0,-1,-1,-1
864,19,401,273,442,269,1.0,-1,-1,-1
865,4,795,38,149,135,1.0,-1,-1,-1
865,19,416,273,441,273,1.0,-1,-1,-1
866,4,794,38,148,135,1.0,-1,-1,-1
866,19,433,276,431,276,1.0,-1,-1,-1
867,4,793,38,148,134,1.0,-1,-1,-1
867,19,447,277,417,278,1.0,-1,-1,-1
868,4,793,37,147,133,1.0,-1,-1,-1
868,19,471,275,414,287,1.0,-1,-1,-1
869,4,792,37,146,132,1.0,-1,-1,-1
869,19,484,279,410,285,1.0,-1,-1,-1
870,4,792,37,146,132,1.0,-1,-1,-1
870,19,498,284,405,279,1.0,-1,-1,-1
871,4,791,37,145,131,1.0,-1,-1,-1
871,19,511,289,400,276,1.0,-1,-1,-1
872,4,790,37,145,130,1.0,-1,-1,-1
872,19,522,292,392,278,1.0,-1,-1,-1
873,4,789,37,144,130,1.0,-1,-1,-1
873,19,532,293,384,284,1.0,-1,-1,-1
874,4,788,38,144,129,1.0,-1,-1,-1
874,19,539,293,378,294,1.0,-1,-1,-1
875,4,787,38,144,129,1.0,-1,-1,-1
875,19,543,294,376,298,1.0,-1,-1,-1
876,4,786,38,143,128,1.0,-1,-1,-1
876,19,558,292,374,312,1.0,-1,-1,-1
877,4,785,39,143,128,1.0,-1,-1,-1
877,19,562,298,369,310,1.0,-1,-1,-1
878,4,784,39,142,127,1.0,-1,-1,-1
878,19,569,301,364,310,1.0,-1,-1,-1
879,4,783,39,142,127,1.0,-1,-1,-1
879,19,576,303,358,311,1.0,-1,-1,-1
880,4,782,40,142,126,1.0,-1,-1,-1
880,19,584,313,354,316,1.0,-1,-1,-1
881,4,781,40,141,125,1.0,-1,-1,-1
881,19,589,316,354,314,1.0,-1,-1,-1
882,4,780,40,141,125,1.0,-1,-1,-1
882,19,595,319,355,312,1.0,-1,-1,-1
883,4,779,41,141,124,1.0,-1,-1,-1
883,19,600,320,352,314,1.0,-1,-1,-1
884,4,778,41,140,124,1.0,-1,-1,-1
884,19,603,320,351,319,1.0,-1,-1,-1
885,4,777,41,140,123,1.0,-1,-1,-1
885,19,607,325,350,318,1.0,-1,-1,-1
886,4,776,41,139,123,1.0,-1,-1,-1
886,19,611,331,350,317,1.0,-1,-1,-1
887,4,775,42,139,122,1.0,-1,-1,-1
887,19,612,339,353,316,1.0,-1,-1,-1
888,4,774,42,139,122,1.0,-1,-1,-1
888,19,612,347,358,314,1.0,-1,-1,-1
889,4,773,42,138,121,1.0,-1,-1,-1
889,19,611,357,368,308,1.0,-1,-1,-1
890,4,772,43,138,120,1.0,-1,-1,-1
890,19,615,365,367,303,1.0,-1,-1,-1
891,4,771,43,138,120,1.0,-1,-1,-1
891,19,621,368,361,307,1.0,-1,-1,-1
892,4,770,43,137,119,1.0,-1,-1,-1
892,19,622,369,358,313,1.0,-1,-1,-1
893,4,769,44,137,119,1.0,-1,-1,-1
893,19,621,369,359,319,1.0,-1,-1,-1
894,4,768,44,136,118,1.0,-1,-1,-1
894,19,613,383,373,333,1.0,-1,-1,-1
895,4,767,44,136,118,1.0,-1,-1,-1
895,19,616,383,371,340,1.0,-1,-1,-1
896,4,766,45,136,117,1.0,-1,-1,-1
896,19,614,387,375,343,1.0,-1,-1,-1
897,4,765,45,135,117,1.0,-1,-1,-1
897,19,612,392,379,345,1.0,-1,-1,-1
898,4,764,45,135,116,1.0,-1,-1,-1
898,19,611,396,381,348,1.0,-1,-1,-1
899,4,763,46,135,116,1.0,-1,-1,-1
899,19,609,403,383,346,1.0,-1,-1,-1
900,4,762,46,134,115,1.0,-1,-1,-1
900,19,606,414,382,340,1.0,-1,-1,-1
901,4,761,47,134,114,1.0,-1,-1,-1
901,19,605,423,379,342,1.0,-1,-1,-1
902,4,761,48,133,113,1.0,-1,-1,-1
902,19,603,429,372,343,1.0,-1,-1,-1
903,4,760,49,133,112,1.0,-1,-1,-1
903,19,588,444,386,353,1.0,-1,-1,-1
904,4,760,50,132,112,1.0,-1,-1,-1
904,19,584,446,387,354,1.0,-1,-1,-1
905,4,759,50,132,111,1.0,-1,-1,-1
905,19,578,455,392,348,1.0,-1,-1,-1
906,4,759,51,131,110,1.0,-1,-1,-1
906,19,574,465,395,341,1.0,-1,-1,-1
907,4,758,52,131,109,1.0,-1,-1,-1
907,19,560,450,405,385,1.0,-1,-1,-1
908,4,758,53,130,108,1.0,-1,-1,-1
908,19,557,458,403,388,1.0,-1,-1,-1
909,4,757,54,130,108,1.0,-1,-1,-1
909,19,552,467,399,390,1.0,-1,-1,-1
910,4,756,54,129,107,1.0,-1,-1,-1
910,19,550,477,398,396,1.0,-1,-1,-1
911,19,543,489,407,398,1.0,-1,-1,-1
912,19,537,498,416,401,1.0,-1,-1,-1
913,19,521,507,416,416,1.0,-1,-1,-1
914,19,518,520,412,416,1.0,-1,-1,-1
915,19,508,534,418,410,1.0,-1,-1,-1
916,19,492,541,432,410,1.0,-1,-1,-1
917,19,469,560,450,434,1.0,-1,-1,-1
918,19,453,566,465,440,1.0,-1,-1,-1
919,19,440,577,472,440,1.0,-1,-1,-1
920,19,427,592,477,443,1.0,-1,-1,-1
921,19,418,609,474,443,1.0,-1,-1,-1
922,19,404,624,479,444,1.0,-1,-1,-1
923,19,386,641,486,437,1.0,-1,-1,-1
924,19,371,656,492,422,1.0,-1,-1,-1
1112,57,708,65,122,112,1.0,-1,-1,-1
1116,57,706,76,130,109,1.0,-1,-1,-1
1117,57,703,76,134,111,1.0,-1,-1,-1
1118,57,702,75,136,113,1.0,-1,-1,-1
1119,57,701,74,138,115,1.0,-1,-1,-1
1120,57,701,74,139,117,1.0,-1,-1,-1
1121,57,700,73,140,118,1.0,-1,-1,-1
1122,57,700,77,138,117,1.0,-1,-1,-1
1123,57,701,72,139,130,1.0,-1,-1,-1
1124,57,701,72,139,132,1.0,-1,-1,-1
1125,57,700,74,140,131,1.0,-1,-1,-1
1126,57,700,76,141,132,1.0,-1,-1,-1
1127,57,700,78,141,131,1.0,-1,-1,-1
1128,57,700,80,142,131,1.0,-1,-1,-1
1129,57,700,83,142,129,1.0,-1,-1,-1
1130,57,700,87,143,129,1.0,-1,-1,-1
1131,57,700,91,143,130,1.0,-1,-1,-1
1132,57,700,95,143,131,1.0,-1,-1,-1
1133,57,700,97,143,132,1.0,-1,-1,-1
1134,57,700,100,143,131,1.0,-1,-1,-1
1135,57,699,100,144,133,1.0,-1,-1,-1
1136,57,700,104,141,136,1.0,-1,-1,-1
1137,57,699,105,142,137,1.0,-1,-1,-1
1138,57,697,106,144,138,1.0,-1,-1,-1
1139,57,696,108,147,139,1.0,-1,-1,-1
1140,57,694,111,151,138,1.0,-1,-1,-1
1141,57,692,114,154,137,1.0,-1,-1,-1
1142,57,689,117,158,136,1.0,-1,-1,-1
1143,57,687,119,160,137,1.0,-1,-1,-1
1144,57,685,123,163,138,1.0,-1,-1,-1
1145,57,683,127,164,137,1.0,-1,-1,-1
1146,57,680,129,165,138,1.0,-1,-1,-1
1147,57,679,132,164,138,1.0,-1,-1,-1
1148,7,906,701,450,368,1.0,-1,-1,-1
1148,57,677,133,164,139,1.0,-1,-1,-1
1149,7,913,677,435,377,1.0,-1,-1,-1
1149,57,677,140,162,142,1.0,-1,-1,-1
1150,7,915,651,428,379,1.0,-1,-1,-1
1150,57,674,143,165,142,1.0,-1,-1,-1
1151,7,912,629,432,376,1.0,-1,-1,-1
1151,57,671,147,168,141,1.0,-1,-1,-1
1152,7,906,613,436,365,1.0,-1,-1,-1
1152,57,668,150,171,141,1.0,-1,-1,-1
1153,7,901,598,437,360,1.0,-1,-1,-1
1153,57,666,153,173,142,1.0,-1,-1,-1
1154,7,914,565,422,359,1.0,-1,-1,-1
1154,57,664,155,176,144,1.0,-1,-1,-1
1155,7,924,559,395,342,1.0,-1,-1,-1
1155,57,663,157,177,147,1.0,-1,-1,-1
1156,7,928,542,386,343,1.0,-1,-1,-1
1156,57,661,161,178,147,1.0,-1,-1,-1
1157,7,929,530,383,342,1.0,-1,-1,-1
1157,57,659,164,179,148,1.0,-1,-1,-1
1158,7,928,508,381,330,1.0,-1,-1,-1
1158,57,657,167,180,143,1.0,-1,-1,-1
1159,7,930,497,373,325,1.0,-1,-1,-1
1159,57,652,177,187,148,1.0,-1,-1,-1
1160,7,909,483,381,318,1.0,-1,-1,-1
1160,57,651,179,188,150,1.0,-1,-1,-1
1161,7,910,470,375,316,1.0,-1,-1,-1
1161,57,651,182,188,153,1.0,-1,-1,-1
1162,7,908,465,374,307,1.0,-1,-1,-1
1162,57,650,186,188,157,1.0,-1,-1,-1
1163,7,908,439,370,312,1.0,-1,-1,-1
1163,57,647,189,191,162,1.0,-1,-1,-1
1164,7,911,432,361,298,1.0,-1,-1,-1
1164,57,646,193,192,163,1.0,-1,-1,-1
1165,7,912,421,352,290,1.0,-1,-1,-1
1165,57,642,202,197,166,1.0,-1,-1,-1
1166,7,911,408,351,293,1.0,-1,-1,-1
1166,57,642,203,197,170,1.0,-1,-1,-1
1167,7,907,398,349,298,1.0,-1,-1,-1
1167,57,638,208,193,166,1.0,-1,-1,-1
1168,7,905,381,348,293,1.0,-1,-1,-1
1168,57,636,214,195,166,1.0,-1,-1,-1
1169,7,906,376,336,282,1.0,-1,-1,-1
1169,57,633,219,198,168,1.0,-1,-1,-1
1170,7,907,369,329,274,1.0,-1,-1,-1
1170,57,626,222,207,172,1.0,-1,-1,-1
1171,7,907,358,323,275,1.0,-1,-1,-1
1171,57,623,224,212,174,1.0,-1,-1,-1
1172,7,908,345,318,280,1.0,-1,-1,-1
1172,57,621,236,212,172,1.0,-1,-1,-1
1173,7,908,333,313,286,1.0,-1,-1,-1
1173,57,622,239,209,173,1.0,-1,-1,-1
1174,7,907,319,312,284,1.0,-1,-1,-1
1174,57,621,243,207,173,1.0,-1,-1,-1
1175,7,910,321,305,272,1.0,-1,-1,-1
1175,57,618,247,210,176,1.0,-1,-1,-1
1176,7,914,319,299,260,1.0,-1,-1,-1
1176,57,611,251,220,180,1.0,-1,-1,-1
1177,7,918,315,291,250,1.0,-1,-1,-1
1177,57,593,251,253,201,1.0,-1,-1,-1
1178,7,921,307,284,247,1.0,-1,-1,-1
1178,57,591,259,256,203,1.0,-1,-1,-1
1179,7,922,300,281,245,1.0,-1,-1,-1
1179,57,589,266,256,207,1.0,-1,-1,-1
1180,7,922,294,278,243,1.0,-1,-1,-1
1180,57,588,271,255,213,1.0,-1,-1,-1
1181,7,921,287,278,241,1.0,-1,-1,-1
1181,57,584,276,256,217,1.0,-1,-1,-1
1182,7,925,282,271,239,1.0,-1,-1,-1
1182,57,589,297,253,206,1.0,-1,-1,-1
1183,7,925,265,265,245,1.0,-1,-1,-1
1183,57,587,306,253,208,1.0,-1,-1,-1
1184,7,926,264,260,241,1.0,-1,-1,-1
1184,57,583,315,260,214,1.0,-1,-1,-1
1185,7,927,262,255,235,1.0,-1,-1,-1
1185,57,575,326,267,221,1.0,-1,-1,-1
1186,7,928,258,250,230,1.0,-1,-1,-1
1186,57,566,334,274,230,1.0,-1,-1,-1
1187,7,930,255,244,225,1.0,-1,-1,-1
1187,57,556,339,283,237,1.0,-1,-1,-1
1188,7,931,250,243,224,1.0,-1,-1,-1
1188,57,552,366,290,226,1.0,-1,-1,-1
1189,7,931,245,242,223,1.0,-1,-1,-1
1189,57,548,379,298,228,1.0,-1,-1,-1
1190,7,931,239,240,224,1.0,-1,-1,-1
1190,57,542,393,307,233,1.0,-1,-1,-1
1191,7,932,234,236,222,1.0,-1,-1,-1
1191,57,537,402,313,242,1.0,-1,-1,-1
1192,7,933,231,231,220,1.0,-1,-1,-1
1192,57,530,406,324,252,1.0,-1,-1,-1
1193,7,935,229,228,216,1.0,-1,-1,-1
1193,57,525,434,326,247,1.0,-1,-1,-1
1194,7,935,227,227,215,1.0,-1,-1,-1
1194,57,521,451,329,250,1.0,-1,-1,-1
1195,7,934,225,228,213,1.0,-1,-1,-1
1195,57,514,465,334,259,1.0,-1,-1,-1
1196,7,932,222,228,210,1.0,-1,-1,-1
1196,57,512,493,335,261,1.0,-1,-1,-1
1197,7,931,223,229,203,1.0,-1,-1,-1
1197,57,506,507,340,264,1.0,-1,-1,-1
1198,7,934,205,221,214,1.0,-1,-1,-1
1198,57,501,524,347,272,1.0,-1,-1,-1
1199,7,932,205,222,206,1.0,-1,-1,-1
1199,57,493,558,358,277,1.0,-1,-1,-1
1200,7,922,206,237,196,1.0,-1,-1,-1
1200,57,474,571,361,282,1.0,-1,-1,-1
1201,7,925,200,228,198,1.0,-1,-1,-1
1201,57,466,586,365,297,1.0,-1,-1,-1
1202,7,928,196,219,196,1.0,-1,-1,-1
1202,57,452,628,366,294,1.0,-1,-1,-1
1203,7,932,193,210,194,1.0,-1,-1,-1
1203,57,438,642,373,307,1.0,-1,-1,-1
1204,7,927,195,209,188,1.0,-1,-1,-1
1204,57,411,656,417,347,1.0,-1,-1,-1
1205,7,927,196,208,183,1.0,-1,-1,-1
1205,57,406,702,394,323,1.0,-1,-1,-1
1206,7,926,196,208,178,1.0,-1,-1,-1
1206,57,356,732,440,316,1.0,-1,-1,-1
1207,7,925,185,205,178,1.0,-1,-1,-1
1208,7,925,183,203,179,1.0,-1,-1,-1
1209,7,925,180,201,179,1.0,-1,-1,-1
1210,7,925,178,198,177,1.0,-1,-1,-1
1211,7,924,175,197,175,1.0,-1,-1,-1
1212,7,922,173,196,170,1.0,-1,-1,-1
1213,7,919,171,197,168,1.0,-1,-1,-1
1214,7,916,168,197,168,1.0,-1,-1,-1
1215,7,913,166,198,168,1.0,-1,-1,-1
1216,7,911,164,197,168,1.0,-1,-1,-1
1217,7,913,151,195,172,1.0,-1,-1,-1
1218,7,912,150,193,171,1.0,-1,-1,-1
1219,7,910,147,192,170,1.0,-1,-1,-1
1220,7,909,144,191,172,1.0,-1,-1,-1
1221,7,907,140,191,174,1.0,-1,-1,-1
1222,7,906,138,190,173,1.0,-1,-1,-1
1223,7,906,137,189,169,1.0,-1,-1,-1
1224,7,898,141,189,157,1.0,-1,-1,-1
1225,7,896,140,189,154,1.0,-1,-1,-1
1226,7,895,140,190,153,1.0,-1,-1,-1
1227,7,893,139,188,152,1.0,-1,-1,-1
1228,7,891,139,188,150,1.0,-1,-1,-1
1229,7,891,139,185,147,1.0,-1,-1,-1
1230,7,890,141,183,144,1.0,-1,-1,-1
1231,7,891,143,177,138,1.0,-1,-1,-1
1232,7,891,128,175,146,1.0,-1,-1,-1
1233,7,890,126,174,145,1.0,-1,-1,-1
1234,7,889,125,173,144,1.0,-1,-1,-1
1235,7,887,123,172,144,1.0,-1,-1,-1
1236,7,886,122,171,143,1.0,-1,-1,-1
1237,7,885,120,171,142,1.0,-1,-1,-1
1238,7,883,119,170,142,1.0,-1,-1,-1
1239,7,882,117,169,141,1.0,-1,-1,-1
1240,7,881,116,168,141,1.0,-1,-1,-1
1241,7,880,114,167,140,1.0,-1,-1,-1
1242,7,878,113,167,139,1.0,-1,-1,-1
1243,7,877,111,166,139,1.0,-1,-1,-1
1244,7,876,110,165,138,1.0,-1,-1,-1
1245,7,874,108,164,137,1.0,-1,-1,-1
1246,7,873,107,164,137,1.0,-1,-1,-1
1247,7,872,105,163,136,1.0,-1,-1,-1
1248,7,870,104,162,136,1.0,-1,-1,-1
1249,7,869,102,161,135,1.0,-1,-1,-1
1250,7,868,101,160,134,1.0,-1,-1,-1
1251,7,866,99,160,134,1.0,-1,-1,-1
1252,7,865,98,159,133,1.0,-1,-1,-1
1253,7,864,96,158,132,1.0,-1,-1,-1
1254,7,864,96,156,134,1.0,-1,-1,-1
1255,7,863,95,153,132,1.0,-1,-1,-1
1256,7,862,94,151,131,1.0,-1,-1,-1
1257,7,862,93,148,131,1.0,-1,-1,-1
1258,7,861,92,147,130,1.0,-1,-1,-1
1259,7,860,91,146,128,1.0,-1,-1,-1
1260,7,858,90,146,125,1.0,-1,-1,-1
1261,7,856,89,146,124,1.0,-1,-1,-1
1262,7,855,87,146,124,1.0,-1,-1,-1
1263,7,854,86,145,123,1.0,-1,-1,-1
1264,7,847,84,146,128,1.0,-1,-1,-1
1265,7,847,83,144,128,1.0,-1,-1,-1
1266,7,846,81,145,130,1.0,-1,-1,-1
1267,7,845,80,145,130,1.0,-1,-1,-1
1268,7,843,79,145,130,1.0,-1,-1,-1
1269,7,841,78,145,129,1.0,-1,-1,-1
1270,7,839,76,144,129,1.0,-1,-1,-1
1271,7,838,75,144,129,1.0,-1,-1,-1
1272,7,837,74,143,128,1.0,-1,-1,-1
1273,7,836,73,143,128,1.0,-1,-1,-1
1274,7,835,72,142,127,1.0,-1,-1,-1
1275,7,834,71,142,127,1.0,-1,-1,-1
1276,7,833,70,142,126,1.0,-1,-1,-1
1277,7,833,69,141,125,1.0,-1,-1,-1
1278,7,832,68,141,125,1.0,-1,-1,-1
1279,7,831,67,140,124,1.0,-1,-1,-1
1280,7,830,66,140,124,1.0,-1,-1,-1
1281,7,829,64,139,123,1.0,-1,-1,-1
1282,7,828,63,139,123,1.0,-1,-1,-1
1283,7,827,62,139,122,1.0,-1,-1,-1
1284,7,826,61,138,121,1.0,-1,-1,-1
1285,7,825,60,138,121,1.0,-1,-1,-1
1286,7,824,59,137,120,1.0,-1,-1,-1
1287,7,823,58,136,119,1.0,-1,-1,-1
1288,7,823,57,134,118,1.0,-1,-1,-1
1289,7,823,57,133,117,1.0,-1,-1,-1
1290,7,823,56,132,118,1.0,-1,-1,-1
1291,7,823,54,132,118,1.0,-1,-1,-1
1292,7,823,54,131,117,1.0,-1,-1,-1
1293,7,813,52,141,119,1.0,-1,-1,-1
1294,7,814,52,139,117,1.0,-1,-1,-1
1295,7,816,51,135,118,1.0,-1,-1,-1
1296,7,817,50,134,120,1.0,-1,-1,-1
1297,7,817,48,133,121,1.0,-1,-1,-1
1298,7,816,48,134,121,1.0,-1,-1,-1
1299,7,815,47,135,120,1.0,-1,-1,-1
1300,7,814,47,135,120,1.0,-1,-1,-1
1301,7,814,48,133,119,1.0,-1,-1,-1
1302,7,814,48,132,119,1.0,-1,-1,-1
1303,7,813,48,131,118,1.0,-1,-1,-1
1304,7,812,49,132,118,1.0,-1,-1,-1
1305,7,810,49,133,119,1.0,-1,-1,-1
1306,7,809,48,133,119,1.0,-1,-1,-1
1307,7,808,48,132,119,1.0,-1,-1,-1
1308,7,807,47,132,120,1.0,-1,-1,-1
1309,7,805,47,132,119,1.0,-1,-1,-1
1310,7,802,47,133,119,1.0,-1,-1,-1
1311,7,801,49,132,118,1.0,-1,-1,-1
1312,7,800,49,132,117,1.0,-1,-1,-1
1313,7,799,49,131,117,1.0,-1,-1,-1
1314,7,798,49,131,117,1.0,-1,-1,-1
1315,7,797,50,131,115,1.0,-1,-1,-1
1316,7,796,51,131,114,1.0,-1,-1,-1
1317,7,795,52,130,113,1.0,-1,-1,-1
1318,7,794,53,130,111,1.0,-1,-1,-1
1319,7,794,53,130,110,1.0,-1,-1,-1
1320,7,793,54,130,109,1.0,-1,-1,-1
1321,7,792,55,129,107,1.0,-1,-1,-1
1420,10,960,755,409,323,1.0,-1,-1,-1
1421,10,972,719,390,328,1.0,-1,-1,-1
1422,10,972,695,394,337,1.0,-1,-1,-1
1423,10,965,659,399,358,1.0,-1,-1,-1
1424,10,980,642,378,314,1.0,-1,-1,-1
1425,10,981,623,375,313,1.0,-1,-1,-1
1426,10,983,592,362,307,1.0,-1,-1,-1
1427,10,985,576,356,307,1.0,-1,-1,-1
1428,10,984,558,355,300,1.0,-1,-1,-1
1429,10,984,549,354,291,1.0,-1,-1,-1
1430,10,984,521,351,282,1.0,-1,-1,-1
1431,10,985,503,343,280,1.0,-1,-1,-1
1432,10,984,486,339,283,1.0,-1,-1,-1
1433,10,977,463,339,279,1.0,-1,-1,-1
1434,10,977,456,331,269,1.0,-1,-1,-1
1435,10,975,443,326,265,1.0,-1,-1,-1
1436,10,973,426,319,267,1.0,-1,-1,-1
1437,10,970,416,315,269,1.0,-1,-1,-1
1438,10,966,405,312,248,1.0,-1,-1,-1
1439,10,969,398,301,241,1.0,-1,-1,-1
1440,10,971,388,292,237,1.0,-1,-1,-1
1441,10,957,373,293,234,1.0,-1,-1,-1
1442,10,958,360,287,236,1.0,-1,-1,-1
1443,10,955,352,286,236,1.0,-1,-1,-1
1444,10,956,338,278,231,1.0,-1,-1,-1
1445,10,957,334,273,225,1.0,-1,-1,-1
1446,10,958,327,266,221,1.0,-1,-1,-1
1447,10,958,317,259,220,1.0,-1,-1,-1
1448,10,954,308,254,218,1.0,-1,-1,-1
1449,10,949,300,250,215,1.0,-1,-1,-1
1450,10,944,295,248,212,1.0,-1,-1,-1
1451,10,940,276,245,220,1.0,-1,-1,-1
1452,10,940,273,239,217,1.0,-1,-1,-1
1453,10,939,267,236,216,1.0,-1,-1,-1
1454,10,938,261,233,216,1.0,-1,-1,-1
1455,10,934,256,231,215,1.0,-1,-1,-1
1456,10,932,251,228,214,1.0,-1,-1,-1
1457,10,923,252,240,193,1.0,-1,-1,-1
1458,10,922,244,238,199,1.0,-1,-1,-1
1459,10,923,238,231,200,1.0,-1,-1,-1
1460,10,926,232,221,198,1.0,-1,-1,-1
1461,10,921,233,216,188,1.0,-1,-1,-1
1462,10,920,232,214,183,1.0,-1,-1,-1
1463,10,916,221,215,185,1.0,-1,-1,-1
1464,10,915,218,211,185,1.0,-1,-1,-1
1465,10,914,217,207,179,1.0,-1,-1,-1
1466,10,910,213,207,174,1.0,-1,-1,-1
1467,10,908,209,206,171,1.0,-1,-1,-1
1468,10,903,204,207,170,1.0,-1,-1,-1
1469,10,901,200,206,172,1.0,-1,-1,-1
1470,10,903,192,199,171,1.0,-1,-1,-1
1471,10,903,190,197,172,1.0,-1,-1,-1
1472,10,903,188,195,169,1.0,-1,-1,-1
1473,10,895,186,195,163,1.0,-1,-1,-1
1474,10,895,182,193,158,1.0,-1,-1,-1
1475,10,893,179,193,154,1.0,-1,-1,-1
1476,10,891,178,193,150,1.0,-1,-1,-1
1477,10,889,176,192,148,1.0,-1,-1,-1
1478,10,887,175,191,146,1.0,-1,-1,-1
1479,10,890,162,184,156,1.0,-1,-1,-1
1480,10,887,157,187,158,1.0,-1,-1,-1
1481,10,885,154,185,154,1.0,-1,-1,-1
1482,10,881,152,185,150,1.0,-1,-1,-1
1483,10,879,150,183,147,1.0,-1,-1,-1
1484,10,878,150,181,144,1.0,-1,-1,-1
1485,10,878,148,179,143,1.0,-1,-1,-1
1486,10,879,149,175,139,1.0,-1,-1,-1
1487,10,879,147,171,139,1.0,-1,-1,-1
1488,10,879,145,169,139,1.0,-1,-1,-1
1489,10,872,141,169,142,1.0,-1,-1,-1
1490,10,873,141,167,140,1.0,-1,-1,-1
1491,10,872,132,167,141,1.0,-1,-1,-1
1492,10,870,131,168,140,1.0,-1,-1,-1
1493,10,869,129,167,138,1.0,-1,-1,-1
1494,10,867,128,166,134,1.0,-1,-1,-1
1495,10,866,126,163,131,1.0,-1,-1,-1
1496,10,865,124,161,130,1.0,-1,-1,-1
1497,10,867,123,155,127,1.0,-1,-1,-1
1498,10,866,122,152,127,1.0,-1,-1,-1
1499,10,865,122,148,126,1.0,-1,-1,-1
1500,10,863,117,148,129,1.0,-1,-1,-1
1501,10,861,116,147,129,1.0,-1,-1,-1
1502,10,861,111,144,134,1.0,-1,-1,-1
1503,10,858,111,143,131,1.0,-1,-1,-1
1504,10,858,110,141,130,1.0,-1,-1,-1
1505,10,856,110,142,127,1.0,-1,-1,-1
1506,10,856,105,142,119,1.0,-1,-1,-1
1507,10,854,104,144,117,1.0,-1,-1,-1
1508,10,842,97,155,124,1.0,-1,-1,-1
1509,10,842,95,153,123,1.0,-1,-1,-1
1510,10,843,93,150,123,1.0,-1,-1,-1
1511,10,844,91,147,122,1.0,-1,-1,-1
1512,10,843,89,146,124,1.0,-1,-1,-1
1513,10,841,86,145,126,1.0,-1,-1,-1
1514,10,840,84,143,127,1.0,-1,-1,-1
1515,10,838,84,143,127,1.0,-1,-1,-1
1516,10,836,84,143,125,1.0,-1,-1,-1
1517,10,833,83,145,124,1.0,-1,-1,-1
1518,10,832,81,145,124,1.0,-1,-1,-1
1519,10,831,79,144,124,1.0,-1,-1,-1
1520,10,831,78,144,125,1.0,-1,-1,-1
1521,10,830,78,143,123,1.0,-1,-1,-1
1522,10,830,77,141,123,1.0,-1,-1,-1
1523,10,830,72,136,118,1.0,-1,-1,-1
1524,10,828,72,136,118,1.0,-1,-1,-1
1525,10,827,72,136,117,1.0,-1,-1,-1
1526,10,825,73,135,115,1.0,-1,-1,-1
1527,10,825,72,134,113,1.0,-1,-1,-1
1528,10,825,71,133,113,1.0,-1,-1,-1
1529,10,825,69,133,113,1.0,-1,-1,-1
1530,10,825,68,133,112,1.0,-1,-1,-1
1531,10,826,66,132,110,1.0,-1,-1,-1
1532,10,825,64,132,109,1.0,-1,-1,-1
1533,10,823,61,133,110,1.0,-1,-1,-1
1534,10,821,60,136,110,1.0,-1,-1,-1
1535,10,821,59,136,110,1.0,-1,-1,-1
1536,10,820,59,134,109,1.0,-1,-1,-1
1537,10,820,59,133,108,1.0,-1,-1,-1
1538,10,820,59,132,108,1.0,-1,-1,-1
1539,10,820,60,131,107,1.0,-1,-1,-1
1573,12,985,684,415,383,1.0,-1,-1,-1
1574,12,989,656,403,390,1.0,-1,-1,-1
1575,12,988,626,403,390,1.0,-1,-1,-1
1576,12,977,609,394,356,1.0,-1,-1,-1
1577,12,979,601,389,343,1.0,-1,-1,-1
1577,10,696,51,132,106,1.0,-1,-1,-1
1578,12,982,556,379,349,1.0,-1,-1,-1
1578,10,696,50,133,107,1.0,-1,-1,-1
1579,12,980,535,380,351,1.0,-1,-1,-1
1579,10,697,49,131,108,1.0,-1,-1,-1
1580,12,979,526,376,341,1.0,-1,-1,-1
1580,10,698,49,129,108,1.0,-1,-1,-1
1581,12,982,498,357,336,1.0,-1,-1,-1
1582,12,980,482,350,330,1.0,-1,-1,-1
1583,12,973,465,350,328,1.0,-1,-1,-1
1584,12,965,462,351,317,1.0,-1,-1,-1
1585,12,958,435,343,318,1.0,-1,-1,-1
1586,12,954,419,336,314,1.0,-1,-1,-1
1587,12,950,405,333,307,1.0,-1,-1,-1
1588,12,931,399,341,299,1.0,-1,-1,-1
1589,12,938,382,322,292,1.0,-1,-1,-1
1590,12,941,376,309,282,1.0,-1,-1,-1
1591,12,937,364,305,276,1.0,-1,-1,-1
1592,12,933,350,300,275,1.0,-1,-1,-1
1592,10,710,49,120,115,1.0,-1,-1,-1
1593,12,927,339,300,276,1.0,-1,-1,-1
1593,10,710,50,122,116,1.0,-1,-1,-1
1594,12,918,323,303,273,1.0,-1,-1,-1
1594,10,709,51,125,117,1.0,-1,-1,-1
1595,12,918,323,297,261,1.0,-1,-1,-1
1595,10,709,51,126,118,1.0,-1,-1,-1
1596,12,920,317,287,253,1.0,-1,-1,-1
1596,10,709,51,126,117,1.0,-1,-1,-1
1597,12,923,308,276,248,1.0,-1,-1,-1
1597,10,710,53,125,115,1.0,-1,-1,-1
1598,12,924,297,268,249,1.0,-1,-1,-1
1598,10,709,54,126,116,1.0,-1,-1,-1
1599,12,925,288,259,246,1.0,-1,-1,-1
1599,10,708,54,129,118,1.0,-1,-1,-1
1600,12,924,279,257,247,1.0,-1,-1,-1
1600,10,706,53,133,120,1.0,-1,-1,-1
1601,12,923,258,253,257,1.0,-1,-1,-1
1601,10,705,54,135,120,1.0,-1,-1,-1
1602,12,924,260,246,246,1.0,-1,-1,-1
1602,10,705,57,135,120,1.0,-1,-1,-1
1603,12,924,259,244,233,1.0,-1,-1,-1
1603,10,705,59,135,119,1.0,-1,-1,-1
1604,12,923,256,241,225,1.0,-1,-1,-1
1604,10,703,60,138,121,1.0,-1,-1,-1
1605,12,923,251,237,222,1.0,-1,-1,-1
1605,10,702,60,141,122,1.0,-1,-1,-1
1606,12,923,246,233,221,1.0,-1,-1,-1
1606,10,701,61,141,124,1.0,-1,-1,-1
1607,12,924,238,231,223,1.0,-1,-1,-1
1607,10,701,63,140,124,1.0,-1,-1,-1
1608,12,924,232,229,222,1.0,-1,-1,-1
1608,10,700,65,140,125,1.0,-1,-1,-1
1609,12,925,226,227,222,1.0,-1,-1,-1
1609,10,699,66,142,126,1.0,-1,-1,-1
1610,12,925,223,227,218,1.0,-1,-1,-1
1610,10,699,64,141,128,1.0,-1,-1,-1
1611,12,925,222,227,213,1.0,-1,-1,-1
1611,10,698,64,143,129,1.0,-1,-1,-1
1612,12,917,223,226,201,1.0,-1,-1,-1
1612,10,696,64,146,128,1.0,-1,-1,-1
1613,12,922,206,231,202,1.0,-1,-1,-1
1613,10,693,65,148,128,1.0,-1,-1,-1
1614,12,915,198,225,214,1.0,-1,-1,-1
1614,10,690,66,150,126,1.0,-1,-1,-1
1615,12,923,198,214,203,1.0,-1,-1,-1
1615,10,688,67,151,125,1.0,-1,-1,-1
1616,12,924,196,211,201,1.0,-1,-1,-1
1616,10,689,69,144,135,1.0,-1,-1,-1
1617,12,925,193,207,198,1.0,-1,-1,-1
1617,10,688,69,144,136,1.0,-1,-1,-1
1618,12,923,191,205,195,1.0,-1,-1,-1
1618,10,687,68,144,139,1.0,-1,-1,-1
1619,12,921,189,206,194,1.0,-1,-1,-1
1619,10,686,70,143,138,1.0,-1,-1,-1
1620,12,921,183,201,181,1.0,-1,-1,-1
1620,10,684,72,142,137,1.0,-1,-1,-1
1621,12,920,178,201,189,1.0,-1,-1,-1
1621,10,683,73,141,136,1.0,-1,-1,-1
1622,12,920,174,201,190,1.0,-1,-1,-1
1622,10,682,73,140,136,1.0,-1,-1,-1
1623,12,920,171,199,188,1.0,-1,-1,-1
1623,10,680,73,140,136,1.0,-1,-1,-1
1624,12,920,168,195,184,1.0,-1,-1,-1
1624,10,679,75,139,135,1.0,-1,-1,-1
1625,12,920,165,192,180,1.0,-1,-1,-1
1625,10,677,76,139,136,1.0,-1,-1,-1
1626,12,916,162,192,177,1.0,-1,-1,-1
1626,10,675,77,141,136,1.0,-1,-1,-1
1627,12,913,160,192,177,1.0,-1,-1,-1
1627,10,673,77,141,137,1.0,-1,-1,-1
1628,12,915,150,189,176,1.0,-1,-1,-1
1628,10,671,79,142,137,1.0,-1,-1,-1
1629,12,913,147,188,179,1.0,-1,-1,-1
1629,10,670,80,143,137,1.0,-1,-1,-1
1630,12,911,144,187,178,1.0,-1,-1,-1
1630,10,667,81,146,138,1.0,-1,-1,-1
1631,12,909,139,187,178,1.0,-1,-1,-1
1631,10,665,81,150,140,1.0,-1,-1,-1
1632,12,909,135,183,176,1.0,-1,-1,-1
1632,10,660,81,151,142,1.0,-1,-1,-1
1633,12,903,134,181,168,1.0,-1,-1,-1
1633,10,659,83,153,142,1.0,-1,-1,-1
1634,12,904,133,177,166,1.0,-1,-1,-1
1634,10,659,84,152,144,1.0,-1,-1,-1
1635,12,904,134,175,161,1.0,-1,-1,-1
1635,10,659,86,151,145,1.0,-1,-1,-1
1636,12,904,134,173,159,1.0,-1,-1,-1
1636,10,659,87,150,148,1.0,-1,-1,-1
1637,12,902,137,172,152,1.0,-1,-1,-1
1637,10,658,87,150,149,1.0,-1,-1,-1
1638,12,899,137,171,150,1.0,-1,-1,-1
1638,10,657,88,151,149,1.0,-1,-1,-1
1639,12,897,141,169,142,1.0,-1,-1,-1
1639,10,655,90,151,149,1.0,-1,-1,-1
1640,12,896,129,168,145,1.0,-1,-1,-1
1640,10,654,92,152,146,1.0,-1,-1,-1
1641,12,893,128,169,144,1.0,-1,-1,-1
1641,10,649,107,151,136,1.0,-1,-1,-1
1642,12,892,125,166,148,1.0,-1,-1,-1
1642,10,648,108,151,135,1.0,-1,-1,-1
1643,12,890,124,164,145,1.0,-1,-1,-1
1643,10,647,109,152,135,1.0,-1,-1,-1
1644,12,888,123,163,143,1.0,-1,-1,-1
1644,10,646,111,153,134,1.0,-1,-1,-1
1645,12,886,121,161,139,1.0,-1,-1,-1
1645,10,644,111,156,136,1.0,-1,-1,-1
1646,12,884,120,160,137,1.0,-1,-1,-1
1646,10,643,111,157,137,1.0,-1,-1,-1
1647,12,884,117,156,138,1.0,-1,-1,-1
1647,10,642,110,159,141,1.0,-1,-1,-1
1648,12,881,115,154,139,1.0,-1,-1,-1
1648,10,641,111,161,143,1.0,-1,-1,-1
1649,12,882,115,152,136,1.0,-1,-1,-1
1649,10,639,112,164,145,1.0,-1,-1,-1
1650,12,884,114,147,135,1.0,-1,-1,-1
1650,10,638,112,165,148,1.0,-1,-1,-1
1651,12,883,114,147,133,1.0,-1,-1,-1
1651,10,638,113,165,150,1.0,-1,-1,-1
1652,12,884,114,144,130,1.0,-1,-1,-1
1652,10,639,114,165,153,1.0,-1,-1,-1
1653,12,881,113,144,130,1.0,-1,-1,-1
1653,10,639,116,164,155,1.0,-1,-1,-1
1654,12,879,113,143,128,1.0,-1,-1,-1
1654,10,638,117,165,157,1.0,-1,-1,-1
1655,12,874,109,145,132,1.0,-1,-1,-1
1655,10,638,120,165,158,1.0,-1,-1,-1
1656,12,875,95,146,136,1.0,-1,-1,-1
1656,10,637,122,165,158,1.0,-1,-1,-1
1657,12,871,94,146,137,1.0,-1,-1,-1
1657,10,637,123,166,158,1.0,-1,-1,-1
1658,12,869,93,144,136,1.0,-1,-1,-1
1658,10,636,140,165,143,1.0,-1,-1,-1
1659,12,867,95,141,132,1.0,-1,-1,-1
1659,10,635,140,168,144,1.0,-1,-1,-1
1660,12,867,95,138,129,1.0,-1,-1,-1
1660,10,634,141,171,145,1.0,-1,-1,-1
1661,12,866,95,136,127,1.0,-1,-1,-1
1661,10,633,140,173,148,1.0,-1,-1,-1
1662,12,865,94,135,124,1.0,-1,-1,-1
1662,10,632,140,174,151,1.0,-1,-1,-1
1663,12,864,91,135,124,1.0,-1,-1,-1
1663,10,631,140,176,155,1.0,-1,-1,-1
1664,12,862,88,134,124,1.0,-1,-1,-1
1664,10,631,141,177,156,1.0,-1,-1,-1
1665,12,858,85,139,126,1.0,-1,-1,-1
1665,10,629,142,179,159,1.0,-1,-1,-1
1666,12,858,84,138,125,1.0,-1,-1,-1
1666,10,629,142,179,161,1.0,-1,-1,-1
1667,12,860,83,135,123,1.0,-1,-1,-1
1667,10,628,142,180,163,1.0,-1,-1,-1
1668,12,850,80,139,128,1.0,-1,-1,-1
1668,10,628,142,180,166,1.0,-1,-1,-1
1669,12,850,80,138,126,1.0,-1,-1,-1
1669,10,626,143,181,170,1.0,-1,-1,-1
1670,12,851,79,138,124,1.0,-1,-1,-1
1670,10,626,143,182,173,1.0,-1,-1,-1
1671,12,852,81,134,120,1.0,-1,-1,-1
1671,10,625,145,184,174,1.0,-1,-1,-1
1672,12,851,81,133,119,1.0,-1,-1,-1
1672,10,624,146,185,176,1.0,-1,-1,-1
1673,12,845,81,141,120,1.0,-1,-1,-1
1673,10,623,147,186,176,1.0,-1,-1,-1
1674,12,843,80,142,119,1.0,-1,-1,-1
1674,10,622,148,187,177,1.0,-1,-1,-1
1675,12,849,82,131,114,1.0,-1,-1,-1
1675,10,621,164,186,170,1.0,-1,-1,-1
1676,12,843,70,131,118,1.0,-1,-1,-1
1676,10,621,162,187,175,1.0,-1,-1,-1
1677,12,834,69,156,118,1.0,-1,-1,-1
1677,10,621,163,187,177,1.0,-1,-1,-1
1678,12,832,69,154,118,1.0,-1,-1,-1
1678,10,621,165,186,178,1.0,-1,-1,-1
1679,12,831,68,156,118,1.0,-1,-1,-1
1679,10,619,167,188,179,1.0,-1,-1,-1
1680,12,830,69,158,117,1.0,-1,-1,-1
1680,10,617,169,192,181,1.0,-1,-1,-1
1681,12,829,69,161,117,1.0,-1,-1,-1
1681,10,615,170,196,184,1.0,-1,-1,-1
1682,12,829,67,157,117,1.0,-1,-1,-1
1682,10,614,171,199,186,1.0,-1,-1,-1
1683,12,827,65,156,117,1.0,-1,-1,-1
1683,10,614,172,199,189,1.0,-1,-1,-1
1684,12,827,64,155,117,1.0,-1,-1,-1
1684,10,615,174,200,190,1.0,-1,-1,-1
1685,12,835,64,129,114,1.0,-1,-1,-1
1685,10,615,176,200,191,1.0,-1,-1,-1
1686,12,835,63,129,115,1.0,-1,-1,-1
1686,10,614,179,203,188,1.0,-1,-1,-1
1687,12,834,61,129,114,1.0,-1,-1,-1
1687,10,612,192,209,188,1.0,-1,-1,-1
1688,12,834,60,129,114,1.0,-1,-1,-1
1688,10,610,190,210,194,1.0,-1,-1,-1
1689,12,834,59,127,114,1.0,-1,-1,-1
1689,10,609,191,212,194,1.0,-1,-1,-1
1690,12,834,58,125,114,1.0,-1,-1,-1
1690,10,610,194,212,191,1.0,-1,-1,-1
1691,12,833,57,125,115,1.0,-1,-1,-1
1691,10,609,196,214,192,1.0,-1,-1,-1
1692,10,608,198,217,191,1.0,-1,-1,-1
1693,10,605,199,225,193,1.0,-1,-1,-1
1694,10,604,202,227,193,1.0,-1,-1,-1
1695,10,602,203,232,195,1.0,-1,-1,-1
1696,10,606,205,227,194,1.0,-1,-1,-1
1697,10,607,208,227,192,1.0,-1,-1,-1
1698,10,610,211,224,190,1.0,-1,-1,-1
1699,10,605,200,234,218,1.0,-1,-1,-1
1700,10,617,219,222,206,1.0,-1,-1,-1
1701,10,619,219,222,210,1.0,-1,-1,-1
1702,10,621,219,220,213,1.0,-1,-1,-1
1703,10,622,221,221,216,1.0,-1,-1,-1
1704,10,621,224,225,217,1.0,-1,-1,-1
1705,10,619,227,230,219,1.0,-1,-1,-1
1706,10,617,230,234,219,1.0,-1,-1,-1
1707,10,617,234,236,220,1.0,-1,-1,-1
1708,10,617,238,236,222,1.0,-1,-1,-1
1709,10,625,242,234,227,1.0,-1,-1,-1
1710,10,625,246,234,226,1.0,-1,-1,-1
1711,10,624,249,239,228,1.0,-1,-1,-1
1712,10,624,251,242,233,1.0,-1,-1,-1
1713,10,623,252,247,239,1.0,-1,-1,-1
1714,10,622,253,250,249,1.0,-1,-1,-1
1715,10,622,254,251,256,1.0,-1,-1,-1
1716,10,622,254,253,262,1.0,-1,-1,-1
1717,10,620,275,261,251,1.0,-1,-1,-1
1718,10,618,281,266,249,1.0,-1,-1,-1
1719,10,614,289,272,248,1.0,-1,-1,-1
1720,10,613,295,273,249,1.0,-1,-1,-1
1721,10,612,301,274,251,1.0,-1,-1,-1
1722,10,611,306,276,257,1.0,-1,-1,-1
1723,10,609,312,280,264,1.0,-1,-1,-1
1724,10,608,315,283,273,1.0,-1,-1,-1
1725,10,606,317,287,280,1.0,-1,-1,-1
1726,10,603,316,293,287,1.0,-1,-1,-1
1727,10,599,332,302,285,1.0,-1,-1,-1
1728,10,599,335,300,289,1.0,-1,-1,-1
1729,10,598,343,298,289,1.0,-1,-1,-1
1730,10,597,351,298,292,1.0,-1,-1,-1
1731,10,595,361,300,295,1.0,-1,-1,-1
1732,10,593,369,305,302,1.0,-1,-1,-1
1733,10,590,374,311,308,1.0,-1,-1,-1
1734,10,585,375,322,315,1.0,-1,-1,-1
1735,10,582,389,327,319,1.0,-1,-1,-1
1736,10,581,392,328,325,1.0,-1,-1,-1
1737,10,579,398,331,330,1.0,-1,-1,-1
1738,10,576,407,337,336,1.0,-1,-1,-1
1739,10,565,426,338,326,1.0,-1,-1,-1
1740,10,559,435,346,327,1.0,-1,-1,-1
1741,10,561,456,365,329,1.0,-1,-1,-1
1742,10,556,466,352,327,1.0,-1,-1,-1
1743,10,554,475,354,330,1.0,-1,-1,-1
1744,10,551,485,357,332,1.0,-1,-1,-1
1745,10,549,494,358,337,1.0,-1,-1,-1
1746,10,552,473,350,402,1.0,-1,-1,-1
1747,10,541,524,367,353,1.0,-1,-1,-1
1748,10,543,518,358,383,1.0,-1,-1,-1
1749,10,540,528,359,394,1.0,-1,-1,-1
1750,10,532,541,364,398,1.0,-1,-1,-1
1751,10,524,544,372,413,1.0,-1,-1,-1
1752,10,515,582,376,394,1.0,-1,-1,-1
1753,10,509,590,396,415,1.0,-1,-1,-1
1754,10,502,603,401,420,1.0,-1,-1,-1
1755,10,491,620,405,421,1.0,-1,-1,-1
1756,10,481,636,408,419,1.0,-1,-1,-1
1757,10,470,655,416,415,1.0,-1,-1,-1
1758,10,454,676,433,402,1.0,-1,-1,-1
1764,27,1141,626,450,452,1.0,-1,-1,-1
1765,27,1132,609,440,460,1.0,-1,-1,-1
1766,27,1127,595,433,458,1.0,-1,-1,-1
1767,27,1120,580,438,449,1.0,-1,-1,-1
1768,27,1096,568,438,432,1.0,-1,-1,-1
1769,27,1082,534,442,431,1.0,-1,-1,-1
1770,27,1077,522,425,432,1.0,-1,-1,-1
1771,27,1071,507,413,429,1.0,-1,-1,-1
1772,27,1059,485,408,432,1.0,-1,-1,-1
1773,27,1046,468,401,426,1.0,-1,-1,-1
1774,27,1035,450,393,420,1.0,-1,-1,-1
1775,27,1028,437,384,410,1.0,-1,-1,-1
1776,27,1031,433,374,398,1.0,-1,-1,-1
1777,27,1022,432,372,382,1.0,-1,-1,-1
1778,27,1006,401,376,396,1.0,-1,-1,-1
1779,27,1002,394,374,385,1.0,-1,-1,-1
1780,27,991,375,365,387,1.0,-1,-1,-1
1781,27,988,375,363,361,1.0,-1,-1,-1
1782,27,974,331,368,400,1.0,-1,-1,-1
1783,27,970,349,363,340,1.0,-1,-1,-1
1784,27,965,340,359,342,1.0,-1,-1,-1
1785,27,962,331,349,339,1.0,-1,-1,-1
1786,27,960,319,336,345,1.0,-1,-1,-1
1787,27,957,307,329,351,1.0,-1,-1,-1
1788,27,951,299,330,353,1.0,-1,-1,-1
1789,27,949,289,329,332,1.0,-1,-1,-1
1790,27,941,283,322,327,1.0,-1,-1,-1
1791,27,941,278,320,326,1.0,-1,-1,-1
1792,27,943,275,314,318,1.0,-1,-1,-1
1793,27,942,271,310,314,1.0,-1,-1,-1
1794,27,941,269,307,310,1.0,-1,-1,-1
1795,27,941,261,303,311,1.0,-1,-1,-1
1796,27,941,252,296,314,1.0,-1,-1,-1
1797,27,942,244,290,315,1.0,-1,-1,-1
1798,27,942,242,285,312,1.0,-1,-1,-1
1799,27,942,236,284,296,1.0,-1,-1,-1
1800,27,946,231,276,297,1.0,-1,-1,-1
1801,27,950,223,268,301,1.0,-1,-1,-1
1802,27,954,219,260,294,1.0,-1,-1,-1
1803,27,953,214,258,289,1.0,-1,-1,-1
1804,27,953,211,256,285,1.0,-1,-1,-1
1805,27,952,209,255,280,1.0,-1,-1,-1
1806,27,954,208,251,275,1.0,-1,-1,-1
1807,27,956,204,248,271,1.0,-1,-1,-1
1808,27,956,200,247,271,1.0,-1,-1,-1
1809,27,957,196,244,271,1.0,-1,-1,-1
1810,27,957,193,242,270,1.0,-1,-1,-1
1811,27,958,192,240,270,1.0,-1,-1,-1
1812,27,957,193,238,265,1.0,-1,-1,-1
1813,27,954,188,237,250,1.0,-1,-1,-1
1814,27,956,189,234,247,1.0,-1,-1,-1
1815,27,959,187,233,249,1.0,-1,-1,-1
1816,27,963,184,231,249,1.0,-1,-1,-1
1817,27,965,181,231,249,1.0,-1,-1,-1
1818,27,965,178,233,246,1.0,-1,-1,-1
1819,27,966,176,235,243,1.0,-1,-1,-1
1820,27,967,172,238,242,1.0,-1,-1,-1
1821,27,969,169,237,242,1.0,-1,-1,-1
1822,27,972,164,234,242,1.0,-1,-1,-1
1823,27,978,160,229,242,1.0,-1,-1,-1
1824,27,983,157,226,240,1.0,-1,-1,-1
1825,27,988,155,223,237,1.0,-1,-1,-1
1826,27,991,151,223,235,1.0,-1,-1,-1
1827,27,1007,144,212,241,1.0,-1,-1,-1
1828,27,1012,139,217,245,1.0,-1,-1,-1
1829,27,1018,138,225,243,1.0,-1,-1,-1
1830,27,1031,138,230,239,1.0,-1,-1,-1
1831,27,1043,140,233,231,1.0,-1,-1,-1
1832,27,1056,140,231,226,1.0,-1,-1,-1
1833,27,1073,140,236,225,1.0,-1,-1,-1
1834,27,1084,139,233,223,1.0,-1,-1,-1
1835,27,1100,139,239,221,1.0,-1,-1,-1
1836,27,1113,128,244,223,1.0,-1,-1,-1
1837,27,1129,128,245,221,1.0,-1,-1,-1
1838,27,1146,127,245,219,1.0,-1,-1,-1
1839,27,1162,127,245,216,1.0,-1,-1,-1
1840,27,1179,127,246,214,1.0,-1,-1,-1
1841,27,1195,126,246,212,1.0,-1,-1,-1
1842,27,1223,126,238,210,1.0,-1,-1,-1
1843,27,1237,126,241,204,1.0,-1,-1,-1
1844,27,1253,125,246,203,1.0,-1,-1,-1
1845,27,1262,123,254,195,1.0,-1,-1,-1
1846,27,1323,130,204,187,1.0,-1,-1,-1
1847,27,1314,107,257,209,1.0,-1,-1,-1
1848,27,1328,107,253,203,1.0,-1,-1,-1
1849,27,1344,104,253,203,1.0,-1,-1,-1
1905,30,699,63,131,110,1.0,-1,-1,-1
1906,30,699,63,132,109,1.0,-1,-1,-1
1907,30,698,64,133,110,1.0,-1,-1,-1
1908,30,699,65,133,110,1.0,-1,-1,-1
1909,30,699,66,134,110,1.0,-1,-1,-1
1910,30,700,68,134,109,1.0,-1,-1,-1
1911,30,700,71,134,108,1.0,-1,-1,-1
1912,30,701,73,133,107,1.0,-1,-1,-1
1913,30,701,75,133,107,1.0,-1,-1,-1
1914,30,700,76,133,107,1.0,-1,-1,-1
1915,30,699,76,134,107,1.0,-1,-1,-1
1916,30,699,76,134,108,1.0,-1,-1,-1
1917,30,699,76,134,110,1.0,-1,-1,-1
1918,30,699,76,135,111,1.0,-1,-1,-1
1919,30,698,76,135,111,1.0,-1,-1,-1
1920,30,698,76,135,111,1.0,-1,-1,-1
1921,30,696,80,138,112,1.0,-1,-1,-1
1922,30,695,80,138,112,1.0,-1,-1,-1
1923,30,693,80,139,114,1.0,-1,-1,-1
1924,30,691,77,144,123,1.0,-1,-1,-1
1925,30,689,78,145,124,1.0,-1,-1,-1
1926,30,689,80,146,124,1.0,-1,-1,-1
1927,30,688,81,147,125,1.0,-1,-1,-1
1928,30,687,83,147,126,1.0,-1,-1,-1
1929,30,687,85,147,125,1.0,-1,-1,-1
1930,30,686,87,147,125,1.0,-1,-1,-1
1931,30,686,89,146,124,1.0,-1,-1,-1
1932,30,686,91,145,124,1.0,-1,-1,-1
1933,30,687,93,145,123,1.0,-1,-1,-1
1934,30,686,95,144,123,1.0,-1,-1,-1
1935,30,685,97,145,124,1.0,-1,-1,-1
1936,30,684,98,145,126,1.0,-1,-1,-1
1937,30,683,99,145,127,1.0,-1,-1,-1
1938,30,681,101,146,127,1.0,-1,-1,-1
1939,30,680,103,146,126,1.0,-1,-1,-1
1940,30,680,108,142,130,1.0,-1,-1,-1
1941,30,678,108,142,130,1.0,-1,-1,-1
1942,30,676,109,143,133,1.0,-1,-1,-1
1943,30,675,110,144,134,1.0,-1,-1,-1
1944,30,673,111,146,134,1.0,-1,-1,-1
1945,30,671,113,147,133,1.0,-1,-1,-1
1946,30,668,116,150,132,1.0,-1,-1,-1
1947,30,666,118,152,132,1.0,-1,-1,-1
1948,30,663,120,156,132,1.0,-1,-1,-1
1949,30,661,123,158,132,1.0,-1,-1,-1
1950,30,659,125,162,134,1.0,-1,-1,-1
1951,30,654,129,163,133,1.0,-1,-1,-1
1952,30,653,131,165,134,1.0,-1,-1,-1
1953,30,651,133,165,134,1.0,-1,-1,-1
1954,30,649,135,166,133,1.0,-1,-1,-1
1955,30,645,144,169,136,1.0,-1,-1,-1
1956,30,643,146,171,135,1.0,-1,-1,-1
1957,30,639,149,173,133,1.0,-1,-1,-1
1958,30,635,152,175,133,1.0,-1,-1,-1
1959,30,630,154,178,137,1.0,-1,-1,-1
1960,30,627,156,179,138,1.0,-1,-1,-1
1961,30,623,157,180,141,1.0,-1,-1,-1
1962,30,620,159,181,142,1.0,-1,-1,-1
1963,30,618,161,181,146,1.0,-1,-1,-1
1964,30,616,162,181,150,1.0,-1,-1,-1
1965,30,614,164,184,151,1.0,-1,-1,-1
1966,30,612,174,188,149,1.0,-1,-1,-1
1967,30,609,174,192,153,1.0,-1,-1,-1
1968,30,608,175,193,156,1.0,-1,-1,-1
1969,30,608,178,193,157,1.0,-1,-1,-1
1970,30,602,181,190,157,1.0,-1,-1,-1
1971,30,602,186,191,158,1.0,-1,-1,-1
1972,30,602,189,190,161,1.0,-1,-1,-1
1973,30,603,192,188,166,1.0,-1,-1,-1
1974,30,604,194,187,167,1.0,-1,-1,-1
1975,30,599,199,197,173,1.0,-1,-1,-1
1976,30,598,201,198,172,1.0,-1,-1,-1
1977,30,597,204,199,171,1.0,-1,-1,-1
1978,30,597,208,199,171,1.0,-1,-1,-1
1979,30,596,213,200,171,1.0,-1,-1,-1
1980,30,596,218,201,172,1.0,-1,-1,-1
1981,30,593,222,206,173,1.0,-1,-1,-1
1982,30,591,225,210,173,1.0,-1,-1,-1
1983,30,590,227,213,173,1.0,-1,-1,-1
1984,30,586,231,222,186,1.0,-1,-1,-1
1985,30,588,234,217,183,1.0,-1,-1,-1
1986,30,588,240,215,181,1.0,-1,-1,-1
1987,30,586,245,219,184,1.0,-1,-1,-1
1988,30,580,250,228,186,1.0,-1,-1,-1
1989,30,575,255,235,186,1.0,-1,-1,-1
1990,30,573,266,239,188,1.0,-1,-1,-1
1991,30,572,266,241,194,1.0,-1,-1,-1
1992,30,568,272,246,194,1.0,-1,-1,-1
1993,30,564,270,244,214,1.0,-1,-1,-1
1994,30,562,275,244,219,1.0,-1,-1,-1
1995,30,560,297,247,209,1.0,-1,-1,-1
1996,30,554,303,251,211,1.0,-1,-1,-1
1997,30,549,312,257,211,1.0,-1,-1,-1
1998,30,544,321,264,214,1.0,-1,-1,-1
1999,30,541,331,268,218,1.0,-1,-1,-1
2000,30,538,338,271,226,1.0,-1,-1,-1
2001,30,536,341,272,236,1.0,-1,-1,-1
2002,30,533,365,277,229,1.0,-1,-1,-1
2003,30,529,376,283,229,1.0,-1,-1,-1
2004,30,526,390,289,228,1.0,-1,-1,-1
2005,30,513,401,294,230,1.0,-1,-1,-1
2006,30,508,407,301,241,1.0,-1,-1,-1
2007,30,507,426,306,245,1.0,-1,-1,-1
2008,30,503,439,313,242,1.0,-1,-1,-1
2009,30,498,456,320,241,1.0,-1,-1,-1
2010,30,494,467,324,251,1.0,-1,-1,-1
2011,30,488,472,333,265,1.0,-1,-1,-1
2012,30,489,497,331,265,1.0,-1,-1,-1
2013,30,481,511,343,272,1.0,-1,-1,-1
2014,30,473,523,353,285,1.0,-1,-1,-1
2015,30,468,559,354,282,1.0,-1,-1,-1
2016,30,461,571,356,289,1.0,-1,-1,-1
2017,30,452,584,364,304,1.0,-1,-1,-1
2018,30,440,621,367,306,1.0,-1,-1,-1
2019,30,427,633,374,320,1.0,-1,-1,-1
2020,30,408,646,415,350,1.0,-1,-1,-1
2021,30,396,674,421,349,1.0,-1,-1,-1
2022,30,377,709,404,334,1.0,-1,-1,-1
2023,30,347,743,443,310,1.0,-1,-1,-1
2049,13,1127,747,392,331,1.0,-1,-1,-1
2050,13,1132,717,378,325,1.0,-1,-1,-1
2051,13,1131,692,375,334,1.0,-1,-1,-1
2052,13,1129,666,363,296,1.0,-1,-1,-1
2053,13,1125,646,357,306,1.0,-1,-1,-1
2054,13,1118,625,355,307,1.0,-1,-1,-1
2055,13,1104,597,359,299,1.0,-1,-1,-1
2056,13,1098,582,355,294,1.0,-1,-1,-1
2057,13,1091,565,353,287,1.0,-1,-1,-1
2058,13,1070,559,355,274,1.0,-1,-1,-1
2059,13,1072,525,337,275,1.0,-1,-1,-1
2060,13,1067,508,328,272,1.0,-1,-1,-1
2061,13,1058,490,325,275,1.0,-1,-1,-1
2062,13,1043,473,324,266,1.0,-1,-1,-1
2063,13,1036,468,316,256,1.0,-1,-1,-1
2064,13,1021,459,313,248,1.0,-1,-1,-1
2065,13,1020,440,306,253,1.0,-1,-1,-1
2066,13,1015,428,301,253,1.0,-1,-1,-1
2067,13,1004,406,300,246,1.0,-1,-1,-1
2068,13,1000,401,291,238,1.0,-1,-1,-1
2069,13,993,391,285,233,1.0,-1,-1,-1
2070,13,988,380,276,229,1.0,-1,-1,-1
2071,13,982,369,271,229,1.0,-1,-1,-1
2072,13,972,364,266,221,1.0,-1,-1,-1
2073,13,969,343,265,229,1.0,-1,-1,-1
2074,13,967,339,263,226,1.0,-1,-1,-1
2075,13,964,333,262,221,1.0,-1,-1,-1
2076,13,963,324,259,218,1.0,-1,-1,-1
2077,13,962,316,254,215,1.0,-1,-1,-1
2078,13,960,310,251,210,1.0,-1,-1,-1
2079,13,959,305,248,206,1.0,-1,-1,-1
2080,13,958,303,245,195,1.0,-1,-1,-1
2081,13,958,301,241,191,1.0,-1,-1,-1
2082,13,957,285,239,194,1.0,-1,-1,-1
2083,13,959,276,231,199,1.0,-1,-1,-1
2084,13,959,273,215,192,1.0,-1,-1,-1
2085,13,959,269,213,188,1.0,-1,-1,-1
2086,13,959,267,214,185,1.0,-1,-1,-1
2087,13,959,255,207,185,1.0,-1,-1,-1
2088,13,960,251,205,185,1.0,-1,-1,-1
2089,13,963,248,200,181,1.0,-1,-1,-1
2090,13,963,244,199,175,1.0,-1,-1,-1
2091,13,962,241,201,171,1.0,-1,-1,-1
2092,13,959,239,204,169,1.0,-1,-1,-1
2093,13,965,226,192,175,1.0,-1,-1,-1
2094,13,964,221,193,179,1.0,-1,-1,-1
2095,13,963,217,191,176,1.0,-1,-1,-1
2096,13,963,213,190,172,1.0,-1,-1,-1
2097,13,963,210,188,167,1.0,-1,-1,-1
2098,13,961,208,190,163,1.0,-1,-1,-1
2099,13,959,206,190,162,1.0,-1,-1,-1
2100,13,957,205,191,160,1.0,-1,-1,-1
2101,13,963,192,182,169,1.0,-1,-1,-1
2102,13,960,190,183,169,1.0,-1,-1,-1
2103,13,957,186,184,168,1.0,-1,-1,-1
2104,13,954,183,185,161,1.0,-1,-1,-1
2105,13,952,181,184,154,1.0,-1,-1,-1
2106,13,952,180,181,150,1.0,-1,-1,-1
2107,13,951,180,179,146,1.0,-1,-1,-1
2108,13,950,179,177,143,1.0,-1,-1,-1
2109,13,951,180,174,138,1.0,-1,-1,-1
2110,13,951,168,171,138,1.0,-1,-1,-1
2111,13,940,163,178,140,1.0,-1,-1,-1
2112,13,939,159,179,142,1.0,-1,-1,-1
2113,13,939,155,176,140,1.0,-1,-1,-1
2114,13,936,154,175,138,1.0,-1,-1,-1
2115,13,934,153,172,134,1.0,-1,-1,-1
2116,13,932,153,170,132,1.0,-1,-1,-1
2117,13,933,152,164,132,1.0,-1,-1,-1
2118,13,932,151,160,132,1.0,-1,-1,-1
2119,13,931,150,157,132,1.0,-1,-1,-1
2120,13,928,148,156,132,1.0,-1,-1,-1
2121,13,926,147,154,131,1.0,-1,-1,-1
2122,13,926,146,150,131,1.0,-1,-1,-1
2123,13,925,142,149,120,1.0,-1,-1,-1
2124,13,918,138,150,125,1.0,-1,-1,-1
2125,13,917,136,151,125,1.0,-1,-1,-1
2126,13,917,136,149,123,1.0,-1,-1,-1
2127,13,916,133,148,122,1.0,-1,-1,-1
2128,13,915,130,147,123,1.0,-1,-1,-1
2129,13,913,126,146,124,1.0,-1,-1,-1
2130,13,912,123,145,125,1.0,-1,-1,-1
2131,13,910,120,145,125,1.0,-1,-1,-1
2132,13,909,116,144,126,1.0,-1,-1,-1
2133,13,907,113,143,127,1.0,-1,-1,-1
2134,13,906,109,142,128,1.0,-1,-1,-1
2135,13,904,106,141,128,1.0,-1,-1,-1
2136,13,903,102,140,129,1.0,-1,-1,-1
2137,13,901,99,140,130,1.0,-1,-1,-1
2138,13,900,96,139,131,1.0,-1,-1,-1
2139,13,898,92,138,131,1.0,-1,-1,-1
2140,13,896,100,148,128,1.0,-1,-1,-1
