190,0,0,1133,968,580,1.0,-1,-1,-1
191,0,222,1136,867,508,1.0,-1,-1,-1
192,0,463,1139,766,437,1.0,-1,-1,-1
193,0,704,1143,665,366,1.0,-1,-1,-1
194,0,945,1146,564,295,1.0,-1,-1,-1
195,0,1044,1135,549,290,1.0,-1,-1,-1
196,0,1098,1132,478,272,1.0,-1,-1,-1
197,0,1236,1110,380,260,1.0,-1,-1,-1
198,0,1245,1097,405,261,1.0,-1,-1,-1
199,0,1362,1093,336,246,1.0,-1,-1,-1
200,0,1424,1111,270,203,1.0,-1,-1,-1
201,0,1475,1093,262,207,1.0,-1,-1,-1
202,0,1526,1089,239,191,1.0,-1,-1,-1
203,0,1547,1085,225,181,1.0,-1,-1,-1
204,0,1587,1081,210,175,1.0,-1,-1,-1
205,0,1608,1080,196,168,1.0,-1,-1,-1
206,0,1623,1068,187,163,1.0,-1,-1,-1
207,0,1645,1065,179,157,1.0,-1,-1,-1
208,0,1662,1061,166,151,1.0,-1,-1,-1
209,0,1676,1054,160,147,1.0,-1,-1,-1
210,0,1686,1050,155,143,1.0,-1,-1,-1
211,0,1700,1043,153,140,1.0,-1,-1,-1
212,0,1714,1042,139,139,1.0,-1,-1,-1
213,0,1717,1044,143,113,1.0,-1,-1,-1
214,0,1722,1042,141,110,1.0,-1,-1,-1
215,0,1727,1039,139,108,1.0,-1,-1,-1
216,0,1733,1035,135,106,1.0,-1,-1,-1
217,0,1738,1030,133,106,1.0,-1,-1,-1
598,15,1575,960,133,108,1.0,-1,-1,-1
599,15,1565,961,141,111,1.0,-1,-1,-1
600,15,1557,963,145,109,1.0,-1,-1,-1
601,15,1545,967,147,111,1.0,-1,-1,-1
602,15,1536,968,152,113,1.0,-1,-1,-1
603,15,1526,968,154,117,1.0,-1,-1,-1
604,15,1512,967,162,120,1.0,-1,-1,-1
605,15,1501,960,165,136,1.0,-1,-1,-1
606,15,1486,960,163,138,1.0,-1,-1,-1
607,15,1476,963,164,137,1.0,-1,-1,-1
608,15,1463,962,167,137,1.0,-1,-1,-1
609,15,1447,959,174,147,1.0,-1,-1,-1
610,15,1421,964,184,145,1.0,-1,-1,-1
611,15,1407,968,184,142,1.0,-1,-1,-1
612,15,1392,968,189,144,1.0,-1,-1,-1
613,15,1358,966,204,149,1.0,-1,-1,-1
614,15,1341,963,210,156,1.0,-1,-1,-1
615,15,1292,960,236,166,1.0,-1,-1,-1
616,15,1276,957,243,175,1.0,-1,-1,-1
617,15,1232,960,251,177,1.0,-1,-1,-1
618,15,1218,955,254,185,1.0,-1,-1,-1
619,15,1164,955,275,193,1.0,-1,-1,-1
620,15,1111,954,292,196,1.0,-1,-1,-1
621,15,1093,954,309,182,1.0,-1,-1,-1
622,15,960,933,364,226,1.0,-1,-1,-1
623,15,932,931,373,232,1.0,-1,-1,-1
624,15,850,927,373,242,1.0,-1,-1,-1
625,15,718,911,452,269,1.0,-1,-1,-1
626,15,671,907,508,270,1.0,-1,-1,-1
627,15,554,903,554,276,1.0,-1,-1,-1
628,15,397,894,592,294,1.0,-1,-1,-1
629,15,240,885,630,312,1.0,-1,-1,-1
630,15,83,876,669,331,1.0,-1,-1,-1
635,16,1581,960,134,106,1.0,-1,-1,-1
636,16,1571,959,141,109,1.0,-1,-1,-1
637,16,1560,958,150,113,1.0,-1,-1,-1
638,16,1551,959,155,114,1.0,-1,-1,-1
639,16,1544,961,150,118,1.0,-1,-1,-1
640,16,1536,963,153,119,1.0,-1,-1,-1
641,16,1523,964,158,120,1.0,-1,-1,-1
642,16,1509,964,165,121,1.0,-1,-1,-1
643,16,1498,958,168,136,1.0,-1,-1,-1
644,16,1484,959,163,138,1.0,-1,-1,-1
645,16,1472,960,166,138,1.0,-1,-1,-1
646,16,1452,959,177,145,1.0,-1,-1,-1
647,16,1440,959,184,147,1.0,-1,-1,-1
648,16,1411,962,194,146,1.0,-1,-1,-1
649,16,1394,963,199,147,1.0,-1,-1,-1
650,16,1356,964,217,148,1.0,-1,-1,-1
651,16,1342,963,219,153,1.0,-1,-1,-1
652,16,1324,960,229,159,1.0,-1,-1,-1
653,16,1281,956,245,169,1.0,-1,-1,-1
654,16,1228,960,273,170,1.0,-1,-1,-1
655,16,1215,957,273,179,1.0,-1,-1,-1
656,16,1160,958,290,184,1.0,-1,-1,-1
657,16,1103,957,312,187,1.0,-1,-1,-1
658,16,1047,936,353,220,1.0,-1,-1,-1
659,16,952,935,390,222,1.0,-1,-1,-1
660,16,923,934,397,223,1.0,-1,-1,-1
661,16,830,931,414,231,1.0,-1,-1,-1
662,16,703,919,483,252,1.0,-1,-1,-1
663,16,660,914,527,252,1.0,-1,-1,-1
664,16,501,899,582,275,1.0,-1,-1,-1
665,16,342,885,637,299,1.0,-1,-1,-1
666,16,183,870,692,323,1.0,-1,-1,-1
667,16,25,856,748,347,1.0,-1,-1,-1
672,17,1581,951,133,105,1.0,-1,-1,-1
673,17,1572,950,139,108,1.0,-1,-1,-1
674,17,1564,949,144,112,1.0,-1,-1,-1
675,17,1559,953,141,116,1.0,-1,-1,-1
676,17,1547,957,144,111,1.0,-1,-1,-1
677,17,1538,955,156,119,1.0,-1,-1,-1
678,17,1533,956,154,120,1.0,-1,-1,-1
679,17,1522,955,158,124,1.0,-1,-1,-1
680,17,1507,955,169,126,1.0,-1,-1,-1
681,17,1500,953,165,131,1.0,-1,-1,-1
682,17,1483,954,165,136,1.0,-1,-1,-1
683,17,1472,955,168,135,1.0,-1,-1,-1
684,17,1454,952,174,146,1.0,-1,-1,-1
685,17,1443,952,178,150,1.0,-1,-1,-1
686,17,1417,954,188,149,1.0,-1,-1,-1
687,17,1400,956,194,149,1.0,-1,-1,-1
688,17,1384,955,203,152,1.0,-1,-1,-1
689,17,1346,957,219,152,1.0,-1,-1,-1
690,17,1330,955,222,156,1.0,-1,-1,-1
691,17,1289,954,240,162,1.0,-1,-1,-1
692,17,1274,951,242,169,1.0,-1,-1,-1
693,17,1224,951,265,175,1.0,-1,-1,-1
694,17,1168,955,286,174,1.0,-1,-1,-1
695,17,1151,946,298,192,1.0,-1,-1,-1
696,17,1097,945,318,194,1.0,-1,-1,-1
697,17,1040,928,354,224,1.0,-1,-1,-1
698,17,955,935,380,218,1.0,-1,-1,-1
699,17,917,934,399,217,1.0,-1,-1,-1
700,17,829,930,419,226,1.0,-1,-1,-1
701,17,719,919,459,246,1.0,-1,-1,-1
702,17,681,909,490,256,1.0,-1,-1,-1
703,17,570,901,529,270,1.0,-1,-1,-1
704,17,408,885,597,297,1.0,-1,-1,-1
705,17,246,868,665,325,1.0,-1,-1,-1
706,17,85,852,734,353,1.0,-1,-1,-1
741,5,0,964,1115,626,1.0,-1,-1,-1
742,5,163,1010,1039,537,1.0,-1,-1,-1
743,5,361,1038,950,468,1.0,-1,-1,-1
744,5,481,1008,812,469,1.0,-1,-1,-1
745,5,630,1013,777,439,1.0,-1,-1,-1
746,5,733,1027,657,428,1.0,-1,-1,-1
747,5,813,1031,617,415,1.0,-1,-1,-1
748,5,913,1014,595,423,1.0,-1,-1,-1
749,5,957,1021,569,354,1.0,-1,-1,-1
750,5,1043,1019,546,341,1.0,-1,-1,-1
751,5,1088,1022,511,330,1.0,-1,-1,-1
752,5,1174,1023,458,313,1.0,-1,-1,-1
753,5,1204,1025,447,305,1.0,-1,-1,-1
754,5,1236,1030,432,288,1.0,-1,-1,-1
755,5,1312,1035,383,269,1.0,-1,-1,-1
756,5,1345,1040,361,255,1.0,-1,-1,-1
757,5,1376,1042,346,245,1.0,-1,-1,-1
758,5,1423,1038,326,249,1.0,-1,-1,-1
759,5,1440,1019,320,251,1.0,-1,-1,-1
760,5,1453,1034,317,230,1.0,-1,-1,-1
761,5,1490,1031,293,228,1.0,-1,-1,-1
762,5,1503,1032,288,222,1.0,-1,-1,-1
763,5,1523,1034,271,209,1.0,-1,-1,-1
764,5,1538,1035,255,200,1.0,-1,-1,-1
765,5,1566,1031,244,195,1.0,-1,-1,-1
766,5,1574,1029,241,193,1.0,-1,-1,-1
767,5,1585,1028,234,188,1.0,-1,-1,-1
768,5,1598,1027,223,186,1.0,-1,-1,-1
769,5,1611,1028,209,180,1.0,-1,-1,-1
770,5,1624,1017,206,191,1.0,-1,-1,-1
771,5,1632,1017,198,168,1.0,-1,-1,-1
772,5,1639,1015,194,169,1.0,-1,-1,-1
773,5,1646,1012,192,171,1.0,-1,-1,-1
774,5,1650,1010,191,169,1.0,-1,-1,-1
775,5,1657,1009,190,164,1.0,-1,-1,-1
776,5,1665,1005,184,163,1.0,-1,-1,-1
777,5,1670,1002,181,164,1.0,-1,-1,-1
778,5,1673,998,179,164,1.0,-1,-1,-1
779,5,1683,998,164,156,1.0,-1,-1,-1
780,5,1694,994,167,149,1.0,-1,-1,-1
781,5,1695,993,168,147,1.0,-1,-1,-1
782,5,1697,992,168,146,1.0,-1,-1,-1
783,5,1700,991,167,144,1.0,-1,-1,-1
784,5,1703,990,165,143,1.0,-1,-1,-1
785,5,1705,988,163,143,1.0,-1,-1,-1
786,5,1707,986,160,143,1.0,-1,-1,-1
787,5,1709,984,158,143,1.0,-1,-1,-1
788,5,1711,982,156,144,1.0,-1,-1,-1
789,5,1713,979,154,144,1.0,-1,-1,-1
790,5,1715,977,152,144,1.0,-1,-1,-1
791,5,1717,975,150,144,1.0,-1,-1,-1
792,5,1719,973,148,144,1.0,-1,-1,-1
793,5,1721,971,145,144,1.0,-1,-1,-1
794,5,1723,969,143,145,1.0,-1,-1,-1
795,5,1725,966,141,145,1.0,-1,-1,-1
796,5,1727,964,139,145,1.0,-1,-1,-1
797,5,1729,962,137,145,1.0,-1,-1,-1
798,5,1731,960,135,145,1.0,-1,-1,-1
799,5,1733,958,133,145,1.0,-1,-1,-1
800,5,1735,956,131,146,1.0,-1,-1,-1
942,19,78,1293,1192,609,1.0,-1,-1,-1
943,19,291,1319,1152,551,1.0,-1,-1,-1
944,19,374,1320,1051,553,1.0,-1,-1,-1
945,19,569,1341,1008,527,1.0,-1,-1,-1
945,20,1623,887,135,122,1.0,-1,-1,-1
946,19,683,1355,979,513,1.0,-1,-1,-1
946,20,1625,888,133,121,1.0,-1,-1,-1
947,19,797,1369,949,499,1.0,-1,-1,-1
947,20,1627,889,132,121,1.0,-1,-1,-1
948,19,959,1381,934,477,1.0,-1,-1,-1
948,20,1629,890,131,121,1.0,-1,-1,-1
949,19,1042,1396,870,466,1.0,-1,-1,-1
949,20,1632,892,130,121,1.0,-1,-1,-1
950,19,1161,1400,903,454,1.0,-1,-1,-1
950,20,1634,893,129,120,1.0,-1,-1,-1
951,19,1257,1422,869,441,1.0,-1,-1,-1
951,20,1636,894,128,120,1.0,-1,-1,-1
952,19,1353,1444,834,429,1.0,-1,-1,-1
952,20,1638,896,127,120,1.0,-1,-1,-1
953,19,1449,1465,800,417,1.0,-1,-1,-1
953,20,1641,897,126,120,1.0,-1,-1,-1
954,19,1505,1480,808,407,1.0,-1,-1,-1
954,20,1643,898,125,119,1.0,-1,-1,-1
955,19,1635,1489,809,412,1.0,-1,-1,-1
955,20,1645,900,124,119,1.0,-1,-1,-1
956,19,1705,1492,806,426,1.0,-1,-1,-1
956,20,1647,901,123,119,1.0,-1,-1,-1
957,19,1776,1496,783,423,1.0,-1,-1,-1
957,20,1650,902,122,119,1.0,-1,-1,-1
958,20,1652,903,121,118,1.0,-1,-1,-1
959,20,1654,905,120,118,1.0,-1,-1,-1
960,20,1656,906,119,118,1.0,-1,-1,-1
961,20,1659,907,118,118,1.0,-1,-1,-1
969,20,1665,914,117,118,1.0,-1,-1,-1
970,20,1664,914,118,118,1.0,-1,-1,-1
971,20,1664,915,119,119,1.0,-1,-1,-1
972,20,1663,915,119,119,1.0,-1,-1,-1
973,20,1663,915,120,120,1.0,-1,-1,-1
974,20,1662,916,121,120,1.0,-1,-1,-1
975,20,1661,916,122,120,1.0,-1,-1,-1
976,20,1661,916,123,121,1.0,-1,-1,-1
977,20,1660,917,124,121,1.0,-1,-1,-1
978,20,1660,917,124,122,1.0,-1,-1,-1
979,20,1659,917,125,122,1.0,-1,-1,-1
980,20,1658,918,126,122,1.0,-1,-1,-1
981,20,1658,918,127,123,1.0,-1,-1,-1
982,20,1657,918,128,123,1.0,-1,-1,-1
983,20,1657,919,129,124,1.0,-1,-1,-1
984,20,1655,920,129,123,1.0,-1,-1,-1
985,20,1653,922,130,122,1.0,-1,-1,-1
986,20,1652,923,130,121,1.0,-1,-1,-1
987,20,1650,925,131,120,1.0,-1,-1,-1
988,20,1648,926,131,119,1.0,-1,-1,-1
989,20,1647,928,132,118,1.0,-1,-1,-1
990,20,1645,929,132,117,1.0,-1,-1,-1
991,20,1643,931,133,116,1.0,-1,-1,-1
992,20,1642,932,134,115,1.0,-1,-1,-1
993,20,1640,934,134,114,1.0,-1,-1,-1
994,20,1638,935,135,113,1.0,-1,-1,-1
995,20,1637,937,135,112,1.0,-1,-1,-1
996,20,1635,938,136,111,1.0,-1,-1,-1
997,20,1633,940,136,111,1.0,-1,-1,-1
998,20,1632,941,137,110,1.0,-1,-1,-1
999,20,1630,943,138,109,1.0,-1,-1,-1
1000,20,1628,944,138,108,1.0,-1,-1,-1
1001,20,1627,946,139,107,1.0,-1,-1,-1
1002,20,1623,946,141,109,1.0,-1,-1,-1
1003,20,1621,947,140,107,1.0,-1,-1,-1
1004,20,1617,946,144,111,1.0,-1,-1,-1
1005,20,1617,947,141,109,1.0,-1,-1,-1
1006,20,1614,945,144,111,1.0,-1,-1,-1
1007,20,1615,945,140,110,1.0,-1,-1,-1
1008,20,1589,957,159,115,1.0,-1,-1,-1
1009,20,1586,954,162,120,1.0,-1,-1,-1
1010,20,1582,951,165,124,1.0,-1,-1,-1
1011,20,1579,950,166,127,1.0,-1,-1,-1
1012,20,1576,950,164,127,1.0,-1,-1,-1
1013,20,1572,950,162,129,1.0,-1,-1,-1
1014,20,1569,946,160,135,1.0,-1,-1,-1
1015,20,1563,945,163,136,1.0,-1,-1,-1
1016,20,1557,946,166,136,1.0,-1,-1,-1
1017,20,1551,946,169,135,1.0,-1,-1,-1
1018,20,1546,947,170,135,1.0,-1,-1,-1
1019,20,1544,946,171,137,1.0,-1,-1,-1
1020,20,1533,943,169,148,1.0,-1,-1,-1
1021,20,1532,939,168,158,1.0,-1,-1,-1
1022,20,1525,940,169,158,1.0,-1,-1,-1
1023,20,1518,940,171,159,1.0,-1,-1,-1
1024,20,1510,941,171,161,1.0,-1,-1,-1
1025,20,1501,938,175,164,1.0,-1,-1,-1
1026,20,1492,936,181,168,1.0,-1,-1,-1
1027,20,1485,932,190,173,1.0,-1,-1,-1
1027,21,692,630,278,176,1.0,-1,-1,-1
1028,20,1469,944,195,164,1.0,-1,-1,-1
1028,21,697,632,277,175,1.0,-1,-1,-1
1029,20,1459,944,199,163,1.0,-1,-1,-1
1029,21,702,634,277,175,1.0,-1,-1,-1
1030,20,1446,945,205,163,1.0,-1,-1,-1
1030,21,707,636,276,175,1.0,-1,-1,-1
1031,20,1438,946,206,164,1.0,-1,-1,-1
1031,21,712,638,276,175,1.0,-1,-1,-1
1032,20,1430,944,209,168,1.0,-1,-1,-1
1032,21,717,640,275,175,1.0,-1,-1,-1
1033,20,1403,949,224,165,1.0,-1,-1,-1
1033,21,722,642,275,175,1.0,-1,-1,-1
1034,20,1391,946,233,170,1.0,-1,-1,-1
1034,21,727,644,274,175,1.0,-1,-1,-1
1035,20,1378,945,240,173,1.0,-1,-1,-1
1035,21,732,646,274,175,1.0,-1,-1,-1
1036,20,1368,943,244,178,1.0,-1,-1,-1
1036,21,737,648,273,175,1.0,-1,-1,-1
1037,20,1339,945,256,177,1.0,-1,-1,-1
1037,21,742,650,273,175,1.0,-1,-1,-1
1038,20,1325,943,266,184,1.0,-1,-1,-1
1038,21,748,652,272,175,1.0,-1,-1,-1
1039,20,1313,943,270,189,1.0,-1,-1,-1
1039,21,753,654,272,174,1.0,-1,-1,-1
1040,20,1301,938,276,199,1.0,-1,-1,-1
1040,21,758,656,271,174,1.0,-1,-1,-1
1041,20,1262,940,295,205,1.0,-1,-1,-1
1041,21,763,658,271,174,1.0,-1,-1,-1
1042,20,1243,937,310,211,1.0,-1,-1,-1
1042,21,768,660,270,174,1.0,-1,-1,-1
1043,20,1212,940,311,211,1.0,-1,-1,-1
1043,21,773,662,270,174,1.0,-1,-1,-1
1044,20,1193,937,325,215,1.0,-1,-1,-1
1044,21,778,664,269,174,1.0,-1,-1,-1
1045,20,1155,927,356,233,1.0,-1,-1,-1
1045,21,783,666,269,174,1.0,-1,-1,-1
1046,20,1127,924,367,238,1.0,-1,-1,-1
1046,21,788,668,268,174,1.0,-1,-1,-1
1047,20,1103,915,385,247,1.0,-1,-1,-1
1047,21,793,670,268,174,1.0,-1,-1,-1
1048,20,1051,918,383,252,1.0,-1,-1,-1
1048,21,798,672,267,174,1.0,-1,-1,-1
1049,20,1013,910,402,267,1.0,-1,-1,-1
1049,21,804,675,267,174,1.0,-1,-1,-1
1050,20,945,908,440,271,1.0,-1,-1,-1
1050,21,808,676,266,174,1.0,-1,-1,-1
1051,20,909,904,459,282,1.0,-1,-1,-1
1051,21,812,677,265,174,1.0,-1,-1,-1
1052,20,873,898,480,291,1.0,-1,-1,-1
1052,21,816,678,265,174,1.0,-1,-1,-1
1053,20,795,892,504,308,1.0,-1,-1,-1
1053,21,821,679,264,174,1.0,-1,-1,-1
1054,20,763,885,514,313,1.0,-1,-1,-1
1054,21,825,680,264,174,1.0,-1,-1,-1
1055,20,658,881,559,324,1.0,-1,-1,-1
1055,21,829,682,263,174,1.0,-1,-1,-1
1056,20,568,828,645,407,1.0,-1,-1,-1
1056,21,834,683,262,174,1.0,-1,-1,-1
1057,20,534,867,595,337,1.0,-1,-1,-1
1057,21,838,684,262,174,1.0,-1,-1,-1
1058,20,420,868,644,334,1.0,-1,-1,-1
1058,21,842,685,261,174,1.0,-1,-1,-1
1059,20,302,845,743,385,1.0,-1,-1,-1
1059,21,847,686,261,174,1.0,-1,-1,-1
1060,20,154,824,833,418,1.0,-1,-1,-1
1060,21,851,688,260,175,1.0,-1,-1,-1
1061,21,855,689,259,175,1.0,-1,-1,-1
1062,21,860,690,259,175,1.0,-1,-1,-1
1063,21,864,691,258,175,1.0,-1,-1,-1
1064,21,868,692,258,175,1.0,-1,-1,-1
1065,21,873,693,257,175,1.0,-1,-1,-1
1066,21,877,695,256,175,1.0,-1,-1,-1
1067,21,881,696,256,175,1.0,-1,-1,-1
1068,21,886,697,255,175,1.0,-1,-1,-1
1069,21,890,698,255,175,1.0,-1,-1,-1
1070,21,894,699,254,175,1.0,-1,-1,-1
1071,21,899,701,254,176,1.0,-1,-1,-1
1072,21,900,701,253,175,1.0,-1,-1,-1
1073,21,901,702,252,175,1.0,-1,-1,-1
1074,21,902,703,251,175,1.0,-1,-1,-1
1075,21,903,703,250,174,1.0,-1,-1,-1
1076,21,904,704,249,174,1.0,-1,-1,-1
1077,21,906,705,249,174,1.0,-1,-1,-1
1078,21,902,704,250,172,1.0,-1,-1,-1
1079,21,899,703,252,171,1.0,-1,-1,-1
1080,21,896,702,254,169,1.0,-1,-1,-1
1081,21,893,701,256,168,1.0,-1,-1,-1
1082,21,890,700,258,166,1.0,-1,-1,-1
1083,21,887,700,260,165,1.0,-1,-1,-1
1084,21,884,698,261,166,1.0,-1,-1,-1
1085,21,880,699,262,164,1.0,-1,-1,-1
1086,6,1906,1382,611,298,1.0,-1,-1,-1
1086,21,877,698,263,165,1.0,-1,-1,-1
1087,6,1868,1361,596,308,1.0,-1,-1,-1
1087,21,874,698,262,163,1.0,-1,-1,-1
1088,6,1830,1340,582,318,1.0,-1,-1,-1
1088,21,871,696,261,164,1.0,-1,-1,-1
1089,6,1726,1316,615,318,1.0,-1,-1,-1
1089,21,871,697,254,163,1.0,-1,-1,-1
1090,6,1710,1305,605,323,1.0,-1,-1,-1
1090,21,871,699,248,160,1.0,-1,-1,-1
1091,6,1632,1272,586,313,1.0,-1,-1,-1
1091,21,861,702,232,151,1.0,-1,-1,-1
1092,6,1581,1256,588,309,1.0,-1,-1,-1
1092,21,854,704,237,149,1.0,-1,-1,-1
1093,6,1529,1241,591,306,1.0,-1,-1,-1
1093,21,846,702,242,153,1.0,-1,-1,-1
1094,6,1426,1223,621,297,1.0,-1,-1,-1
1094,21,839,700,242,156,1.0,-1,-1,-1
1095,6,1410,1205,590,269,1.0,-1,-1,-1
1095,21,833,697,242,161,1.0,-1,-1,-1
1096,6,1318,1190,617,277,1.0,-1,-1,-1
1096,21,828,694,243,163,1.0,-1,-1,-1
1097,6,1235,1170,611,276,1.0,-1,-1,-1
1097,21,823,691,243,165,1.0,-1,-1,-1
1098,6,1171,1152,626,283,1.0,-1,-1,-1
1098,21,820,689,245,166,1.0,-1,-1,-1
1099,6,1108,1134,641,290,1.0,-1,-1,-1
1099,21,805,689,246,165,1.0,-1,-1,-1
1100,6,1005,1113,673,306,1.0,-1,-1,-1
1100,21,798,691,246,163,1.0,-1,-1,-1
1101,6,959,1101,652,295,1.0,-1,-1,-1
1101,21,790,691,250,163,1.0,-1,-1,-1
1102,6,912,1089,631,285,1.0,-1,-1,-1
1102,21,783,690,251,163,1.0,-1,-1,-1
1103,6,802,1077,661,285,1.0,-1,-1,-1
1103,21,776,667,267,177,1.0,-1,-1,-1
1104,6,707,1055,668,290,1.0,-1,-1,-1
1104,21,768,666,271,177,1.0,-1,-1,-1
1105,6,616,1041,674,298,1.0,-1,-1,-1
1105,21,763,668,275,172,1.0,-1,-1,-1
1106,6,495,1022,717,314,1.0,-1,-1,-1
1106,21,741,670,260,169,1.0,-1,-1,-1
1107,6,375,1002,760,331,1.0,-1,-1,-1
1107,21,730,668,263,170,1.0,-1,-1,-1
1108,6,254,983,803,347,1.0,-1,-1,-1
1108,21,722,666,261,172,1.0,-1,-1,-1
1109,6,134,964,846,364,1.0,-1,-1,-1
1109,21,719,666,254,170,1.0,-1,-1,-1
1110,6,14,945,889,381,1.0,-1,-1,-1
1110,21,692,667,269,172,1.0,-1,-1,-1
1111,21,680,666,274,171,1.0,-1,-1,-1
1112,21,670,664,273,174,1.0,-1,-1,-1
1113,21,666,663,264,173,1.0,-1,-1,-1
1114,21,639,668,275,167,1.0,-1,-1,-1
1115,21,630,666,278,167,1.0,-1,-1,-1
1116,21,622,664,275,170,1.0,-1,-1,-1
1117,21,619,661,265,173,1.0,-1,-1,-1
1118,21,584,659,285,173,1.0,-1,-1,-1
1119,21,571,657,295,176,1.0,-1,-1,-1
1120,21,559,654,298,177,1.0,-1,-1,-1
1121,21,557,653,288,177,1.0,-1,-1,-1
1122,21,531,649,292,179,1.0,-1,-1,-1
1123,21,522,650,296,176,1.0,-1,-1,-1
1124,21,514,646,294,178,1.0,-1,-1,-1
1125,21,511,644,286,182,1.0,-1,-1,-1
1126,21,489,636,286,193,1.0,-1,-1,-1
1127,21,484,638,289,189,1.0,-1,-1,-1
1128,21,477,640,288,187,1.0,-1,-1,-1
1129,21,472,641,284,187,1.0,-1,-1,-1
1130,21,466,639,281,191,1.0,-1,-1,-1
1131,21,462,638,281,194,1.0,-1,-1,-1
1132,21,458,637,284,198,1.0,-1,-1,-1
1133,21,458,636,281,202,1.0,-1,-1,-1
1134,21,437,638,290,214,1.0,-1,-1,-1
1135,21,436,636,286,222,1.0,-1,-1,-1
1136,21,434,636,282,226,1.0,-1,-1,-1
1137,21,433,637,276,225,1.0,-1,-1,-1
1138,21,432,641,270,222,1.0,-1,-1,-1
1139,21,430,664,250,209,1.0,-1,-1,-1
1140,21,430,665,248,211,1.0,-1,-1,-1
1141,21,431,666,246,214,1.0,-1,-1,-1
1142,21,433,667,242,218,1.0,-1,-1,-1
1143,21,433,669,239,222,1.0,-1,-1,-1
1144,21,433,670,236,228,1.0,-1,-1,-1
1145,21,432,673,237,230,1.0,-1,-1,-1
1146,21,431,676,237,234,1.0,-1,-1,-1
1147,21,429,677,239,239,1.0,-1,-1,-1
1148,21,429,678,241,242,1.0,-1,-1,-1
1149,21,429,680,244,244,1.0,-1,-1,-1
1150,21,431,682,246,243,1.0,-1,-1,-1
1151,21,430,692,245,254,1.0,-1,-1,-1
1152,21,433,694,246,255,1.0,-1,-1,-1
1153,21,435,697,248,255,1.0,-1,-1,-1
1154,21,436,699,250,257,1.0,-1,-1,-1
1155,21,438,701,252,260,1.0,-1,-1,-1
1156,21,440,702,254,264,1.0,-1,-1,-1
1157,21,443,704,254,269,1.0,-1,-1,-1
1158,21,444,705,254,275,1.0,-1,-1,-1
1159,21,445,706,254,279,1.0,-1,-1,-1
1160,21,446,726,263,282,1.0,-1,-1,-1
1161,21,444,724,267,292,1.0,-1,-1,-1
1162,21,440,722,272,306,1.0,-1,-1,-1
1163,21,434,722,276,318,1.0,-1,-1,-1
1164,21,417,732,300,315,1.0,-1,-1,-1
1165,21,405,740,309,315,1.0,-1,-1,-1
1166,21,394,748,314,316,1.0,-1,-1,-1
1167,21,382,755,319,315,1.0,-1,-1,-1
1168,21,364,761,332,317,1.0,-1,-1,-1
1169,21,341,765,352,322,1.0,-1,-1,-1
1170,21,318,766,378,329,1.0,-1,-1,-1
1171,21,266,775,415,331,1.0,-1,-1,-1
1172,21,232,771,447,346,1.0,-1,-1,-1
1173,21,197,769,468,357,1.0,-1,-1,-1
1174,21,109,766,529,370,1.0,-1,-1,-1
1175,21,58,793,575,356,1.0,-1,-1,-1
1176,21,18,792,602,362,1.0,-1,-1,-1
1264,23,166,1096,989,584,1.0,-1,-1,-1
1265,23,327,1091,895,543,1.0,-1,-1,-1
1266,23,489,1085,801,502,1.0,-1,-1,-1
1267,23,664,1081,757,464,1.0,-1,-1,-1
1268,23,779,1075,633,445,1.0,-1,-1,-1
1269,23,877,1079,584,409,1.0,-1,-1,-1
1270,23,976,1083,535,374,1.0,-1,-1,-1
1271,23,1063,1086,527,354,1.0,-1,-1,-1
1272,23,1111,1076,488,326,1.0,-1,-1,-1
1273,23,1208,1072,439,321,1.0,-1,-1,-1
1274,23,1237,1074,435,296,1.0,-1,-1,-1
1275,23,1329,1066,372,288,1.0,-1,-1,-1
1276,23,1371,1063,345,272,1.0,-1,-1,-1
1277,23,1396,1062,332,262,1.0,-1,-1,-1
1278,23,1439,1056,317,260,1.0,-1,-1,-1
1279,23,1469,1066,287,233,1.0,-1,-1,-1
1280,23,1507,1064,272,219,1.0,-1,-1,-1
1281,23,1524,1059,265,218,1.0,-1,-1,-1
1282,23,1552,1050,255,227,1.0,-1,-1,-1
1283,23,1564,1052,245,218,1.0,-1,-1,-1
1284,23,1584,1046,229,199,1.0,-1,-1,-1
1285,23,1595,1044,224,193,1.0,-1,-1,-1
1286,23,1605,1040,218,188,1.0,-1,-1,-1
1287,23,1625,1037,209,184,1.0,-1,-1,-1
1288,23,1634,1033,198,184,1.0,-1,-1,-1
1289,23,1642,1029,190,184,1.0,-1,-1,-1
1290,23,1650,1026,185,181,1.0,-1,-1,-1
1291,23,1658,1025,180,176,1.0,-1,-1,-1
1292,23,1669,1023,174,157,1.0,-1,-1,-1
1293,23,1674,1028,170,146,1.0,-1,-1,-1
1294,23,1677,1024,167,145,1.0,-1,-1,-1
1295,23,1682,1019,162,145,1.0,-1,-1,-1
1296,23,1685,1015,160,144,1.0,-1,-1,-1
1297,23,1687,1011,157,145,1.0,-1,-1,-1
1298,23,1689,1008,156,143,1.0,-1,-1,-1
1299,23,1691,1005,153,141,1.0,-1,-1,-1
1300,23,1697,996,158,145,1.0,-1,-1,-1
1301,23,1698,994,157,144,1.0,-1,-1,-1
1302,23,1700,995,154,137,1.0,-1,-1,-1
1303,23,1702,992,152,136,1.0,-1,-1,-1
1304,23,1703,990,150,135,1.0,-1,-1,-1
1305,23,1705,987,148,134,1.0,-1,-1,-1
1306,23,1707,984,146,133,1.0,-1,-1,-1
1307,23,1708,981,144,132,1.0,-1,-1,-1
1308,23,1710,978,142,132,1.0,-1,-1,-1
1309,23,1711,976,140,131,1.0,-1,-1,-1
1310,23,1713,973,138,130,1.0,-1,-1,-1
1311,23,1715,970,136,129,1.0,-1,-1,-1
1312,23,1716,967,134,128,1.0,-1,-1,-1
1313,23,1718,964,132,127,1.0,-1,-1,-1
1314,23,1720,962,131,127,1.0,-1,-1,-1
1367,8,1593,961,132,105,1.0,-1,-1,-1
1368,8,1586,959,132,110,1.0,-1,-1,-1
1369,8,1579,958,135,114,1.0,-1,-1,-1
1370,8,1566,957,144,119,1.0,-1,-1,-1
1371,8,1553,957,158,123,1.0,-1,-1,-1
1372,8,1542,962,153,126,1.0,-1,-1,-1
1373,8,1535,954,156,142,1.0,-1,-1,-1
1374,8,1521,957,161,142,1.0,-1,-1,-1
1375,8,1507,960,165,140,1.0,-1,-1,-1
1376,8,1500,962,164,136,1.0,-1,-1,-1
1377,8,1471,966,175,142,1.0,-1,-1,-1
1378,8,1455,965,179,146,1.0,-1,-1,-1
1379,8,1439,964,189,151,1.0,-1,-1,-1
1380,8,1403,967,202,152,1.0,-1,-1,-1
1381,8,1384,970,211,152,1.0,-1,-1,-1
1382,8,1344,967,225,159,1.0,-1,-1,-1
1383,8,1327,965,232,165,1.0,-1,-1,-1
1384,8,1278,961,252,180,1.0,-1,-1,-1
1385,8,1224,962,277,181,1.0,-1,-1,-1
1386,8,1212,958,278,190,1.0,-1,-1,-1
1387,8,1152,967,300,189,1.0,-1,-1,-1
1388,8,1071,939,341,219,1.0,-1,-1,-1
1389,8,1038,935,355,227,1.0,-1,-1,-1
1390,8,944,952,388,225,1.0,-1,-1,-1
1391,8,820,947,457,243,1.0,-1,-1,-1
1392,8,797,944,459,245,1.0,-1,-1,-1
1393,8,696,939,481,258,1.0,-1,-1,-1
1394,8,557,924,534,291,1.0,-1,-1,-1
1395,8,418,909,588,324,1.0,-1,-1,-1
1396,8,279,894,641,356,1.0,-1,-1,-1
1397,8,140,880,694,389,1.0,-1,-1,-1
1398,8,0,879,713,399,1.0,-1,-1,-1
1636,10,276,1084,820,463,1.0,-1,-1,-1
1637,10,504,1075,744,440,1.0,-1,-1,-1
1638,10,546,1072,728,433,1.0,-1,-1,-1
1639,10,761,1076,616,367,1.0,-1,-1,-1
1640,10,975,1080,504,301,1.0,-1,-1,-1
1641,10,1070,1071,498,294,1.0,-1,-1,-1
1642,10,1126,1066,432,286,1.0,-1,-1,-1
1643,10,1222,1062,395,260,1.0,-1,-1,-1
1644,10,1260,1061,376,249,1.0,-1,-1,-1
1645,10,1340,1055,342,247,1.0,-1,-1,-1
1646,10,1412,1061,277,220,1.0,-1,-1,-1
1647,10,1459,1061,262,212,1.0,-1,-1,-1
1648,10,1476,1059,256,208,1.0,-1,-1,-1
1649,10,1516,1067,239,188,1.0,-1,-1,-1
1650,10,1530,1051,235,186,1.0,-1,-1,-1
1651,10,1551,1047,221,181,1.0,-1,-1,-1
1652,10,1582,1045,204,172,1.0,-1,-1,-1
1653,10,1599,1040,191,170,1.0,-1,-1,-1
1654,10,1617,1036,180,166,1.0,-1,-1,-1
1655,10,1627,1033,176,164,1.0,-1,-1,-1
1656,10,1645,1028,166,165,1.0,-1,-1,-1
1657,10,1649,1032,172,142,1.0,-1,-1,-1
1658,10,1657,1030,169,139,1.0,-1,-1,-1
1659,10,1666,1025,164,139,1.0,-1,-1,-1
1660,10,1672,1021,160,137,1.0,-1,-1,-1
1661,10,1679,1014,155,138,1.0,-1,-1,-1
1662,10,1686,1009,151,138,1.0,-1,-1,-1
1663,10,1693,1011,144,127,1.0,-1,-1,-1
1664,10,1697,1007,139,125,1.0,-1,-1,-1
1665,10,1717,1003,124,124,1.0,-1,-1,-1
1666,10,1719,1001,122,125,1.0,-1,-1,-1
1667,10,1723,1002,118,121,1.0,-1,-1,-1
1668,10,1721,997,126,111,1.0,-1,-1,-1
1788,26,226,1064,914,595,1.0,-1,-1,-1
1789,26,400,1064,826,544,1.0,-1,-1,-1
1790,26,574,1065,739,493,1.0,-1,-1,-1
1791,26,748,1066,651,442,1.0,-1,-1,-1
1792,26,923,1067,564,391,1.0,-1,-1,-1
1793,26,1097,1068,476,340,1.0,-1,-1,-1
1794,26,1203,1067,428,318,1.0,-1,-1,-1
1795,26,1243,1066,401,300,1.0,-1,-1,-1
1796,26,1336,1061,350,283,1.0,-1,-1,-1
1797,26,1377,1060,328,269,1.0,-1,-1,-1
1798,26,1453,1059,283,247,1.0,-1,-1,-1
1799,26,1473,1058,269,235,1.0,-1,-1,-1
1800,26,1514,1057,260,224,1.0,-1,-1,-1
1801,26,1537,1057,242,214,1.0,-1,-1,-1
1802,26,1570,1045,228,202,1.0,-1,-1,-1
1803,26,1588,1043,217,196,1.0,-1,-1,-1
1804,26,1606,1040,206,190,1.0,-1,-1,-1
1805,26,1619,1036,196,185,1.0,-1,-1,-1
1806,26,1637,1030,185,185,1.0,-1,-1,-1
1807,26,1646,1027,180,180,1.0,-1,-1,-1
1808,26,1654,1019,180,166,1.0,-1,-1,-1
1809,26,1669,1025,169,152,1.0,-1,-1,-1
1810,26,1676,1025,167,150,1.0,-1,-1,-1
1811,26,1683,1021,162,149,1.0,-1,-1,-1
1812,26,1687,1015,158,151,1.0,-1,-1,-1
1813,26,1690,1009,155,152,1.0,-1,-1,-1
1814,26,1700,1001,156,150,1.0,-1,-1,-1
1815,26,1703,996,154,150,1.0,-1,-1,-1
1816,26,1707,991,152,151,1.0,-1,-1,-1
1817,26,1717,1000,136,131,1.0,-1,-1,-1
1818,26,1718,997,135,131,1.0,-1,-1,-1
1819,26,1719,994,134,130,1.0,-1,-1,-1
1820,26,1720,991,133,130,1.0,-1,-1,-1
1821,26,1721,988,132,129,1.0,-1,-1,-1
1822,26,1722,985,131,129,1.0,-1,-1,-1
1823,26,1723,981,130,129,1.0,-1,-1,-1
1824,26,1724,978,129,128,1.0,-1,-1,-1
1825,26,1725,975,128,128,1.0,-1,-1,-1
1826,26,1726,972,127,127,1.0,-1,-1,-1
1827,26,1727,969,126,127,1.0,-1,-1,-1
1828,26,1728,966,125,126,1.0,-1,-1,-1
1829,26,1729,963,124,126,1.0,-1,-1,-1
1830,26,1731,960,124,126,1.0,-1,-1,-1
1903,12,0,529,481,322,1.0,-1,-1,-1
1904,12,0,532,490,327,1.0,-1,-1,-1
1905,12,9,533,501,333,1.0,-1,-1,-1
1906,12,18,532,512,340,1.0,-1,-1,-1
1907,12,22,525,523,353,1.0,-1,-1,-1
1908,12,67,530,497,352,1.0,-1,-1,-1
1909,12,72,525,502,362,1.0,-1,-1,-1
1910,12,82,528,501,363,1.0,-1,-1,-1
1911,12,96,533,495,361,1.0,-1,-1,-1
1912,12,112,539,490,361,1.0,-1,-1,-1
1913,12,128,547,483,356,1.0,-1,-1,-1
1914,12,138,554,481,354,1.0,-1,-1,-1
1915,12,152,567,512,338,1.0,-1,-1,-1
1916,12,154,569,515,343,1.0,-1,-1,-1
1917,12,164,570,505,344,1.0,-1,-1,-1
1918,12,159,592,519,365,1.0,-1,-1,-1
1919,12,165,592,519,366,1.0,-1,-1,-1
1920,12,174,595,514,364,1.0,-1,-1,-1
1921,12,186,597,507,363,1.0,-1,-1,-1
1922,12,200,599,501,364,1.0,-1,-1,-1
1923,12,210,602,499,364,1.0,-1,-1,-1
1924,12,215,604,502,364,1.0,-1,-1,-1
1925,12,217,605,506,366,1.0,-1,-1,-1
1926,12,218,603,511,370,1.0,-1,-1,-1
1927,12,220,605,512,372,1.0,-1,-1,-1
1928,12,223,607,513,373,1.0,-1,-1,-1
1929,12,224,610,517,374,1.0,-1,-1,-1
1930,12,223,612,521,375,1.0,-1,-1,-1
1931,12,249,608,508,384,1.0,-1,-1,-1
1932,12,257,608,500,389,1.0,-1,-1,-1
1933,12,268,609,488,392,1.0,-1,-1,-1
1934,12,279,612,481,393,1.0,-1,-1,-1
1935,12,289,620,478,391,1.0,-1,-1,-1
1936,12,297,627,480,393,1.0,-1,-1,-1
1937,12,305,635,488,392,1.0,-1,-1,-1
1938,12,313,639,498,394,1.0,-1,-1,-1
1939,12,321,643,505,397,1.0,-1,-1,-1
1940,12,332,642,497,405,1.0,-1,-1,-1
1941,12,362,647,501,398,1.0,-1,-1,-1
1942,12,374,676,497,400,1.0,-1,-1,-1
1943,12,387,687,503,396,1.0,-1,-1,-1
1944,12,400,697,515,400,1.0,-1,-1,-1
1945,12,410,706,527,403,1.0,-1,-1,-1
1946,12,462,722,510,399,1.0,-1,-1,-1
1947,12,484,737,511,397,1.0,-1,-1,-1
1948,12,506,750,511,388,1.0,-1,-1,-1
1949,12,555,763,508,366,1.0,-1,-1,-1
1950,12,561,780,545,396,1.0,-1,-1,-1
1951,12,580,786,558,404,1.0,-1,-1,-1
1952,12,632,801,556,397,1.0,-1,-1,-1
1953,12,661,807,552,406,1.0,-1,-1,-1
1954,12,694,819,535,401,1.0,-1,-1,-1
1955,12,754,834,531,405,1.0,-1,-1,-1
1956,12,784,872,534,389,1.0,-1,-1,-1
1957,12,851,874,526,392,1.0,-1,-1,-1
1958,12,877,873,526,404,1.0,-1,-1,-1
1959,12,941,881,528,403,1.0,-1,-1,-1
1960,12,957,889,544,405,1.0,-1,-1,-1
1961,12,991,906,529,389,1.0,-1,-1,-1
1962,12,1050,924,538,378,1.0,-1,-1,-1
1963,12,1088,939,518,360,1.0,-1,-1,-1
1964,12,1150,959,513,343,1.0,-1,-1,-1
1965,12,1175,963,516,349,1.0,-1,-1,-1
1966,12,1210,969,495,340,1.0,-1,-1,-1
1967,12,1247,972,509,342,1.0,-1,-1,-1
1968,12,1271,996,509,342,1.0,-1,-1,-1
1969,12,1296,1002,499,333,1.0,-1,-1,-1
1970,12,1309,1010,499,322,1.0,-1,-1,-1
1971,12,1387,1019,434,310,1.0,-1,-1,-1
1972,12,1418,1027,416,302,1.0,-1,-1,-1
1973,12,1444,1036,407,292,1.0,-1,-1,-1
1974,12,1456,1044,409,285,1.0,-1,-1,-1
1975,12,1506,1044,377,275,1.0,-1,-1,-1
1976,12,1535,1046,351,271,1.0,-1,-1,-1
1977,12,1564,1049,329,265,1.0,-1,-1,-1
1978,12,1587,1053,315,258,1.0,-1,-1,-1
1979,12,1598,1072,312,234,1.0,-1,-1,-1
1980,12,1617,1073,289,234,1.0,-1,-1,-1
1981,12,1645,1067,273,232,1.0,-1,-1,-1
1982,12,1656,1065,261,236,1.0,-1,-1,-1
1983,12,1667,1063,252,236,1.0,-1,-1,-1
1984,12,1678,1060,244,231,1.0,-1,-1,-1
1985,12,1688,1055,237,230,1.0,-1,-1,-1
1986,12,1697,1052,226,227,1.0,-1,-1,-1
1987,12,1715,1054,224,221,1.0,-1,-1,-1
1988,12,1719,1056,217,213,1.0,-1,-1,-1
1989,12,1731,1046,206,201,1.0,-1,-1,-1
1990,12,1734,1046,203,199,1.0,-1,-1,-1
1991,12,1738,1045,199,196,1.0,-1,-1,-1
1992,12,1741,1045,194,193,1.0,-1,-1,-1
1993,12,1744,1045,190,188,1.0,-1,-1,-1
1994,12,1746,1044,189,184,1.0,-1,-1,-1
1995,12,1748,1043,188,178,1.0,-1,-1,-1
1996,12,1753,1041,186,174,1.0,-1,-1,-1
1997,28,1638,925,124,135,1.0,-1,-1,-1
1997,12,1766,1042,165,166,1.0,-1,-1,-1
1998,28,1635,926,125,136,1.0,-1,-1,-1
1998,12,1768,1037,165,166,1.0,-1,-1,-1
1999,28,1632,927,127,137,1.0,-1,-1,-1
1999,12,1768,1034,165,164,1.0,-1,-1,-1
2000,28,1629,928,128,139,1.0,-1,-1,-1
2000,12,1773,1011,164,166,1.0,-1,-1,-1
2001,28,1626,929,130,140,1.0,-1,-1,-1
2001,12,1773,1011,164,164,1.0,-1,-1,-1
2002,28,1624,930,132,141,1.0,-1,-1,-1
2002,12,1773,1012,163,160,1.0,-1,-1,-1
2003,28,1621,931,133,143,1.0,-1,-1,-1
2003,12,1774,1013,161,155,1.0,-1,-1,-1
2004,28,1618,932,135,144,1.0,-1,-1,-1
2004,12,1773,1010,160,152,1.0,-1,-1,-1
2005,28,1615,933,136,145,1.0,-1,-1,-1
2005,12,1771,1004,159,152,1.0,-1,-1,-1
2006,28,1613,934,138,147,1.0,-1,-1,-1
2006,12,1770,999,158,153,1.0,-1,-1,-1
2007,28,1610,935,140,148,1.0,-1,-1,-1
2007,12,1770,997,157,150,1.0,-1,-1,-1
2008,28,1607,936,141,149,1.0,-1,-1,-1
2008,12,1770,995,157,146,1.0,-1,-1,-1
2009,28,1604,937,143,151,1.0,-1,-1,-1
2009,12,1768,994,157,143,1.0,-1,-1,-1
2010,28,1601,938,144,152,1.0,-1,-1,-1
2010,12,1765,993,156,141,1.0,-1,-1,-1
2011,28,1599,939,146,153,1.0,-1,-1,-1
2011,12,1764,992,154,142,1.0,-1,-1,-1
2012,28,1596,940,148,155,1.0,-1,-1,-1
2012,12,1774,993,140,113,1.0,-1,-1,-1
2013,28,1593,941,149,156,1.0,-1,-1,-1
2013,12,1771,992,139,115,1.0,-1,-1,-1
2014,28,1590,942,151,157,1.0,-1,-1,-1
2014,12,1770,992,137,116,1.0,-1,-1,-1
2015,28,1588,943,153,159,1.0,-1,-1,-1
2015,12,1767,991,139,117,1.0,-1,-1,-1
2016,28,1582,943,155,160,1.0,-1,-1,-1
2016,12,1769,991,135,113,1.0,-1,-1,-1
2017,28,1576,944,157,161,1.0,-1,-1,-1
2017,12,1767,989,134,113,1.0,-1,-1,-1
2018,28,1570,945,159,162,1.0,-1,-1,-1
2018,12,1770,987,129,110,1.0,-1,-1,-1
2019,28,1564,946,162,164,1.0,-1,-1,-1
2019,12,1769,985,129,109,1.0,-1,-1,-1
2020,28,1558,947,164,165,1.0,-1,-1,-1
2020,12,1754,979,121,115,1.0,-1,-1,-1
2021,28,1552,947,166,166,1.0,-1,-1,-1
2021,12,1753,975,123,115,1.0,-1,-1,-1
2022,28,1546,948,169,168,1.0,-1,-1,-1
2022,12,1753,974,124,115,1.0,-1,-1,-1
2023,28,1540,949,171,169,1.0,-1,-1,-1
2023,12,1753,972,123,113,1.0,-1,-1,-1
2024,28,1534,950,173,170,1.0,-1,-1,-1
2025,28,1528,951,176,172,1.0,-1,-1,-1
2026,28,1375,949,249,217,1.0,-1,-1,-1
2027,28,1351,957,259,210,1.0,-1,-1,-1
2028,28,1328,965,270,204,1.0,-1,-1,-1
2029,28,1308,961,282,210,1.0,-1,-1,-1
2030,28,1281,966,273,206,1.0,-1,-1,-1
2031,28,1255,957,298,219,1.0,-1,-1,-1
2032,28,1241,954,301,223,1.0,-1,-1,-1
2033,28,1198,956,316,222,1.0,-1,-1,-1
2034,28,1149,958,360,220,1.0,-1,-1,-1
2035,28,1120,955,372,224,1.0,-1,-1,-1
2036,28,1066,953,389,234,1.0,-1,-1,-1
2037,28,1036,948,399,237,1.0,-1,-1,-1
2038,28,997,945,424,243,1.0,-1,-1,-1
2039,28,929,942,437,254,1.0,-1,-1,-1
2040,28,891,935,457,263,1.0,-1,-1,-1
2041,28,798,931,496,274,1.0,-1,-1,-1
2042,28,758,922,523,286,1.0,-1,-1,-1
2043,28,665,915,546,304,1.0,-1,-1,-1
2044,28,562,916,570,305,1.0,-1,-1,-1
2045,28,567,882,541,307,1.0,-1,-1,-1
2046,28,394,873,637,404,1.0,-1,-1,-1
2047,28,312,837,711,388,1.0,-1,-1,-1
2048,28,135,851,765,373,1.0,-1,-1,-1
2049,28,106,842,718,389,1.0,-1,-1,-1
2179,29,720,1137,625,442,1.0,-1,-1,-1
2179,30,1621,936,130,112,1.0,-1,-1,-1
2180,29,849,1142,568,384,1.0,-1,-1,-1
2180,30,1617,938,130,111,1.0,-1,-1,-1
2181,29,978,1147,511,326,1.0,-1,-1,-1
2181,30,1613,941,130,110,1.0,-1,-1,-1
2182,29,1088,1137,479,303,1.0,-1,-1,-1
2182,30,1609,944,130,110,1.0,-1,-1,-1
2183,29,1211,1136,407,273,1.0,-1,-1,-1
2183,30,1605,947,130,109,1.0,-1,-1,-1
2184,29,1227,1137,414,263,1.0,-1,-1,-1
2184,30,1601,950,130,109,1.0,-1,-1,-1
2185,29,1343,1106,346,260,1.0,-1,-1,-1
2185,30,1598,953,130,108,1.0,-1,-1,-1
2186,29,1411,1109,285,242,1.0,-1,-1,-1
2186,30,1594,955,130,107,1.0,-1,-1,-1
2187,29,1461,1099,271,237,1.0,-1,-1,-1
2187,30,1590,958,130,107,1.0,-1,-1,-1
2188,29,1477,1103,261,220,1.0,-1,-1,-1
2188,30,1583,957,133,110,1.0,-1,-1,-1
2189,29,1530,1092,245,210,1.0,-1,-1,-1
2189,30,1575,956,137,115,1.0,-1,-1,-1
2190,29,1542,1090,241,204,1.0,-1,-1,-1
2190,30,1565,956,142,119,1.0,-1,-1,-1
2191,29,1585,1082,225,196,1.0,-1,-1,-1
2191,30,1562,957,138,121,1.0,-1,-1,-1
2192,29,1604,1079,212,189,1.0,-1,-1,-1
2192,30,1536,963,154,119,1.0,-1,-1,-1
2193,29,1637,1075,190,185,1.0,-1,-1,-1
2193,30,1525,963,160,121,1.0,-1,-1,-1
2194,29,1653,1077,178,172,1.0,-1,-1,-1
2194,30,1514,965,162,122,1.0,-1,-1,-1
2195,29,1665,1066,179,162,1.0,-1,-1,-1
2195,30,1502,957,166,139,1.0,-1,-1,-1
2196,29,1678,1064,170,157,1.0,-1,-1,-1
2196,30,1484,958,165,140,1.0,-1,-1,-1
2197,29,1684,1057,167,158,1.0,-1,-1,-1
2197,30,1472,961,167,138,1.0,-1,-1,-1
2198,29,1702,1057,156,148,1.0,-1,-1,-1
2198,30,1448,959,179,146,1.0,-1,-1,-1
2199,29,1706,1050,156,146,1.0,-1,-1,-1
2199,30,1420,960,188,148,1.0,-1,-1,-1
2200,29,1710,1046,156,142,1.0,-1,-1,-1
2200,30,1404,963,195,148,1.0,-1,-1,-1
2201,29,1722,1050,149,130,1.0,-1,-1,-1
2201,30,1388,964,202,151,1.0,-1,-1,-1
2202,29,1728,1046,147,132,1.0,-1,-1,-1
2202,30,1344,966,218,152,1.0,-1,-1,-1
2203,29,1734,1039,138,122,1.0,-1,-1,-1
2203,30,1296,962,238,157,1.0,-1,-1,-1
2204,29,1736,1038,139,120,1.0,-1,-1,-1
2204,30,1277,956,250,174,1.0,-1,-1,-1
2205,29,1740,1036,136,117,1.0,-1,-1,-1
2205,30,1218,956,280,181,1.0,-1,-1,-1
2206,29,1744,1033,132,115,1.0,-1,-1,-1
2206,30,1162,957,298,183,1.0,-1,-1,-1
2207,29,1749,1027,129,115,1.0,-1,-1,-1
2207,30,1154,953,292,192,1.0,-1,-1,-1
2208,29,1753,1022,125,116,1.0,-1,-1,-1
2208,30,1058,934,348,223,1.0,-1,-1,-1
2209,29,1754,1018,124,115,1.0,-1,-1,-1
2209,30,945,927,409,230,1.0,-1,-1,-1
2210,29,1755,1016,123,113,1.0,-1,-1,-1
2210,30,933,933,384,226,1.0,-1,-1,-1
2211,30,825,930,425,235,1.0,-1,-1,-1
2212,30,704,918,480,253,1.0,-1,-1,-1
2213,30,568,901,530,274,1.0,-1,-1,-1
2214,30,432,885,580,294,1.0,-1,-1,-1
2215,29,1753,998,123,112,1.0,-1,-1,-1
2215,30,296,868,630,315,1.0,-1,-1,-1
2216,29,1752,994,123,113,1.0,-1,-1,-1
2216,30,161,852,681,336,1.0,-1,-1,-1
2217,29,1752,989,123,114,1.0,-1,-1,-1
2218,29,1751,985,124,115,1.0,-1,-1,-1
2219,29,1751,981,124,116,1.0,-1,-1,-1
2220,29,1750,977,124,117,1.0,-1,-1,-1
2221,29,1750,973,125,118,1.0,-1,-1,-1
