190,0,0,1133,968,580,1.0,-1,-1,-1
191,0,222,1136,867,508,1.0,-1,-1,-1
192,0,463,1139,766,437,1.0,-1,-1,-1
193,0,704,1143,665,366,1.0,-1,-1,-1
194,0,945,1146,564,295,1.0,-1,-1,-1
195,0,1044,1135,549,290,1.0,-1,-1,-1
196,0,1098,1132,478,272,1.0,-1,-1,-1
197,0,1236,1110,380,260,1.0,-1,-1,-1
198,0,1245,1097,405,261,1.0,-1,-1,-1
199,0,1362,1093,336,246,1.0,-1,-1,-1
200,0,1424,1111,270,203,1.0,-1,-1,-1
201,0,1475,1093,262,207,1.0,-1,-1,-1
202,0,1526,1089,239,191,1.0,-1,-1,-1
203,0,1547,1085,225,181,1.0,-1,-1,-1
204,0,1587,1081,210,175,1.0,-1,-1,-1
205,0,1608,1080,196,168,1.0,-1,-1,-1
206,0,1623,1068,187,163,1.0,-1,-1,-1
207,0,1645,1065,179,157,1.0,-1,-1,-1
208,0,1662,1061,166,151,1.0,-1,-1,-1
209,0,1676,1054,160,147,1.0,-1,-1,-1
210,0,1686,1050,155,143,1.0,-1,-1,-1
211,0,1700,1043,153,140,1.0,-1,-1,-1
212,0,1714,1042,139,139,1.0,-1,-1,-1
213,0,1717,1044,143,113,1.0,-1,-1,-1
214,0,1722,1042,141,110,1.0,-1,-1,-1
215,0,1727,1039,139,108,1.0,-1,-1,-1
216,0,1733,1035,135,106,1.0,-1,-1,-1
217,0,1738,1030,133,106,1.0,-1,-1,-1
598,4,1575,960,133,108,1.0,-1,-1,-1
599,4,1565,961,141,111,1.0,-1,-1,-1
600,4,1557,963,145,109,1.0,-1,-1,-1
601,4,1545,967,147,111,1.0,-1,-1,-1
602,4,1536,968,152,113,1.0,-1,-1,-1
603,4,1526,968,154,117,1.0,-1,-1,-1
604,4,1512,967,162,120,1.0,-1,-1,-1
605,4,1501,960,165,136,1.0,-1,-1,-1
606,4,1486,960,163,138,1.0,-1,-1,-1
607,4,1476,963,164,137,1.0,-1,-1,-1
608,4,1463,962,167,137,1.0,-1,-1,-1
609,4,1447,959,174,147,1.0,-1,-1,-1
610,4,1421,964,184,145,1.0,-1,-1,-1
611,4,1407,968,184,142,1.0,-1,-1,-1
612,4,1392,968,189,144,1.0,-1,-1,-1
613,4,1358,966,204,149,1.0,-1,-1,-1
614,4,1341,963,210,156,1.0,-1,-1,-1
615,4,1292,960,236,166,1.0,-1,-1,-1
616,4,1276,957,243,175,1.0,-1,-1,-1
617,4,1232,960,251,177,1.0,-1,-1,-1
618,4,1218,955,254,185,1.0,-1,-1,-1
619,4,1164,955,275,193,1.0,-1,-1,-1
620,4,1111,954,292,196,1.0,-1,-1,-1
621,4,1093,954,309,182,1.0,-1,-1,-1
622,4,960,933,364,226,1.0,-1,-1,-1
623,4,932,931,373,232,1.0,-1,-1,-1
624,4,850,927,373,242,1.0,-1,-1,-1
625,4,718,911,452,269,1.0,-1,-1,-1
626,4,671,907,508,270,1.0,-1,-1,-1
627,4,554,903,554,276,1.0,-1,-1,-1
628,4,397,894,592,294,1.0,-1,-1,-1
629,4,240,885,630,312,1.0,-1,-1,-1
630,4,83,876,669,331,1.0,-1,-1,-1
635,5,1581,960,134,106,1.0,-1,-1,-1
636,5,1571,959,141,109,1.0,-1,-1,-1
637,5,1560,958,150,113,1.0,-1,-1,-1
638,5,1551,959,155,114,1.0,-1,-1,-1
639,5,1544,961,150,118,1.0,-1,-1,-1
640,5,1536,963,153,119,1.0,-1,-1,-1
641,5,1523,964,158,120,1.0,-1,-1,-1
642,5,1509,964,165,121,1.0,-1,-1,-1
643,5,1498,958,168,136,1.0,-1,-1,-1
644,5,1484,959,163,138,1.0,-1,-1,-1
645,5,1472,960,166,138,1.0,-1,-1,-1
646,5,1452,959,177,145,1.0,-1,-1,-1
647,5,1440,959,184,147,1.0,-1,-1,-1
648,5,1411,962,194,146,1.0,-1,-1,-1
649,5,1394,963,199,147,1.0,-1,-1,-1
650,5,1356,964,217,148,1.0,-1,-1,-1
651,5,1342,963,219,153,1.0,-1,-1,-1
652,5,1324,960,229,159,1.0,-1,-1,-1
653,5,1281,956,245,169,1.0,-1,-1,-1
654,5,1228,960,273,170,1.0,-1,-1,-1
655,5,1215,957,273,179,1.0,-1,-1,-1
656,5,1160,958,290,184,1.0,-1,-1,-1
657,5,1103,957,312,187,1.0,-1,-1,-1
658,5,1047,936,353,220,1.0,-1,-1,-1
659,5,952,935,390,222,1.0,-1,-1,-1
660,5,923,934,397,223,1.0,-1,-1,-1
661,5,830,931,414,231,1.0,-1,-1,-1
662,5,703,919,483,252,1.0,-1,-1,-1
663,5,660,914,527,252,1.0,-1,-1,-1
664,5,501,899,582,275,1.0,-1,-1,-1
665,5,342,885,637,299,1.0,-1,-1,-1
666,5,183,870,692,323,1.0,-1,-1,-1
667,5,25,856,748,347,1.0,-1,-1,-1
672,50,1581,951,133,105,1.0,-1,-1,-1
673,50,1572,950,139,108,1.0,-1,-1,-1
674,50,1564,949,144,112,1.0,-1,-1,-1
675,50,1559,953,141,116,1.0,-1,-1,-1
676,50,1547,957,144,111,1.0,-1,-1,-1
677,50,1538,955,156,119,1.0,-1,-1,-1
678,50,1533,956,154,120,1.0,-1,-1,-1
679,50,1522,955,158,124,1.0,-1,-1,-1
680,50,1507,955,169,126,1.0,-1,-1,-1
681,50,1500,953,165,131,1.0,-1,-1,-1
682,50,1483,954,165,136,1.0,-1,-1,-1
683,50,1472,955,168,135,1.0,-1,-1,-1
684,50,1454,952,174,146,1.0,-1,-1,-1
685,50,1443,952,178,150,1.0,-1,-1,-1
686,50,1417,954,188,149,1.0,-1,-1,-1
687,50,1400,956,194,149,1.0,-1,-1,-1
688,50,1384,955,203,152,1.0,-1,-1,-1
689,50,1346,957,219,152,1.0,-1,-1,-1
690,50,1330,955,222,156,1.0,-1,-1,-1
691,50,1289,954,240,162,1.0,-1,-1,-1
692,50,1274,951,242,169,1.0,-1,-1,-1
693,50,1224,951,265,175,1.0,-1,-1,-1
694,50,1168,955,286,174,1.0,-1,-1,-1
695,50,1151,946,298,192,1.0,-1,-1,-1
696,50,1097,945,318,194,1.0,-1,-1,-1
697,50,1040,928,354,224,1.0,-1,-1,-1
698,50,955,935,380,218,1.0,-1,-1,-1
699,50,917,934,399,217,1.0,-1,-1,-1
700,50,829,930,419,226,1.0,-1,-1,-1
701,50,719,919,459,246,1.0,-1,-1,-1
702,50,681,909,490,256,1.0,-1,-1,-1
703,50,570,901,529,270,1.0,-1,-1,-1
704,50,408,885,597,297,1.0,-1,-1,-1
705,50,246,868,665,325,1.0,-1,-1,-1
706,50,85,852,734,353,1.0,-1,-1,-1
741,4,0,964,1115,626,1.0,-1,-1,-1
742,4,163,1010,1039,537,1.0,-1,-1,-1
743,4,361,1038,950,468,1.0,-1,-1,-1
744,4,481,1008,812,469,1.0,-1,-1,-1
745,4,630,1013,777,439,1.0,-1,-1,-1
746,4,733,1027,657,428,1.0,-1,-1,-1
747,4,813,1031,617,415,1.0,-1,-1,-1
748,4,913,1014,595,423,1.0,-1,-1,-1
749,4,957,1021,569,354,1.0,-1,-1,-1
750,4,1043,1019,546,341,1.0,-1,-1,-1
751,4,1088,1022,511,330,1.0,-1,-1,-1
752,4,1174,1023,458,313,1.0,-1,-1,-1
753,4,1204,1025,447,305,1.0,-1,-1,-1
754,4,1236,1030,432,288,1.0,-1,-1,-1
755,4,1312,1035,383,269,1.0,-1,-1,-1
756,4,1345,1040,361,255,1.0,-1,-1,-1
757,4,1376,1042,346,245,1.0,-1,-1,-1
758,4,1423,1038,326,249,1.0,-1,-1,-1
759,4,1440,1019,320,251,1.0,-1,-1,-1
760,4,1453,1034,317,230,1.0,-1,-1,-1
761,4,1490,1031,293,228,1.0,-1,-1,-1
762,4,1503,1032,288,222,1.0,-1,-1,-1
763,4,1523,1034,271,209,1.0,-1,-1,-1
764,4,1538,1035,255,200,1.0,-1,-1,-1
765,4,1566,1031,244,195,1.0,-1,-1,-1
766,4,1574,1029,241,193,1.0,-1,-1,-1
767,4,1585,1028,234,188,1.0,-1,-1,-1
768,4,1598,1027,223,186,1.0,-1,-1,-1
769,4,1611,1028,209,180,1.0,-1,-1,-1
770,4,1624,1017,206,191,1.0,-1,-1,-1
771,4,1632,1017,198,168,1.0,-1,-1,-1
772,4,1639,1015,194,169,1.0,-1,-1,-1
773,4,1646,1012,192,171,1.0,-1,-1,-1
774,4,1650,1010,191,169,1.0,-1,-1,-1
775,4,1657,1009,190,164,1.0,-1,-1,-1
776,4,1665,1005,184,163,1.0,-1,-1,-1
777,4,1670,1002,181,164,1.0,-1,-1,-1
778,4,1673,998,179,164,1.0,-1,-1,-1
779,4,1683,998,164,156,1.0,-1,-1,-1
780,4,1694,994,167,149,1.0,-1,-1,-1
781,4,1695,993,168,147,1.0,-1,-1,-1
782,4,1697,992,168,146,1.0,-1,-1,-1
783,4,1700,991,167,144,1.0,-1,-1,-1
784,4,1703,990,165,143,1.0,-1,-1,-1
785,4,1705,988,163,143,1.0,-1,-1,-1
786,4,1707,986,160,143,1.0,-1,-1,-1
787,4,1709,984,158,143,1.0,-1,-1,-1
788,4,1711,982,156,144,1.0,-1,-1,-1
789,4,1713,979,154,144,1.0,-1,-1,-1
790,4,1715,977,152,144,1.0,-1,-1,-1
791,4,1717,975,150,144,1.0,-1,-1,-1
792,4,1719,973,148,144,1.0,-1,-1,-1
793,4,1721,971,145,144,1.0,-1,-1,-1
794,4,1723,969,143,145,1.0,-1,-1,-1
795,4,1725,966,141,145,1.0,-1,-1,-1
796,4,1727,964,139,145,1.0,-1,-1,-1
797,4,1729,962,137,145,1.0,-1,-1,-1
798,4,1731,960,135,145,1.0,-1,-1,-1
799,4,1733,958,133,145,1.0,-1,-1,-1
800,4,1735,956,131,146,1.0,-1,-1,-1
942,8,78,1293,1192,609,1.0,-1,-1,-1
943,8,291,1319,1152,551,1.0,-1,-1,-1
944,8,374,1320,1051,553,1.0,-1,-1,-1
945,8,569,1341,1008,527,1.0,-1,-1,-1
945,6,1623,887,135,122,1.0,-1,-1,-1
946,8,683,1355,979,513,1.0,-1,-1,-1
946,6,1625,888,133,121,1.0,-1,-1,-1
947,8,797,1369,949,499,1.0,-1,-1,-1
947,6,1627,889,132,121,1.0,-1,-1,-1
948,8,959,1381,934,477,1.0,-1,-1,-1
948,6,1629,890,131,121,1.0,-1,-1,-1
949,8,1042,1396,870,466,1.0,-1,-1,-1
949,6,1632,892,130,121,1.0,-1,-1,-1
950,8,1161,1400,903,454,1.0,-1,-1,-1
950,6,1634,893,129,120,1.0,-1,-1,-1
951,8,1257,1422,869,441,1.0,-1,-1,-1
951,6,1636,894,128,120,1.0,-1,-1,-1
952,8,1353,1444,834,429,1.0,-1,-1,-1
952,6,1638,896,127,120,1.0,-1,-1,-1
953,8,1449,1465,800,417,1.0,-1,-1,-1
953,6,1641,897,126,120,1.0,-1,-1,-1
954,8,1505,1480,808,407,1.0,-1,-1,-1
954,6,1643,898,125,119,1.0,-1,-1,-1
955,8,1635,1489,809,412,1.0,-1,-1,-1
955,6,1645,900,124,119,1.0,-1,-1,-1
956,8,1705,1492,806,426,1.0,-1,-1,-1
956,6,1647,901,123,119,1.0,-1,-1,-1
957,8,1776,1496,783,423,1.0,-1,-1,-1
957,6,1650,902,122,119,1.0,-1,-1,-1
958,6,1652,903,121,118,1.0,-1,-1,-1
959,6,1654,905,120,118,1.0,-1,-1,-1
960,6,1656,906,119,118,1.0,-1,-1,-1
961,6,1659,907,118,118,1.0,-1,-1,-1
969,6,1665,914,117,118,1.0,-1,-1,-1
970,6,1664,914,118,118,1.0,-1,-1,-1
971,6,1664,915,119,119,1.0,-1,-1,-1
972,6,1663,915,119,119,1.0,-1,-1,-1
973,6,1663,915,120,120,1.0,-1,-1,-1
974,6,1662,916,121,120,1.0,-1,-1,-1
975,6,1661,916,122,120,1.0,-1,-1,-1
976,6,1661,916,123,121,1.0,-1,-1,-1
977,6,1660,917,124,121,1.0,-1,-1,-1
978,6,1660,917,124,122,1.0,-1,-1,-1
979,6,1659,917,125,122,1.0,-1,-1,-1
980,6,1658,918,126,122,1.0,-1,-1,-1
981,6,1658,918,127,123,1.0,-1,-1,-1
982,6,1657,918,128,123,1.0,-1,-1,-1
983,6,1657,919,129,124,1.0,-1,-1,-1
984,6,1655,920,129,123,1.0,-1,-1,-1
985,6,1653,922,130,122,1.0,-1,-1,-1
986,6,1652,923,130,121,1.0,-1,-1,-1
987,6,1650,925,131,120,1.0,-1,-1,-1
988,6,1648,926,131,119,1.0,-1,-1,-1
989,6,1647,928,132,118,1.0,-1,-1,-1
990,6,1645,929,132,117,1.0,-1,-1,-1
991,6,1643,931,133,116,1.0,-1,-1,-1
992,6,1642,932,134,115,1.0,-1,-1,-1
993,6,1640,934,134,114,1.0,-1,-1,-1
994,6,1638,935,135,113,1.0,-1,-1,-1
995,6,1637,937,135,112,1.0,-1,-1,-1
996,6,1635,938,136,111,1.0,-1,-1,-1
997,6,1633,940,136,111,1.0,-1,-1,-1
998,6,1632,941,137,110,1.0,-1,-1,-1
999,6,1630,943,138,109,1.0,-1,-1,-1
1000,6,1628,944,138,108,1.0,-1,-1,-1
1001,6,1627,946,139,107,1.0,-1,-1,-1
1002,6,1623,946,141,109,1.0,-1,-1,-1
1003,6,1621,947,140,107,1.0,-1,-1,-1
1004,6,1617,946,144,111,1.0,-1,-1,-1
1005,6,1617,947,141,109,1.0,-1,-1,-1
1006,6,1614,945,144,111,1.0,-1,-1,-1
1007,6,1615,945,140,110,1.0,-1,-1,-1
1008,6,1589,957,159,115,1.0,-1,-1,-1
1009,6,1586,954,162,120,1.0,-1,-1,-1
1010,6,1582,951,165,124,1.0,-1,-1,-1
1011,6,1579,950,166,127,1.0,-1,-1,-1
1012,6,1576,950,164,127,1.0,-1,-1,-1
1013,6,1572,950,162,129,1.0,-1,-1,-1
1014,6,1569,946,160,135,1.0,-1,-1,-1
1015,6,1563,945,163,136,1.0,-1,-1,-1
1016,6,1557,946,166,136,1.0,-1,-1,-1
1017,6,1551,946,169,135,1.0,-1,-1,-1
1018,6,1546,947,170,135,1.0,-1,-1,-1
1019,6,1544,946,171,137,1.0,-1,-1,-1
1020,6,1533,943,169,148,1.0,-1,-1,-1
1021,6,1532,939,168,158,1.0,-1,-1,-1
1022,6,1525,940,169,158,1.0,-1,-1,-1
1023,6,1518,940,171,159,1.0,-1,-1,-1
1024,6,1510,941,171,161,1.0,-1,-1,-1
1025,6,1501,938,175,164,1.0,-1,-1,-1
1026,6,1492,936,181,168,1.0,-1,-1,-1
1027,6,1485,932,190,173,1.0,-1,-1,-1
1027,7,692,630,278,176,1.0,-1,-1,-1
1028,6,1469,944,195,164,1.0,-1,-1,-1
1028,7,697,632,277,175,1.0,-1,-1,-1
1029,6,1459,944,199,163,1.0,-1,-1,-1
1029,7,702,634,277,175,1.0,-1,-1,-1
1030,6,1446,945,205,163,1.0,-1,-1,-1
1030,7,707,636,276,175,1.0,-1,-1,-1
1031,6,1438,946,206,164,1.0,-1,-1,-1
1031,7,712,638,276,175,1.0,-1,-1,-1
1032,6,1430,944,209,168,1.0,-1,-1,-1
1032,7,717,640,275,175,1.0,-1,-1,-1
1033,6,1403,949,224,165,1.0,-1,-1,-1
1033,7,722,642,275,175,1.0,-1,-1,-1
1034,6,1391,946,233,170,1.0,-1,-1,-1
1034,7,727,644,274,175,1.0,-1,-1,-1
1035,6,1378,945,240,173,1.0,-1,-1,-1
1035,7,732,646,274,175,1.0,-1,-1,-1
1036,6,1368,943,244,178,1.0,-1,-1,-1
1036,7,737,648,273,175,1.0,-1,-1,-1
1037,6,1339,945,256,177,1.0,-1,-1,-1
1037,7,742,650,273,175,1.0,-1,-1,-1
1038,6,1325,943,266,184,1.0,-1,-1,-1
1038,7,748,652,272,175,1.0,-1,-1,-1
1039,6,1313,943,270,189,1.0,-1,-1,-1
1039,7,753,654,272,174,1.0,-1,-1,-1
1040,6,1301,938,276,199,1.0,-1,-1,-1
1040,7,758,656,271,174,1.0,-1,-1,-1
1041,6,1262,940,295,205,1.0,-1,-1,-1
1041,7,763,658,271,174,1.0,-1,-1,-1
1042,6,1243,937,310,211,1.0,-1,-1,-1
1042,7,768,660,270,174,1.0,-1,-1,-1
1043,6,1212,940,311,211,1.0,-1,-1,-1
1043,7,773,662,270,174,1.0,-1,-1,-1
1044,6,1193,937,325,215,1.0,-1,-1,-1
1044,7,778,664,269,174,1.0,-1,-1,-1
1045,6,1155,927,356,233,1.0,-1,-1,-1
1045,7,783,666,269,174,1.0,-1,-1,-1
1046,6,1127,924,367,238,1.0,-1,-1,-1
1046,7,788,668,268,174,1.0,-1,-1,-1
1047,6,1103,915,385,247,1.0,-1,-1,-1
1047,7,793,670,268,174,1.0,-1,-1,-1
1048,6,1051,918,383,252,1.0,-1,-1,-1
1048,7,798,672,267,174,1.0,-1,-1,-1
1049,6,1013,910,402,267,1.0,-1,-1,-1
1049,7,804,675,267,174,1.0,-1,-1,-1
1050,6,945,908,440,271,1.0,-1,-1,-1
1050,7,808,676,266,174,1.0,-1,-1,-1
1051,6,909,904,459,282,1.0,-1,-1,-1
1051,7,812,677,265,174,1.0,-1,-1,-1
1052,6,873,898,480,291,1.0,-1,-1,-1
1052,7,816,678,265,174,1.0,-1,-1,-1
1053,6,795,892,504,308,1.0,-1,-1,-1
1053,7,821,679,264,174,1.0,-1,-1,-1
1054,6,763,885,514,313,1.0,-1,-1,-1
1054,7,825,680,264,174,1.0,-1,-1,-1
1055,6,658,881,559,324,1.0,-1,-1,-1
1055,7,829,682,263,174,1.0,-1,-1,-1
1056,6,568,828,645,407,1.0,-1,-1,-1
1056,7,834,683,262,174,1.0,-1,-1,-1
1057,6,534,867,595,337,1.0,-1,-1,-1
1057,7,838,684,262,174,1.0,-1,-1,-1
1058,6,420,868,644,334,1.0,-1,-1,-1
1058,7,842,685,261,174,1.0,-1,-1,-1
1059,6,302,845,743,385,1.0,-1,-1,-1
1059,7,847,686,261,174,1.0,-1,-1,-1
1060,6,154,824,833,418,1.0,-1,-1,-1
1060,7,851,688,260,175,1.0,-1,-1,-1
1061,7,855,689,259,175,1.0,-1,-1,-1
1062,7,860,690,259,175,1.0,-1,-1,-1
1063,7,864,691,258,175,1.0,-1,-1,-1
1064,7,868,692,258,175,1.0,-1,-1,-1
1065,7,873,693,257,175,1.0,-1,-1,-1
1066,7,877,695,256,175,1.0,-1,-1,-1
1067,7,881,696,256,175,1.0,-1,-1,-1
1068,7,886,697,255,175,1.0,-1,-1,-1
1069,7,890,698,255,175,1.0,-1,-1,-1
1070,7,894,699,254,175,1.0,-1,-1,-1
1071,7,899,701,254,176,1.0,-1,-1,-1
1072,7,900,701,253,175,1.0,-1,-1,-1
1073,7,901,702,252,175,1.0,-1,-1,-1
1074,7,902,703,251,175,1.0,-1,-1,-1
1075,7,903,703,250,174,1.0,-1,-1,-1
1076,7,904,704,249,174,1.0,-1,-1,-1
1077,7,906,705,249,174,1.0,-1,-1,-1
1078,7,902,704,250,172,1.0,-1,-1,-1
1079,7,899,703,252,171,1.0,-1,-1,-1
1080,7,896,702,254,169,1.0,-1,-1,-1
1081,7,893,701,256,168,1.0,-1,-1,-1
1082,7,890,700,258,166,1.0,-1,-1,-1
1083,7,887,700,260,165,1.0,-1,-1,-1
1084,7,884,698,261,166,1.0,-1,-1,-1
1085,7,880,699,262,164,1.0,-1,-1,-1
1086,6,1906,1382,611,298,1.0,-1,-1,-1
1086,7,877,698,263,165,1.0,-1,-1,-1
1087,6,1868,1361,596,308,1.0,-1,-1,-1
1087,7,874,698,262,163,1.0,-1,-1,-1
1088,6,1830,1340,582,318,1.0,-1,-1,-1
1088,7,871,696,261,164,1.0,-1,-1,-1
1089,6,1726,1316,615,318,1.0,-1,-1,-1
1089,7,871,697,254,163,1.0,-1,-1,-1
1090,6,1710,1305,605,323,1.0,-1,-1,-1
1090,7,871,699,248,160,1.0,-1,-1,-1
1091,6,1632,1272,586,313,1.0,-1,-1,-1
1091,7,861,702,232,151,1.0,-1,-1,-1
1092,6,1581,1256,588,309,1.0,-1,-1,-1
1092,7,854,704,237,149,1.0,-1,-1,-1
1093,6,1529,1241,591,306,1.0,-1,-1,-1
1093,7,846,702,242,153,1.0,-1,-1,-1
1094,6,1426,1223,621,297,1.0,-1,-1,-1
1094,7,839,700,242,156,1.0,-1,-1,-1
1095,6,1410,1205,590,269,1.0,-1,-1,-1
1095,7,833,697,242,161,1.0,-1,-1,-1
1096,6,1318,1190,617,277,1.0,-1,-1,-1
1096,7,828,694,243,163,1.0,-1,-1,-1
1097,6,1235,1170,611,276,1.0,-1,-1,-1
1097,7,823,691,243,165,1.0,-1,-1,-1
1098,6,1171,1152,626,283,1.0,-1,-1,-1
1098,7,820,689,245,166,1.0,-1,-1,-1
1099,6,1108,1134,641,290,1.0,-1,-1,-1
1099,7,805,689,246,165,1.0,-1,-1,-1
1100,6,1005,1113,673,306,1.0,-1,-1,-1
1100,7,798,691,246,163,1.0,-1,-1,-1
1101,6,959,1101,652,295,1.0,-1,-1,-1
1101,7,790,691,250,163,1.0,-1,-1,-1
1102,6,912,1089,631,285,1.0,-1,-1,-1
1102,7,783,690,251,163,1.0,-1,-1,-1
1103,6,802,1077,661,285,1.0,-1,-1,-1
1103,7,776,667,267,177,1.0,-1,-1,-1
1104,6,707,1055,668,290,1.0,-1,-1,-1
1104,7,768,666,271,177,1.0,-1,-1,-1
1105,6,616,1041,674,298,1.0,-1,-1,-1
1105,7,763,668,275,172,1.0,-1,-1,-1
1106,6,495,1022,717,314,1.0,-1,-1,-1
1106,7,741,670,260,169,1.0,-1,-1,-1
1107,6,375,1002,760,331,1.0,-1,-1,-1
1107,7,730,668,263,170,1.0,-1,-1,-1
1108,6,254,983,803,347,1.0,-1,-1,-1
1108,7,722,666,261,172,1.0,-1,-1,-1
1109,6,134,964,846,364,1.0,-1,-1,-1
1109,7,719,666,254,170,1.0,-1,-1,-1
1110,6,14,945,889,381,1.0,-1,-1,-1
1110,7,692,667,269,172,1.0,-1,-1,-1
1111,7,680,666,274,171,1.0,-1,-1,-1
1112,7,670,664,273,174,1.0,-1,-1,-1
1113,7,666,663,264,173,1.0,-1,-1,-1
1114,7,639,668,275,167,1.0,-1,-1,-1
1115,7,630,666,278,167,1.0,-1,-1,-1
1116,7,622,664,275,170,1.0,-1,-1,-1
1117,7,619,661,265,173,1.0,-1,-1,-1
1118,7,584,659,285,173,1.0,-1,-1,-1
1119,7,571,657,295,176,1.0,-1,-1,-1
1120,7,559,654,298,177,1.0,-1,-1,-1
1121,7,557,653,288,177,1.0,-1,-1,-1
1122,7,531,649,292,179,1.0,-1,-1,-1
1123,7,522,650,296,176,1.0,-1,-1,-1
1124,7,514,646,294,178,1.0,-1,-1,-1
1125,7,511,644,286,182,1.0,-1,-1,-1
1126,7,489,636,286,193,1.0,-1,-1,-1
1127,7,484,638,289,189,1.0,-1,-1,-1
1128,7,477,640,288,187,1.0,-1,-1,-1
1129,7,472,641,284,187,1.0,-1,-1,-1
1130,7,466,639,281,191,1.0,-1,-1,-1
1131,7,462,638,281,194,1.0,-1,-1,-1
1132,7,458,637,284,198,1.0,-1,-1,-1
1133,7,458,636,281,202,1.0,-1,-1,-1
1134,7,437,638,290,214,1.0,-1,-1,-1
1135,7,436,636,286,222,1.0,-1,-1,-1
1136,7,434,636,282,226,1.0,-1,-1,-1
1137,7,433,637,276,225,1.0,-1,-1,-1
1138,7,432,641,270,222,1.0,-1,-1,-1
1139,7,430,664,250,209,1.0,-1,-1,-1
1140,7,430,665,248,211,1.0,-1,-1,-1
1141,7,431,666,246,214,1.0,-1,-1,-1
1142,7,433,667,242,218,1.0,-1,-1,-1
1143,7,433,669,239,222,1.0,-1,-1,-1
1144,7,433,670,236,228,1.0,-1,-1,-1
1145,7,432,673,237,230,1.0,-1,-1,-1
1146,7,431,676,237,234,1.0,-1,-1,-1
1147,7,429,677,239,239,1.0,-1,-1,-1
1148,7,429,678,241,242,1.0,-1,-1,-1
1149,7,429,680,244,244,1.0,-1,-1,-1
1150,7,431,682,246,243,1.0,-1,-1,-1
1151,7,430,692,245,254,1.0,-1,-1,-1
1152,7,433,694,246,255,1.0,-1,-1,-1
1153,7,435,697,248,255,1.0,-1,-1,-1
1154,7,436,699,250,257,1.0,-1,-1,-1
1155,7,438,701,252,260,1.0,-1,-1,-1
1156,7,440,702,254,264,1.0,-1,-1,-1
1157,7,443,704,254,269,1.0,-1,-1,-1
1158,7,444,705,254,275,1.0,-1,-1,-1
1159,7,445,706,254,279,1.0,-1,-1,-1
1160,7,446,726,263,282,1.0,-1,-1,-1
1161,7,444,724,267,292,1.0,-1,-1,-1
1162,7,440,722,272,306,1.0,-1,-1,-1
1163,7,434,722,276,318,1.0,-1,-1,-1
1164,7,417,732,300,315,1.0,-1,-1,-1
1165,7,405,740,309,315,1.0,-1,-1,-1
1166,7,394,748,314,316,1.0,-1,-1,-1
1167,7,382,755,319,315,1.0,-1,-1,-1
1168,7,364,761,332,317,1.0,-1,-1,-1
1169,7,341,765,352,322,1.0,-1,-1,-1
1170,7,318,766,378,329,1.0,-1,-1,-1
1171,7,266,775,415,331,1.0,-1,-1,-1
1172,7,232,771,447,346,1.0,-1,-1,-1
1173,7,197,769,468,357,1.0,-1,-1,-1
1174,7,109,766,529,370,1.0,-1,-1,-1
1175,7,58,793,575,356,1.0,-1,-1,-1
1176,7,18,792,602,362,1.0,-1,-1,-1
1264,23,166,1096,989,584,1.0,-1,-1,-1
1265,23,327,1091,895,543,1.0,-1,-1,-1
1266,23,489,1085,801,502,1.0,-1,-1,-1
1267,23,664,1081,757,464,1.0,-1,-1,-1
1268,23,779,1075,633,445,1.0,-1,-1,-1
1269,23,877,1079,584,409,1.0,-1,-1,-1
1270,23,976,1083,535,374,1.0,-1,-1,-1
1271,23,1063,1086,527,354,1.0,-1,-1,-1
1272,23,1111,1076,488,326,1.0,-1,-1,-1
1273,23,1208,1072,439,321,1.0,-1,-1,-1
1274,23,1237,1074,435,296,1.0,-1,-1,-1
1275,23,1329,1066,372,288,1.0,-1,-1,-1
1276,23,1371,1063,345,272,1.0,-1,-1,-1
1277,23,1396,1062,332,262,1.0,-1,-1,-1
1278,23,1439,1056,317,260,1.0,-1,-1,-1
1279,23,1469,1066,287,233,1.0,-1,-1,-1
1280,23,1507,1064,272,219,1.0,-1,-1,-1
1281,23,1524,1059,265,218,1.0,-1,-1,-1
1282,23,1552,1050,255,227,1.0,-1,-1,-1
1283,23,1564,1052,245,218,1.0,-1,-1,-1
1284,23,1584,1046,229,199,1.0,-1,-1,-1
1285,23,1595,1044,224,193,1.0,-1,-1,-1
1286,23,1605,1040,218,188,1.0,-1,-1,-1
1287,23,1625,1037,209,184,1.0,-1,-1,-1
1288,23,1634,1033,198,184,1.0,-1,-1,-1
1289,23,1642,1029,190,184,1.0,-1,-1,-1
1290,23,1650,1026,185,181,1.0,-1,-1,-1
1291,23,1658,1025,180,176,1.0,-1,-1,-1
1292,23,1669,1023,174,157,1.0,-1,-1,-1
1293,23,1674,1028,170,146,1.0,-1,-1,-1
1294,23,1677,1024,167,145,1.0,-1,-1,-1
1295,23,1682,1019,162,145,1.0,-1,-1,-1
1296,23,1685,1015,160,144,1.0,-1,-1,-1
1297,23,1687,1011,157,145,1.0,-1,-1,-1
1298,23,1689,1008,156,143,1.0,-1,-1,-1
1299,23,1691,1005,153,141,1.0,-1,-1,-1
1300,23,1697,996,158,145,1.0,-1,-1,-1
1301,23,1698,994,157,144,1.0,-1,-1,-1
1302,23,1700,995,154,137,1.0,-1,-1,-1
1303,23,1702,992,152,136,1.0,-1,-1,-1
1304,23,1703,990,150,135,1.0,-1,-1,-1
1305,23,1705,987,148,134,1.0,-1,-1,-1
1306,23,1707,984,146,133,1.0,-1,-1,-1
1307,23,1708,981,144,132,1.0,-1,-1,-1
1308,23,1710,978,142,132,1.0,-1,-1,-1
1309,23,1711,976,140,131,1.0,-1,-1,-1
1310,23,1713,973,138,130,1.0,-1,-1,-1
1311,23,1715,970,136,129,1.0,-1,-1,-1
1312,23,1716,967,134,128,1.0,-1,-1,-1
1313,23,1718,964,132,127,1.0,-1,-1,-1
1314,23,1720,962,131,127,1.0,-1,-1,-1
1367,8,1593,961,132,105,1.0,-1,-1,-1
1368,8,1586,959,132,110,1.0,-1,-1,-1
1369,8,1579,958,135,114,1.0,-1,-1,-1
1370,8,1566,957,144,119,1.0,-1,-1,-1
1371,8,1553,957,158,123,1.0,-1,-1,-1
1372,8,1542,962,153,126,1.0,-1,-1,-1
1373,8,1535,954,156,142,1.0,-1,-1,-1
1374,8,1521,957,161,142,1.0,-1,-1,-1
1375,8,1507,960,165,140,1.0,-1,-1,-1
1376,8,1500,962,164,136,1.0,-1,-1,-1
1377,8,1471,966,175,142,1.0,-1,-1,-1
1378,8,1455,965,179,146,1.0,-1,-1,-1
1379,8,1439,964,189,151,1.0,-1,-1,-1
1380,8,1403,967,202,152,1.0,-1,-1,-1
1381,8,1384,970,211,152,1.0,-1,-1,-1
1382,8,1344,967,225,159,1.0,-1,-1,-1
1383,8,1327,965,232,165,1.0,-1,-1,-1
1384,8,1278,961,252,180,1.0,-1,-1,-1
1385,8,1224,962,277,181,1.0,-1,-1,-1
1386,8,1212,958,278,190,1.0,-1,-1,-1
1387,8,1152,967,300,189,1.0,-1,-1,-1
1388,8,1071,939,341,219,1.0,-1,-1,-1
1389,8,1038,935,355,227,1.0,-1,-1,-1
1390,8,944,952,388,225,1.0,-1,-1,-1
1391,8,820,947,457,243,1.0,-1,-1,-1
1392,8,797,944,459,245,1.0,-1,-1,-1
1393,8,696,939,481,258,1.0,-1,-1,-1
1394,8,557,924,534,291,1.0,-1,-1,-1
1395,8,418,909,588,324,1.0,-1,-1,-1
1396,8,279,894,641,356,1.0,-1,-1,-1
1397,8,140,880,694,389,1.0,-1,-1,-1
1398,8,0,879,713,399,1.0,-1,-1,-1
1636,10,276,1084,820,463,1.0,-1,-1,-1
1637,10,504,1075,744,440,1.0,-1,-1,-1
1638,10,546,1072,728,433,1.0,-1,-1,-1
1639,10,761,1076,616,367,1.0,-1,-1,-1
1640,10,975,1080,504,301,1.0,-1,-1,-1
1641,10,1070,1071,498,294,1.0,-1,-1,-1
1642,10,1126,1066,432,286,1.0,-1,-1,-1
1643,10,1222,1062,395,260,1.0,-1,-1,-1
1644,10,1260,1061,376,249,1.0,-1,-1,-1
1645,10,1340,1055,342,247,1.0,-1,-1,-1
1646,10,1412,1061,277,220,1.0,-1,-1,-1
1647,10,1459,1061,262,212,1.0,-1,-1,-1
1648,10,1476,1059,256,208,1.0,-1,-1,-1
1649,10,1516,1067,239,188,1.0,-1,-1,-1
1650,10,1530,1051,235,186,1.0,-1,-1,-1
1651,10,1551,1047,221,181,1.0,-1,-1,-1
1652,10,1582,1045,204,172,1.0,-1,-1,-1
1653,10,1599,1040,191,170,1.0,-1,-1,-1
1654,10,1617,1036,180,166,1.0,-1,-1,-1
1655,10,1627,1033,176,164,1.0,-1,-1,-1
1656,10,1645,1028,166,165,1.0,-1,-1,-1
1657,10,1649,1032,172,142,1.0,-1,-1,-1
1658,10,1657,1030,169,139,1.0,-1,-1,-1
1659,10,1666,1025,164,139,1.0,-1,-1,-1
1660,10,1672,1021,160,137,1.0,-1,-1,-1
1661,10,1679,1014,155,138,1.0,-1,-1,-1
1662,10,1686,1009,151,138,1.0,-1,-1,-1
1663,10,1693,1011,144,127,1.0,-1,-1,-1
1664,10,1697,1007,139,125,1.0,-1,-1,-1
1665,10,1717,1003,124,124,1.0,-1,-1,-1
1666,10,1719,1001,122,125,1.0,-1,-1,-1
1667,10,1723,1002,118,121,1.0,-1,-1,-1
1668,10,1721,997,126,111,1.0,-1,-1,-1
1788,12,226,1064,914,595,1.0,-1,-1,-1
1789,12,400,1064,826,544,1.0,-1,-1,-1
1790,12,574,1065,739,493,1.0,-1,-1,-1
1791,12,748,1066,651,442,1.0,-1,-1,-1
1792,12,923,1067,564,391,1.0,-1,-1,-1
1793,12,1097,1068,476,340,1.0,-1,-1,-1
1794,12,1203,1067,428,318,1.0,-1,-1,-1
1795,12,1243,1066,401,300,1.0,-1,-1,-1
1796,12,1336,1061,350,283,1.0,-1,-1,-1
1797,12,1377,1060,328,269,1.0,-1,-1,-1
1798,12,1453,1059,283,247,1.0,-1,-1,-1
1799,12,1473,1058,269,235,1.0,-1,-1,-1
1800,12,1514,1057,260,224,1.0,-1,-1,-1
1801,12,1537,1057,242,214,1.0,-1,-1,-1
1802,12,1570,1045,228,202,1.0,-1,-1,-1
1803,12,1588,1043,217,196,1.0,-1,-1,-1
1804,12,1606,1040,206,190,1.0,-1,-1,-1
1805,12,1619,1036,196,185,1.0,-1,-1,-1
1806,12,1637,1030,185,185,1.0,-1,-1,-1
1807,12,1646,1027,180,180,1.0,-1,-1,-1
1808,12,1654,1019,180,166,1.0,-1,-1,-1
1809,12,1669,1025,169,152,1.0,-1,-1,-1
1810,12,1676,1025,167,150,1.0,-1,-1,-1
1811,12,1683,1021,162,149,1.0,-1,-1,-1
1812,12,1687,1015,158,151,1.0,-1,-1,-1
1813,12,1690,1009,155,152,1.0,-1,-1,-1
1814,12,1700,1001,156,150,1.0,-1,-1,-1
1815,12,1703,996,154,150,1.0,-1,-1,-1
1816,12,1707,991,152,151,1.0,-1,-1,-1
1817,12,1717,1000,136,131,1.0,-1,-1,-1
1818,12,1718,997,135,131,1.0,-1,-1,-1
1819,12,1719,994,134,130,1.0,-1,-1,-1
1820,12,1720,991,133,130,1.0,-1,-1,-1
1821,12,1721,988,132,129,1.0,-1,-1,-1
1822,12,1722,985,131,129,1.0,-1,-1,-1
1823,12,1723,981,130,129,1.0,-1,-1,-1
1824,12,1724,978,129,128,1.0,-1,-1,-1
1825,12,1725,975,128,128,1.0,-1,-1,-1
1826,12,1726,972,127,127,1.0,-1,-1,-1
1827,12,1727,969,126,127,1.0,-1,-1,-1
1828,12,1728,966,125,126,1.0,-1,-1,-1
1829,12,1729,963,124,126,1.0,-1,-1,-1
1830,12,1731,960,124,126,1.0,-1,-1,-1
1903,27,0,529,481,322,1.0,-1,-1,-1
1904,27,0,532,490,327,1.0,-1,-1,-1
1905,27,9,533,501,333,1.0,-1,-1,-1
1906,27,18,532,512,340,1.0,-1,-1,-1
1907,27,22,525,523,353,1.0,-1,-1,-1
1908,27,67,530,497,352,1.0,-1,-1,-1
1909,27,72,525,502,362,1.0,-1,-1,-1
1910,27,82,528,501,363,1.0,-1,-1,-1
1911,27,96,533,495,361,1.0,-1,-1,-1
1912,27,112,539,490,361,1.0,-1,-1,-1
1913,27,128,547,483,356,1.0,-1,-1,-1
1914,27,138,554,481,354,1.0,-1,-1,-1
1915,27,152,567,512,338,1.0,-1,-1,-1
1916,27,154,569,515,343,1.0,-1,-1,-1
1917,27,164,570,505,344,1.0,-1,-1,-1
1918,27,159,592,519,365,1.0,-1,-1,-1
1919,27,165,592,519,366,1.0,-1,-1,-1
1920,27,174,595,514,364,1.0,-1,-1,-1
1921,27,186,597,507,363,1.0,-1,-1,-1
1922,27,200,599,501,364,1.0,-1,-1,-1
1923,27,210,602,499,364,1.0,-1,-1,-1
1924,27,215,604,502,364,1.0,-1,-1,-1
1925,27,217,605,506,366,1.0,-1,-1,-1
1926,27,218,603,511,370,1.0,-1,-1,-1
1927,27,220,605,512,372,1.0,-1,-1,-1
1928,27,223,607,513,373,1.0,-1,-1,-1
1929,27,224,610,517,374,1.0,-1,-1,-1
1930,27,223,612,521,375,1.0,-1,-1,-1
1931,27,249,608,508,384,1.0,-1,-1,-1
1932,27,257,608,500,389,1.0,-1,-1,-1
1933,27,268,609,488,392,1.0,-1,-1,-1
1934,27,279,612,481,393,1.0,-1,-1,-1
1935,27,289,620,478,391,1.0,-1,-1,-1
1936,27,297,627,480,393,1.0,-1,-1,-1
1937,27,305,635,488,392,1.0,-1,-1,-1
1938,27,313,639,498,394,1.0,-1,-1,-1
1939,27,321,643,505,397,1.0,-1,-1,-1
1940,27,332,642,497,405,1.0,-1,-1,-1
1941,27,362,647,501,398,1.0,-1,-1,-1
1942,27,374,676,497,400,1.0,-1,-1,-1
1943,27,387,687,503,396,1.0,-1,-1,-1
1944,27,400,697,515,400,1.0,-1,-1,-1
1945,27,410,706,527,403,1.0,-1,-1,-1
1946,27,462,722,510,399,1.0,-1,-1,-1
1947,27,484,737,511,397,1.0,-1,-1,-1
1948,27,506,750,511,388,1.0,-1,-1,-1
1949,27,555,763,508,366,1.0,-1,-1,-1
1950,27,561,780,545,396,1.0,-1,-1,-1
1951,27,580,786,558,404,1.0,-1,-1,-1
1952,27,632,801,556,397,1.0,-1,-1,-1
1953,27,661,807,552,406,1.0,-1,-1,-1
1954,27,694,819,535,401,1.0,-1,-1,-1
1955,27,754,834,531,405,1.0,-1,-1,-1
1956,27,784,872,534,389,1.0,-1,-1,-1
1957,27,851,874,526,392,1.0,-1,-1,-1
1958,27,877,873,526,404,1.0,-1,-1,-1
1959,27,941,881,528,403,1.0,-1,-1,-1
1960,27,957,889,544,405,1.0,-1,-1,-1
1961,27,991,906,529,389,1.0,-1,-1,-1
1962,27,1050,924,538,378,1.0,-1,-1,-1
1963,27,1088,939,518,360,1.0,-1,-1,-1
1964,27,1150,959,513,343,1.0,-1,-1,-1
1965,27,1175,963,516,349,1.0,-1,-1,-1
1966,27,1210,969,495,340,1.0,-1,-1,-1
1967,27,1247,972,509,342,1.0,-1,-1,-1
1968,27,1271,996,509,342,1.0,-1,-1,-1
1969,27,1296,1002,499,333,1.0,-1,-1,-1
1970,27,1309,1010,499,322,1.0,-1,-1,-1
1971,27,1387,1019,434,310,1.0,-1,-1,-1
1972,27,1418,1027,416,302,1.0,-1,-1,-1
1973,27,1444,1036,407,292,1.0,-1,-1,-1
1974,27,1456,1044,409,285,1.0,-1,-1,-1
1975,27,1506,1044,377,275,1.0,-1,-1,-1
1976,27,1535,1046,351,271,1.0,-1,-1,-1
1977,27,1564,1049,329,265,1.0,-1,-1,-1
1978,27,1587,1053,315,258,1.0,-1,-1,-1
1979,27,1598,1072,312,234,1.0,-1,-1,-1
1980,27,1617,1073,289,234,1.0,-1,-1,-1
1981,27,1645,1067,273,232,1.0,-1,-1,-1
1982,27,1656,1065,261,236,1.0,-1,-1,-1
1983,27,1667,1063,252,236,1.0,-1,-1,-1
1984,27,1678,1060,244,231,1.0,-1,-1,-1
1985,27,1688,1055,237,230,1.0,-1,-1,-1
1986,27,1697,1052,226,227,1.0,-1,-1,-1
1987,27,1715,1054,224,221,1.0,-1,-1,-1
1988,27,1719,1056,217,213,1.0,-1,-1,-1
1989,27,1731,1046,206,201,1.0,-1,-1,-1
1990,27,1734,1046,203,199,1.0,-1,-1,-1
1991,27,1738,1045,199,196,1.0,-1,-1,-1
1992,27,1741,1045,194,193,1.0,-1,-1,-1
1993,27,1744,1045,190,188,1.0,-1,-1,-1
1994,27,1746,1044,189,184,1.0,-1,-1,-1
1995,27,1748,1043,188,178,1.0,-1,-1,-1
1996,27,1753,1041,186,174,1.0,-1,-1,-1
1997,30,1638,925,124,135,1.0,-1,-1,-1
1997,27,1766,1042,165,166,1.0,-1,-1,-1
1998,30,1635,926,125,136,1.0,-1,-1,-1
1998,27,1768,1037,165,166,1.0,-1,-1,-1
1999,30,1632,927,127,137,1.0,-1,-1,-1
1999,27,1768,1034,165,164,1.0,-1,-1,-1
2000,30,1629,928,128,139,1.0,-1,-1,-1
2000,27,1773,1011,164,166,1.0,-1,-1,-1
2001,30,1626,929,130,140,1.0,-1,-1,-1
2001,27,1773,1011,164,164,1.0,-1,-1,-1
2002,30,1624,930,132,141,1.0,-1,-1,-1
2002,27,1773,1012,163,160,1.0,-1,-1,-1
2003,30,1621,931,133,143,1.0,-1,-1,-1
2003,27,1774,1013,161,155,1.0,-1,-1,-1
2004,30,1618,932,135,144,1.0,-1,-1,-1
2004,27,1773,1010,160,152,1.0,-1,-1,-1
2005,30,1615,933,136,145,1.0,-1,-1,-1
2005,27,1771,1004,159,152,1.0,-1,-1,-1
2006,30,1613,934,138,147,1.0,-1,-1,-1
2006,27,1770,999,158,153,1.0,-1,-1,-1
2007,30,1610,935,140,148,1.0,-1,-1,-1
2007,27,1770,997,157,150,1.0,-1,-1,-1
2008,30,1607,936,141,149,1.0,-1,-1,-1
2008,27,1770,995,157,146,1.0,-1,-1,-1
2009,30,1604,937,143,151,1.0,-1,-1,-1
2009,27,1768,994,157,143,1.0,-1,-1,-1
2010,30,1601,938,144,152,1.0,-1,-1,-1
2010,27,1765,993,156,141,1.0,-1,-1,-1
2011,30,1599,939,146,153,1.0,-1,-1,-1
2011,27,1764,992,154,142,1.0,-1,-1,-1
2012,30,1596,940,148,155,1.0,-1,-1,-1
2012,27,1774,993,140,113,1.0,-1,-1,-1
2013,30,1593,941,149,156,1.0,-1,-1,-1
2013,27,1771,992,139,115,1.0,-1,-1,-1
2014,30,1590,942,151,157,1.0,-1,-1,-1
2014,27,1770,992,137,116,1.0,-1,-1,-1
2015,30,1588,943,153,159,1.0,-1,-1,-1
2015,27,1767,991,139,117,1.0,-1,-1,-1
2016,30,1582,943,155,160,1.0,-1,-1,-1
2016,27,1769,991,135,113,1.0,-1,-1,-1
2017,30,1576,944,157,161,1.0,-1,-1,-1
2017,27,1767,989,134,113,1.0,-1,-1,-1
2018,30,1570,945,159,162,1.0,-1,-1,-1
2018,27,1770,987,129,110,1.0,-1,-1,-1
2019,30,1564,946,162,164,1.0,-1,-1,-1
2019,27,1769,985,129,109,1.0,-1,-1,-1
2020,30,1558,947,164,165,1.0,-1,-1,-1
2020,27,1754,979,121,115,1.0,-1,-1,-1
2021,30,1552,947,166,166,1.0,-1,-1,-1
2021,27,1753,975,123,115,1.0,-1,-1,-1
2022,30,1546,948,169,168,1.0,-1,-1,-1
2022,27,1753,974,124,115,1.0,-1,-1,-1
2023,30,1540,949,171,169,1.0,-1,-1,-1
2023,27,1753,972,123,113,1.0,-1,-1,-1
2024,30,1534,950,173,170,1.0,-1,-1,-1
2025,30,1528,951,176,172,1.0,-1,-1,-1
2026,30,1375,949,249,217,1.0,-1,-1,-1
2027,30,1351,957,259,210,1.0,-1,-1,-1
2028,30,1328,965,270,204,1.0,-1,-1,-1
2029,30,1308,961,282,210,1.0,-1,-1,-1
2030,30,1281,966,273,206,1.0,-1,-1,-1
2031,30,1255,957,298,219,1.0,-1,-1,-1
2032,30,1241,954,301,223,1.0,-1,-1,-1
2033,30,1198,956,316,222,1.0,-1,-1,-1
2034,30,1149,958,360,220,1.0,-1,-1,-1
2035,30,1120,955,372,224,1.0,-1,-1,-1
2036,30,1066,953,389,234,1.0,-1,-1,-1
2037,30,1036,948,399,237,1.0,-1,-1,-1
2038,30,997,945,424,243,1.0,-1,-1,-1
2039,30,929,942,437,254,1.0,-1,-1,-1
2040,30,891,935,457,263,1.0,-1,-1,-1
2041,30,798,931,496,274,1.0,-1,-1,-1
2042,30,758,922,523,286,1.0,-1,-1,-1
2043,30,665,915,546,304,1.0,-1,-1,-1
2044,30,562,916,570,305,1.0,-1,-1,-1
2045,30,567,882,541,307,1.0,-1,-1,-1
2046,30,394,873,637,404,1.0,-1,-1,-1
2047,30,312,837,711,388,1.0,-1,-1,-1
2048,30,135,851,765,373,1.0,-1,-1,-1
2049,30,106,842,718,389,1.0,-1,-1,-1
2179,46,720,1137,625,442,1.0,-1,-1,-1
2179,62,1621,936,130,112,1.0,-1,-1,-1
2180,46,849,1142,568,384,1.0,-1,-1,-1
2180,62,1617,938,130,111,1.0,-1,-1,-1
2181,46,978,1147,511,326,1.0,-1,-1,-1
2181,62,1613,941,130,110,1.0,-1,-1,-1
2182,46,1088,1137,479,303,1.0,-1,-1,-1
2182,62,1609,944,130,110,1.0,-1,-1,-1
2183,46,1211,1136,407,273,1.0,-1,-1,-1
2183,62,1605,947,130,109,1.0,-1,-1,-1
2184,46,1227,1137,414,263,1.0,-1,-1,-1
2184,62,1601,950,130,109,1.0,-1,-1,-1
2185,46,1343,1106,346,260,1.0,-1,-1,-1
2185,62,1598,953,130,108,1.0,-1,-1,-1
2186,46,1411,1109,285,242,1.0,-1,-1,-1
2186,62,1594,955,130,107,1.0,-1,-1,-1
2187,46,1461,1099,271,237,1.0,-1,-1,-1
2187,62,1590,958,130,107,1.0,-1,-1,-1
2188,46,1477,1103,261,220,1.0,-1,-1,-1
2188,62,1583,957,133,110,1.0,-1,-1,-1
2189,46,1530,1092,245,210,1.0,-1,-1,-1
2189,62,1575,956,137,115,1.0,-1,-1,-1
2190,46,1542,1090,241,204,1.0,-1,-1,-1
2190,62,1565,956,142,119,1.0,-1,-1,-1
2191,46,1585,1082,225,196,1.0,-1,-1,-1
2191,62,1562,957,138,121,1.0,-1,-1,-1
2192,46,1604,1079,212,189,1.0,-1,-1,-1
2192,62,1536,963,154,119,1.0,-1,-1,-1
2193,46,1637,1075,190,185,1.0,-1,-1,-1
2193,62,1525,963,160,121,1.0,-1,-1,-1
2194,46,1653,1077,178,172,1.0,-1,-1,-1
2194,62,1514,965,162,122,1.0,-1,-1,-1
2195,46,1665,1066,179,162,1.0,-1,-1,-1
2195,62,1502,957,166,139,1.0,-1,-1,-1
2196,46,1678,1064,170,157,1.0,-1,-1,-1
2196,62,1484,958,165,140,1.0,-1,-1,-1
2197,46,1684,1057,167,158,1.0,-1,-1,-1
2197,62,1472,961,167,138,1.0,-1,-1,-1
2198,46,1702,1057,156,148,1.0,-1,-1,-1
2198,62,1448,959,179,146,1.0,-1,-1,-1
2199,46,1706,1050,156,146,1.0,-1,-1,-1
2199,62,1420,960,188,148,1.0,-1,-1,-1
2200,46,1710,1046,156,142,1.0,-1,-1,-1
2200,62,1404,963,195,148,1.0,-1,-1,-1
2201,46,1722,1050,149,130,1.0,-1,-1,-1
2201,62,1388,964,202,151,1.0,-1,-1,-1
2202,46,1728,1046,147,132,1.0,-1,-1,-1
2202,62,1344,966,218,152,1.0,-1,-1,-1
2203,46,1734,1039,138,122,1.0,-1,-1,-1
2203,62,1296,962,238,157,1.0,-1,-1,-1
2204,46,1736,1038,139,120,1.0,-1,-1,-1
2204,62,1277,956,250,174,1.0,-1,-1,-1
2205,46,1740,1036,136,117,1.0,-1,-1,-1
2205,62,1218,956,280,181,1.0,-1,-1,-1
2206,46,1744,1033,132,115,1.0,-1,-1,-1
2206,62,1162,957,298,183,1.0,-1,-1,-1
2207,46,1749,1027,129,115,1.0,-1,-1,-1
2207,62,1154,953,292,192,1.0,-1,-1,-1
2208,46,1753,1022,125,116,1.0,-1,-1,-1
2208,62,1058,934,348,223,1.0,-1,-1,-1
2209,46,1754,1018,124,115,1.0,-1,-1,-1
2209,62,945,927,409,230,1.0,-1,-1,-1
2210,46,1755,1016,123,113,1.0,-1,-1,-1
2210,62,933,933,384,226,1.0,-1,-1,-1
2211,62,825,930,425,235,1.0,-1,-1,-1
2212,62,704,918,480,253,1.0,-1,-1,-1
2213,62,568,901,530,274,1.0,-1,-1,-1
2214,62,432,885,580,294,1.0,-1,-1,-1
2215,46,1753,998,123,112,1.0,-1,-1,-1
2215,62,296,868,630,315,1.0,-1,-1,-1
2216,46,1752,994,123,113,1.0,-1,-1,-1
2216,62,161,852,681,336,1.0,-1,-1,-1
2217,46,1752,989,123,114,1.0,-1,-1,-1
2218,46,1751,985,124,115,1.0,-1,-1,-1
2219,46,1751,981,124,116,1.0,-1,-1,-1
2220,46,1750,977,124,117,1.0,-1,-1,-1
2221,46,1750,973,125,118,1.0,-1,-1,-1
