229,48,625,780,131,110,1.0,-1,-1,-1
230,48,633,780,134,112,1.0,-1,-1,-1
231,48,640,779,138,114,1.0,-1,-1,-1
232,48,648,779,141,116,1.0,-1,-1,-1
233,48,656,779,145,118,1.0,-1,-1,-1
234,48,664,779,148,120,1.0,-1,-1,-1
235,48,672,779,152,122,1.0,-1,-1,-1
236,48,680,779,155,124,1.0,-1,-1,-1
237,48,688,779,159,126,1.0,-1,-1,-1
238,48,702,784,157,122,1.0,-1,-1,-1
239,48,716,789,155,118,1.0,-1,-1,-1
240,48,731,794,153,114,1.0,-1,-1,-1
241,48,740,793,156,115,1.0,-1,-1,-1
242,48,751,794,150,113,1.0,-1,-1,-1
243,48,766,796,164,119,1.0,-1,-1,-1
244,48,779,794,163,125,1.0,-1,-1,-1
245,48,792,800,163,131,1.0,-1,-1,-1
246,48,809,796,180,145,1.0,-1,-1,-1
247,48,820,795,184,151,1.0,-1,-1,-1
248,48,828,796,193,155,1.0,-1,-1,-1
249,48,851,800,199,154,1.0,-1,-1,-1
250,48,862,802,205,157,1.0,-1,-1,-1
251,48,886,801,223,164,1.0,-1,-1,-1
252,48,896,803,231,168,1.0,-1,-1,-1
253,48,923,804,253,180,1.0,-1,-1,-1
254,48,940,807,244,185,1.0,-1,-1,-1
255,48,971,809,265,191,1.0,-1,-1,-1
256,48,1015,826,273,193,1.0,-1,-1,-1
257,48,1029,825,268,203,1.0,-1,-1,-1
258,48,1048,812,367,246,1.0,-1,-1,-1
259,48,1097,807,427,271,1.0,-1,-1,-1
260,48,1123,836,420,269,1.0,-1,-1,-1
261,48,1175,834,503,296,1.0,-1,-1,-1
262,48,1165,856,561,284,1.0,-1,-1,-1
263,48,1331,813,636,420,1.0,-1,-1,-1
264,48,1308,804,729,436,1.0,-1,-1,-1
265,48,1510,861,720,483,1.0,-1,-1,-1
266,48,1690,879,785,560,1.0,-1,-1,-1
731,49,1877,651,659,283,1.0,-1,-1,-1
732,49,1760,659,700,261,1.0,-1,-1,-1
733,49,1680,656,479,264,1.0,-1,-1,-1
734,49,1598,667,454,245,1.0,-1,-1,-1
735,49,1514,671,441,236,1.0,-1,-1,-1
736,49,1505,677,415,222,1.0,-1,-1,-1
737,49,1453,686,298,189,1.0,-1,-1,-1
738,49,1445,686,297,183,1.0,-1,-1,-1
739,49,1361,684,287,186,1.0,-1,-1,-1
740,49,1322,683,271,187,1.0,-1,-1,-1
741,49,1310,685,272,179,1.0,-1,-1,-1
741,50,550,766,137,109,1.0,-1,-1,-1
742,49,1270,687,257,177,1.0,-1,-1,-1
742,50,555,765,138,110,1.0,-1,-1,-1
743,49,1231,692,244,169,1.0,-1,-1,-1
743,50,561,765,140,111,1.0,-1,-1,-1
744,49,1192,696,236,160,1.0,-1,-1,-1
744,50,566,764,142,112,1.0,-1,-1,-1
745,49,1183,696,227,157,1.0,-1,-1,-1
745,50,572,764,144,113,1.0,-1,-1,-1
746,49,1150,696,215,158,1.0,-1,-1,-1
746,50,577,763,146,114,1.0,-1,-1,-1
747,49,1110,699,219,153,1.0,-1,-1,-1
747,50,583,763,148,115,1.0,-1,-1,-1
748,49,1106,698,199,151,1.0,-1,-1,-1
748,50,588,762,150,116,1.0,-1,-1,-1
749,49,1068,700,201,149,1.0,-1,-1,-1
749,50,594,762,151,117,1.0,-1,-1,-1
750,49,1061,702,188,145,1.0,-1,-1,-1
750,50,599,761,153,118,1.0,-1,-1,-1
751,49,1025,702,195,143,1.0,-1,-1,-1
751,50,605,761,155,119,1.0,-1,-1,-1
752,49,1020,703,181,143,1.0,-1,-1,-1
752,50,610,760,157,120,1.0,-1,-1,-1
753,49,1007,705,177,140,1.0,-1,-1,-1
753,50,616,760,159,121,1.0,-1,-1,-1
754,49,979,705,180,140,1.0,-1,-1,-1
754,50,621,759,161,122,1.0,-1,-1,-1
755,49,967,706,177,142,1.0,-1,-1,-1
755,50,627,759,163,124,1.0,-1,-1,-1
756,49,971,719,150,116,1.0,-1,-1,-1
756,50,636,758,164,125,1.0,-1,-1,-1
757,49,934,720,161,117,1.0,-1,-1,-1
757,50,646,757,165,127,1.0,-1,-1,-1
758,49,916,721,174,115,1.0,-1,-1,-1
758,50,656,756,167,128,1.0,-1,-1,-1
759,49,916,723,156,110,1.0,-1,-1,-1
759,50,666,755,168,130,1.0,-1,-1,-1
760,49,890,725,161,113,1.0,-1,-1,-1
760,50,676,754,170,132,1.0,-1,-1,-1
761,49,878,726,161,111,1.0,-1,-1,-1
761,50,686,753,171,133,1.0,-1,-1,-1
762,49,873,728,150,107,1.0,-1,-1,-1
762,50,696,752,173,135,1.0,-1,-1,-1
763,50,705,751,174,137,1.0,-1,-1,-1
764,50,715,750,176,138,1.0,-1,-1,-1
765,50,725,749,177,140,1.0,-1,-1,-1
766,50,735,748,179,142,1.0,-1,-1,-1
767,50,752,745,178,144,1.0,-1,-1,-1
768,51,1928,654,588,263,1.0,-1,-1,-1
768,50,760,743,167,149,1.0,-1,-1,-1
769,51,1738,661,587,239,1.0,-1,-1,-1
769,50,763,743,172,153,1.0,-1,-1,-1
770,51,1635,660,601,234,1.0,-1,-1,-1
770,50,767,743,176,156,1.0,-1,-1,-1
771,51,1641,654,553,239,1.0,-1,-1,-1
771,50,773,746,182,154,1.0,-1,-1,-1
772,51,1585,660,481,223,1.0,-1,-1,-1
772,50,779,749,188,152,1.0,-1,-1,-1
773,51,1499,665,462,219,1.0,-1,-1,-1
773,50,799,757,192,148,1.0,-1,-1,-1
774,51,1476,669,465,211,1.0,-1,-1,-1
774,50,805,759,196,147,1.0,-1,-1,-1
775,51,1473,680,346,180,1.0,-1,-1,-1
775,50,810,759,204,148,1.0,-1,-1,-1
776,51,1406,678,292,181,1.0,-1,-1,-1
776,50,816,758,213,151,1.0,-1,-1,-1
777,51,1357,678,293,180,1.0,-1,-1,-1
777,50,830,766,221,153,1.0,-1,-1,-1
778,51,1319,681,278,178,1.0,-1,-1,-1
778,50,835,763,220,158,1.0,-1,-1,-1
779,51,1318,680,260,176,1.0,-1,-1,-1
779,50,845,762,221,164,1.0,-1,-1,-1
780,51,1272,684,255,169,1.0,-1,-1,-1
780,50,855,759,223,171,1.0,-1,-1,-1
781,51,1227,686,252,164,1.0,-1,-1,-1
781,50,863,757,225,179,1.0,-1,-1,-1
782,51,1193,690,237,160,1.0,-1,-1,-1
782,50,869,757,244,188,1.0,-1,-1,-1
783,51,1183,691,229,155,1.0,-1,-1,-1
783,50,873,758,252,191,1.0,-1,-1,-1
784,51,1147,692,220,154,1.0,-1,-1,-1
784,50,882,759,255,193,1.0,-1,-1,-1
785,51,1136,697,214,144,1.0,-1,-1,-1
785,50,891,767,260,203,1.0,-1,-1,-1
786,51,1100,697,207,145,1.0,-1,-1,-1
786,50,895,768,262,206,1.0,-1,-1,-1
787,50,907,771,285,208,1.0,-1,-1,-1
788,50,914,771,292,211,1.0,-1,-1,-1
789,50,926,775,288,213,1.0,-1,-1,-1
790,50,949,780,304,223,1.0,-1,-1,-1
791,50,954,772,326,251,1.0,-1,-1,-1
792,50,971,778,333,254,1.0,-1,-1,-1
793,50,986,784,341,255,1.0,-1,-1,-1
794,50,1006,777,378,272,1.0,-1,-1,-1
795,51,914,710,178,136,1.0,-1,-1,-1
795,50,1012,775,393,286,1.0,-1,-1,-1
796,51,897,726,151,115,1.0,-1,-1,-1
796,50,1024,773,424,303,1.0,-1,-1,-1
797,51,878,724,172,116,1.0,-1,-1,-1
797,50,1039,768,438,318,1.0,-1,-1,-1
798,51,869,725,166,112,1.0,-1,-1,-1
798,50,1086,763,461,343,1.0,-1,-1,-1
799,51,881,724,138,109,1.0,-1,-1,-1
799,50,1099,762,487,360,1.0,-1,-1,-1
800,51,835,731,160,111,1.0,-1,-1,-1
800,50,1133,763,530,368,1.0,-1,-1,-1
801,51,828,735,151,106,1.0,-1,-1,-1
801,50,1139,777,569,388,1.0,-1,-1,-1
802,50,1203,766,575,473,1.0,-1,-1,-1
803,50,1234,770,611,479,1.0,-1,-1,-1
804,50,1270,763,701,499,1.0,-1,-1,-1
805,50,1304,775,754,504,1.0,-1,-1,-1
806,50,1328,777,803,498,1.0,-1,-1,-1
807,50,1411,789,914,564,1.0,-1,-1,-1
808,50,1503,789,1022,601,1.0,-1,-1,-1
809,52,1756,641,563,295,1.0,-1,-1,-1
810,52,1677,651,512,272,1.0,-1,-1,-1
811,52,1598,662,461,249,1.0,-1,-1,-1
812,52,1554,663,508,240,1.0,-1,-1,-1
813,52,1499,670,433,218,1.0,-1,-1,-1
814,52,1418,671,424,216,1.0,-1,-1,-1
815,52,1407,675,364,201,1.0,-1,-1,-1
816,52,1396,679,304,186,1.0,-1,-1,-1
817,52,1307,682,302,180,1.0,-1,-1,-1
818,52,1304,683,289,179,1.0,-1,-1,-1
819,52,1265,685,271,174,1.0,-1,-1,-1
820,52,1225,688,264,173,1.0,-1,-1,-1
821,52,1192,692,243,164,1.0,-1,-1,-1
822,52,1181,693,239,161,1.0,-1,-1,-1
823,52,1144,695,228,157,1.0,-1,-1,-1
824,52,1131,698,225,149,1.0,-1,-1,-1
825,52,1098,701,216,147,1.0,-1,-1,-1
826,52,1059,702,218,146,1.0,-1,-1,-1
827,52,1052,703,202,142,1.0,-1,-1,-1
828,52,1021,702,200,146,1.0,-1,-1,-1
829,52,1011,703,192,144,1.0,-1,-1,-1
830,52,997,706,192,139,1.0,-1,-1,-1
831,52,967,705,187,142,1.0,-1,-1,-1
832,52,952,707,187,139,1.0,-1,-1,-1
833,52,929,707,182,142,1.0,-1,-1,-1
834,52,917,709,181,141,1.0,-1,-1,-1
835,52,903,711,183,137,1.0,-1,-1,-1
836,52,889,724,158,119,1.0,-1,-1,-1
837,52,872,723,170,118,1.0,-1,-1,-1
838,52,875,723,150,114,1.0,-1,-1,-1
839,52,846,729,148,113,1.0,-1,-1,-1
840,52,832,732,155,111,1.0,-1,-1,-1
841,52,826,734,146,106,1.0,-1,-1,-1
943,53,0,1178,621,323,1.0,-1,-1,-1
944,53,0,1171,626,324,1.0,-1,-1,-1
945,53,14,1164,631,325,1.0,-1,-1,-1
946,53,30,1157,637,326,1.0,-1,-1,-1
947,53,46,1151,642,327,1.0,-1,-1,-1
948,53,62,1144,647,328,1.0,-1,-1,-1
949,53,78,1137,653,329,1.0,-1,-1,-1
950,53,94,1130,658,330,1.0,-1,-1,-1
951,53,111,1124,664,332,1.0,-1,-1,-1
952,53,129,1122,660,328,1.0,-1,-1,-1
953,53,147,1120,657,325,1.0,-1,-1,-1
954,53,165,1118,653,322,1.0,-1,-1,-1
955,53,183,1116,650,319,1.0,-1,-1,-1
956,53,201,1114,646,315,1.0,-1,-1,-1
957,53,219,1112,643,312,1.0,-1,-1,-1
958,53,237,1110,639,309,1.0,-1,-1,-1
959,53,256,1109,636,306,1.0,-1,-1,-1
960,53,261,1104,644,308,1.0,-1,-1,-1
961,53,266,1099,652,311,1.0,-1,-1,-1
962,53,271,1094,660,314,1.0,-1,-1,-1
963,53,277,1089,669,317,1.0,-1,-1,-1
964,53,282,1084,677,320,1.0,-1,-1,-1
965,53,287,1079,685,323,1.0,-1,-1,-1
966,53,293,1074,694,326,1.0,-1,-1,-1
967,53,308,1074,690,319,1.0,-1,-1,-1
968,53,324,1074,686,312,1.0,-1,-1,-1
969,53,339,1074,683,306,1.0,-1,-1,-1
970,53,355,1075,679,299,1.0,-1,-1,-1
971,53,371,1075,676,293,1.0,-1,-1,-1
972,53,386,1075,672,286,1.0,-1,-1,-1
973,53,402,1076,669,279,1.0,-1,-1,-1
974,53,419,1074,668,276,1.0,-1,-1,-1
975,53,440,1076,648,267,1.0,-1,-1,-1
976,53,466,1058,688,270,1.0,-1,-1,-1
977,53,484,1057,687,267,1.0,-1,-1,-1
978,53,514,1054,673,268,1.0,-1,-1,-1
979,53,539,1052,650,268,1.0,-1,-1,-1
980,53,580,1029,663,284,1.0,-1,-1,-1
981,53,602,1026,662,284,1.0,-1,-1,-1
982,53,633,1024,640,287,1.0,-1,-1,-1
983,53,665,1022,597,291,1.0,-1,-1,-1
984,53,707,1003,647,279,1.0,-1,-1,-1
985,53,741,1000,615,283,1.0,-1,-1,-1
986,53,768,988,688,287,1.0,-1,-1,-1
987,53,786,982,698,294,1.0,-1,-1,-1
988,53,818,978,674,298,1.0,-1,-1,-1
989,53,858,968,720,302,1.0,-1,-1,-1
990,53,881,966,724,307,1.0,-1,-1,-1
991,53,941,960,726,305,1.0,-1,-1,-1
992,53,954,957,749,311,1.0,-1,-1,-1
993,53,989,954,728,316,1.0,-1,-1,-1
994,53,1037,946,747,326,1.0,-1,-1,-1
995,53,1064,926,755,379,1.0,-1,-1,-1
996,53,1116,925,759,394,1.0,-1,-1,-1
997,53,1165,923,745,407,1.0,-1,-1,-1
998,53,1231,926,756,425,1.0,-1,-1,-1
999,53,1253,932,796,438,1.0,-1,-1,-1
1000,53,1303,930,807,473,1.0,-1,-1,-1
1001,53,1387,923,834,515,1.0,-1,-1,-1
1002,53,1417,936,875,535,1.0,-1,-1,-1
1003,53,1464,938,946,559,1.0,-1,-1,-1
1004,53,1512,940,1017,584,1.0,-1,-1,-1
1095,54,1766,567,683,429,1.0,-1,-1,-1
1096,54,1717,570,662,417,1.0,-1,-1,-1
1097,54,1640,588,570,318,1.0,-1,-1,-1
1098,54,1621,593,576,314,1.0,-1,-1,-1
1099,54,1549,595,545,311,1.0,-1,-1,-1
1100,54,1496,596,500,295,1.0,-1,-1,-1
1101,54,1473,598,498,298,1.0,-1,-1,-1
1102,54,1414,606,477,278,1.0,-1,-1,-1
1103,54,1400,611,454,273,1.0,-1,-1,-1
1104,54,1384,610,430,267,1.0,-1,-1,-1
1105,54,1341,621,407,257,1.0,-1,-1,-1
1106,54,1326,627,379,244,1.0,-1,-1,-1
1107,54,1309,628,367,232,1.0,-1,-1,-1
1108,54,1269,636,357,224,1.0,-1,-1,-1
1109,54,1245,636,350,222,1.0,-1,-1,-1
1110,54,1235,644,321,212,1.0,-1,-1,-1
1111,54,1205,647,307,207,1.0,-1,-1,-1
1112,54,1194,651,303,201,1.0,-1,-1,-1
1113,54,1164,655,289,195,1.0,-1,-1,-1
1114,54,1150,657,291,193,1.0,-1,-1,-1
1115,54,1130,658,272,189,1.0,-1,-1,-1
1116,54,1118,658,269,189,1.0,-1,-1,-1
1117,54,1098,662,245,183,1.0,-1,-1,-1
1118,54,1082,661,255,185,1.0,-1,-1,-1
1119,54,1071,664,249,178,1.0,-1,-1,-1
1120,54,1051,668,239,173,1.0,-1,-1,-1
1121,54,1039,668,236,172,1.0,-1,-1,-1
1122,54,1030,671,230,167,1.0,-1,-1,-1
1123,54,1008,676,226,161,1.0,-1,-1,-1
1124,54,998,677,222,159,1.0,-1,-1,-1
1125,54,986,679,220,157,1.0,-1,-1,-1
1126,54,968,679,215,156,1.0,-1,-1,-1
1127,54,959,680,215,153,1.0,-1,-1,-1
1128,54,949,682,209,151,1.0,-1,-1,-1
1129,54,940,683,203,149,1.0,-1,-1,-1
1130,54,925,681,196,153,1.0,-1,-1,-1
1131,54,915,681,196,151,1.0,-1,-1,-1
1132,54,906,683,190,148,1.0,-1,-1,-1
1133,54,896,693,189,145,1.0,-1,-1,-1
1134,54,882,685,188,148,1.0,-1,-1,-1
1135,54,871,692,188,149,1.0,-1,-1,-1
1136,54,860,694,183,145,1.0,-1,-1,-1
1137,54,853,697,179,142,1.0,-1,-1,-1
1138,54,842,694,176,150,1.0,-1,-1,-1
1139,54,833,696,183,148,1.0,-1,-1,-1
1140,54,823,698,188,147,1.0,-1,-1,-1
1141,54,811,700,190,144,1.0,-1,-1,-1
1142,54,804,701,188,144,1.0,-1,-1,-1
1143,54,795,703,165,144,1.0,-1,-1,-1
1144,54,787,704,167,143,1.0,-1,-1,-1
1145,55,1890,668,644,291,1.0,-1,-1,-1
1145,54,782,723,162,116,1.0,-1,-1,-1
1146,55,1829,665,588,280,1.0,-1,-1,-1
1146,54,769,723,171,115,1.0,-1,-1,-1
1147,55,1729,666,581,268,1.0,-1,-1,-1
1147,54,762,723,172,116,1.0,-1,-1,-1
1148,55,1667,668,522,262,1.0,-1,-1,-1
1148,54,760,723,166,116,1.0,-1,-1,-1
1149,55,1628,674,553,249,1.0,-1,-1,-1
1149,54,749,725,160,119,1.0,-1,-1,-1
1150,55,1571,687,497,222,1.0,-1,-1,-1
1150,54,748,729,152,114,1.0,-1,-1,-1
1151,55,1504,694,468,212,1.0,-1,-1,-1
1151,54,743,731,147,110,1.0,-1,-1,-1
1152,55,1490,697,439,201,1.0,-1,-1,-1
1152,54,736,733,148,108,1.0,-1,-1,-1
1153,55,1430,694,428,207,1.0,-1,-1,-1
1153,54,729,733,149,107,1.0,-1,-1,-1
1154,55,1408,693,416,203,1.0,-1,-1,-1
1154,54,727,734,143,106,1.0,-1,-1,-1
1155,55,1393,688,328,203,1.0,-1,-1,-1
1155,54,706,738,139,102,1.0,-1,-1,-1
1156,55,1340,679,379,214,1.0,-1,-1,-1
1157,55,1339,685,322,198,1.0,-1,-1,-1
1158,55,1312,688,298,188,1.0,-1,-1,-1
1159,55,1297,690,302,185,1.0,-1,-1,-1
1160,55,1268,690,281,181,1.0,-1,-1,-1
1161,55,1255,691,281,180,1.0,-1,-1,-1
1162,55,1230,693,265,176,1.0,-1,-1,-1
1163,55,1221,694,258,172,1.0,-1,-1,-1
1164,55,1215,693,248,170,1.0,-1,-1,-1
1165,55,1198,695,231,164,1.0,-1,-1,-1
1166,55,1194,695,222,161,1.0,-1,-1,-1
1167,55,1191,692,209,161,1.0,-1,-1,-1
1168,55,1191,690,196,162,1.0,-1,-1,-1
1169,55,1185,688,183,161,1.0,-1,-1,-1
1170,55,1186,687,178,160,1.0,-1,-1,-1
1171,55,1186,686,168,144,1.0,-1,-1,-1
1172,55,1187,685,166,143,1.0,-1,-1,-1
1173,55,1189,683,164,141,1.0,-1,-1,-1
1174,55,1192,679,159,139,1.0,-1,-1,-1
1175,55,1197,672,154,139,1.0,-1,-1,-1
1176,55,1200,663,150,142,1.0,-1,-1,-1
1177,55,1200,656,168,142,1.0,-1,-1,-1
1178,55,1201,653,171,139,1.0,-1,-1,-1
1180,55,1215,639,175,135,1.0,-1,-1,-1
1216,56,1909,624,623,328,1.0,-1,-1,-1
1217,56,1822,630,599,306,1.0,-1,-1,-1
1218,56,1744,633,561,296,1.0,-1,-1,-1
1219,56,1718,629,581,301,1.0,-1,-1,-1
1220,56,1646,631,548,290,1.0,-1,-1,-1
1221,56,1596,630,476,286,1.0,-1,-1,-1
1222,56,1561,637,501,274,1.0,-1,-1,-1
1223,56,1507,645,442,260,1.0,-1,-1,-1
1224,56,1481,654,436,248,1.0,-1,-1,-1
1225,56,1433,658,396,240,1.0,-1,-1,-1
1226,56,1411,657,384,242,1.0,-1,-1,-1
1227,56,1367,655,355,242,1.0,-1,-1,-1
1228,56,1351,668,307,207,1.0,-1,-1,-1
1229,56,1349,666,289,206,1.0,-1,-1,-1
1230,56,1305,669,291,203,1.0,-1,-1,-1
1231,56,1269,672,273,201,1.0,-1,-1,-1
1232,56,1254,669,281,202,1.0,-1,-1,-1
1233,56,1218,674,273,194,1.0,-1,-1,-1
1234,56,1211,677,262,188,1.0,-1,-1,-1
1235,56,1178,679,252,186,1.0,-1,-1,-1
1236,56,1169,680,243,181,1.0,-1,-1,-1
1237,56,1136,681,243,179,1.0,-1,-1,-1
1238,56,1127,687,232,168,1.0,-1,-1,-1
1239,56,1095,692,228,162,1.0,-1,-1,-1
1240,56,1085,694,220,157,1.0,-1,-1,-1
1240,57,550,768,135,109,1.0,-1,-1,-1
1241,56,1058,696,214,155,1.0,-1,-1,-1
1241,57,555,767,137,110,1.0,-1,-1,-1
1242,56,1047,697,208,152,1.0,-1,-1,-1
1242,57,561,766,139,112,1.0,-1,-1,-1
1243,56,1020,698,205,154,1.0,-1,-1,-1
1243,57,567,766,141,113,1.0,-1,-1,-1
1244,56,1011,699,199,150,1.0,-1,-1,-1
1244,57,573,765,143,115,1.0,-1,-1,-1
1245,56,997,700,198,148,1.0,-1,-1,-1
1245,57,579,765,145,116,1.0,-1,-1,-1
1246,56,973,700,199,151,1.0,-1,-1,-1
1246,57,585,764,147,118,1.0,-1,-1,-1
1247,56,963,699,194,152,1.0,-1,-1,-1
1247,57,591,764,149,119,1.0,-1,-1,-1
1248,56,952,699,188,148,1.0,-1,-1,-1
1248,57,597,763,151,121,1.0,-1,-1,-1
1249,56,936,701,181,147,1.0,-1,-1,-1
1249,57,603,762,153,122,1.0,-1,-1,-1
1250,56,925,701,182,149,1.0,-1,-1,-1
1250,57,609,762,155,124,1.0,-1,-1,-1
1251,56,914,701,178,149,1.0,-1,-1,-1
1251,57,615,761,157,125,1.0,-1,-1,-1
1252,56,906,702,175,147,1.0,-1,-1,-1
1252,57,621,761,159,127,1.0,-1,-1,-1
1253,56,890,701,165,147,1.0,-1,-1,-1
1253,57,627,760,161,128,1.0,-1,-1,-1
1254,56,877,704,167,143,1.0,-1,-1,-1
1254,57,633,760,163,130,1.0,-1,-1,-1
1255,56,873,722,157,117,1.0,-1,-1,-1
1255,57,639,759,165,131,1.0,-1,-1,-1
1256,56,873,720,147,118,1.0,-1,-1,-1
1256,57,645,759,167,133,1.0,-1,-1,-1
1257,56,845,722,150,122,1.0,-1,-1,-1
1257,57,655,759,166,133,1.0,-1,-1,-1
1258,56,834,723,154,119,1.0,-1,-1,-1
1258,57,665,760,166,133,1.0,-1,-1,-1
1259,56,825,726,154,116,1.0,-1,-1,-1
1259,57,675,761,165,133,1.0,-1,-1,-1
1260,56,822,728,146,114,1.0,-1,-1,-1
1260,57,685,761,165,133,1.0,-1,-1,-1
1261,57,695,762,164,133,1.0,-1,-1,-1
1262,57,705,763,164,133,1.0,-1,-1,-1
1263,57,715,763,163,133,1.0,-1,-1,-1
1264,57,725,764,163,133,1.0,-1,-1,-1
1265,57,735,765,162,133,1.0,-1,-1,-1
1266,57,730,758,179,144,1.0,-1,-1,-1
1267,57,738,756,182,147,1.0,-1,-1,-1
1268,57,756,769,180,138,1.0,-1,-1,-1
1269,57,764,774,184,137,1.0,-1,-1,-1
1270,57,774,776,186,139,1.0,-1,-1,-1
1271,57,781,774,191,141,1.0,-1,-1,-1
1272,57,801,782,198,140,1.0,-1,-1,-1
1273,57,809,779,205,146,1.0,-1,-1,-1
1274,57,816,774,213,154,1.0,-1,-1,-1
1275,57,831,779,219,152,1.0,-1,-1,-1
1276,57,842,777,216,158,1.0,-1,-1,-1
1277,57,848,776,230,179,1.0,-1,-1,-1
1278,57,855,773,237,185,1.0,-1,-1,-1
1279,57,874,772,247,190,1.0,-1,-1,-1
1280,57,884,769,252,197,1.0,-1,-1,-1
1281,57,894,769,256,201,1.0,-1,-1,-1
1282,57,915,766,271,209,1.0,-1,-1,-1
1283,57,931,767,267,214,1.0,-1,-1,-1
1284,57,947,768,293,224,1.0,-1,-1,-1
1285,57,958,771,298,232,1.0,-1,-1,-1
1286,57,964,767,332,247,1.0,-1,-1,-1
1287,57,989,770,328,251,1.0,-1,-1,-1
1288,57,994,773,349,254,1.0,-1,-1,-1
1289,57,1030,772,378,276,1.0,-1,-1,-1
1290,57,1048,776,399,286,1.0,-1,-1,-1
1291,57,1080,775,450,308,1.0,-1,-1,-1
1292,57,1104,778,455,324,1.0,-1,-1,-1
1293,57,1133,781,548,330,1.0,-1,-1,-1
1294,57,1161,792,538,360,1.0,-1,-1,-1
1295,57,1235,774,535,452,1.0,-1,-1,-1
1296,57,1261,797,540,386,1.0,-1,-1,-1
1297,57,1349,802,618,460,1.0,-1,-1,-1
1298,57,1362,804,692,461,1.0,-1,-1,-1
1299,57,1441,801,823,540,1.0,-1,-1,-1
1300,57,1521,798,954,619,1.0,-1,-1,-1
1466,58,1703,742,856,362,1.0,-1,-1,-1
1467,58,1605,756,823,353,1.0,-1,-1,-1
1468,58,1507,770,775,344,1.0,-1,-1,-1
1469,58,1409,784,727,335,1.0,-1,-1,-1
1470,58,1312,798,679,327,1.0,-1,-1,-1
1471,58,1053,850,608,321,1.0,-1,-1,-1
1472,58,996,870,589,296,1.0,-1,-1,-1
1473,58,940,891,571,272,1.0,-1,-1,-1
1474,58,858,910,539,265,1.0,-1,-1,-1
1475,58,765,931,534,284,1.0,-1,-1,-1
1476,58,688,956,508,278,1.0,-1,-1,-1
1477,58,597,982,495,272,1.0,-1,-1,-1
1478,58,499,1004,496,261,1.0,-1,-1,-1
1479,58,426,1024,496,261,1.0,-1,-1,-1
1480,58,352,1043,496,262,1.0,-1,-1,-1
1481,58,278,1063,495,262,1.0,-1,-1,-1
1482,58,205,1082,495,262,1.0,-1,-1,-1
1483,58,131,1102,495,262,1.0,-1,-1,-1
1484,58,57,1121,495,262,1.0,-1,-1,-1
1485,58,0,1141,495,263,1.0,-1,-1,-1
1628,59,584,768,127,115,1.0,-1,-1,-1
1629,59,592,767,129,116,1.0,-1,-1,-1
1630,59,601,766,132,117,1.0,-1,-1,-1
1631,59,610,766,135,119,1.0,-1,-1,-1
1632,59,618,765,138,120,1.0,-1,-1,-1
1633,59,627,765,140,121,1.0,-1,-1,-1
1634,59,636,764,143,123,1.0,-1,-1,-1
1635,59,644,764,146,124,1.0,-1,-1,-1
1636,59,653,763,149,125,1.0,-1,-1,-1
1637,59,662,763,152,127,1.0,-1,-1,-1
1638,59,675,765,150,123,1.0,-1,-1,-1
1639,59,689,768,149,120,1.0,-1,-1,-1
1640,59,703,770,148,117,1.0,-1,-1,-1
1641,59,717,773,147,114,1.0,-1,-1,-1
1642,59,730,775,146,111,1.0,-1,-1,-1
1643,59,739,774,148,115,1.0,-1,-1,-1
1644,59,751,774,140,117,1.0,-1,-1,-1
1645,59,771,777,154,115,1.0,-1,-1,-1
1646,59,773,776,162,120,1.0,-1,-1,-1
1647,59,777,767,167,137,1.0,-1,-1,-1
1648,59,785,764,178,145,1.0,-1,-1,-1
1649,59,802,771,184,139,1.0,-1,-1,-1
1650,59,812,778,185,137,1.0,-1,-1,-1
1651,59,822,783,191,136,1.0,-1,-1,-1
1652,59,836,785,210,137,1.0,-1,-1,-1
1653,59,848,785,202,142,1.0,-1,-1,-1
1654,59,859,786,208,159,1.0,-1,-1,-1
1655,59,866,782,216,170,1.0,-1,-1,-1
1656,59,886,779,226,178,1.0,-1,-1,-1
1657,59,894,777,238,185,1.0,-1,-1,-1
1658,59,920,779,251,186,1.0,-1,-1,-1
1659,59,932,781,253,194,1.0,-1,-1,-1
1660,59,962,789,271,196,1.0,-1,-1,-1
1661,59,973,789,275,208,1.0,-1,-1,-1
1662,59,1008,791,292,216,1.0,-1,-1,-1
1663,59,1021,798,288,202,1.0,-1,-1,-1
1664,59,1048,787,362,245,1.0,-1,-1,-1
1665,59,1062,784,388,262,1.0,-1,-1,-1
1666,59,1123,782,411,288,1.0,-1,-1,-1
1667,59,1166,782,508,308,1.0,-1,-1,-1
1668,59,1235,782,539,357,1.0,-1,-1,-1
1669,59,1304,782,570,405,1.0,-1,-1,-1
1670,59,1373,782,601,453,1.0,-1,-1,-1
1671,59,1477,783,742,470,1.0,-1,-1,-1
1672,59,1564,785,835,529,1.0,-1,-1,-1
1673,59,1651,787,908,589,1.0,-1,-1,-1
1782,60,586,766,146,120,1.0,-1,-1,-1
1783,60,594,765,147,121,1.0,-1,-1,-1
1784,60,602,765,149,122,1.0,-1,-1,-1
1785,60,611,764,151,124,1.0,-1,-1,-1
1786,60,619,764,153,125,1.0,-1,-1,-1
1787,60,627,764,155,126,1.0,-1,-1,-1
1788,60,636,763,157,128,1.0,-1,-1,-1
1789,60,644,763,159,129,1.0,-1,-1,-1
1790,60,653,763,161,131,1.0,-1,-1,-1
1791,60,666,765,157,129,1.0,-1,-1,-1
1792,60,679,768,154,127,1.0,-1,-1,-1
1793,60,692,770,151,126,1.0,-1,-1,-1
1794,60,705,773,148,124,1.0,-1,-1,-1
1795,60,718,776,145,123,1.0,-1,-1,-1
1796,60,731,778,142,121,1.0,-1,-1,-1
1797,60,735,778,148,124,1.0,-1,-1,-1
1798,60,742,779,153,125,1.0,-1,-1,-1
1799,60,749,773,157,135,1.0,-1,-1,-1
1800,60,766,777,164,129,1.0,-1,-1,-1
1801,60,772,774,174,141,1.0,-1,-1,-1
1802,60,782,775,177,144,1.0,-1,-1,-1
1803,60,787,774,182,151,1.0,-1,-1,-1
1804,60,807,777,194,151,1.0,-1,-1,-1
1805,60,817,775,199,158,1.0,-1,-1,-1
1806,60,837,778,210,156,1.0,-1,-1,-1
1807,60,845,782,213,173,1.0,-1,-1,-1
1808,60,857,779,215,182,1.0,-1,-1,-1
1809,60,866,778,218,188,1.0,-1,-1,-1
1810,60,886,778,235,196,1.0,-1,-1,-1
1811,60,900,781,235,198,1.0,-1,-1,-1
1812,60,926,782,256,209,1.0,-1,-1,-1
1813,60,938,786,257,214,1.0,-1,-1,-1
1814,60,964,787,285,228,1.0,-1,-1,-1
1815,60,964,782,339,251,1.0,-1,-1,-1
1816,60,986,788,346,256,1.0,-1,-1,-1
1817,60,1036,788,367,276,1.0,-1,-1,-1
1818,60,1050,791,396,289,1.0,-1,-1,-1
1819,60,1106,783,435,325,1.0,-1,-1,-1
1820,60,1154,800,520,345,1.0,-1,-1,-1
1821,60,1192,804,486,355,1.0,-1,-1,-1
1822,60,1281,765,689,486,1.0,-1,-1,-1
1823,60,1345,792,651,484,1.0,-1,-1,-1
1824,60,1445,815,830,548,1.0,-1,-1,-1
1825,60,1588,817,918,621,1.0,-1,-1,-1
2129,61,1917,565,624,447,1.0,-1,-1,-1
2130,61,1827,609,591,335,1.0,-1,-1,-1
2131,61,1811,618,590,315,1.0,-1,-1,-1
2132,61,1733,596,553,310,1.0,-1,-1,-1
2133,61,1664,605,507,296,1.0,-1,-1,-1
2134,61,1601,608,469,291,1.0,-1,-1,-1
2135,61,1580,611,460,284,1.0,-1,-1,-1
2136,61,1520,621,429,266,1.0,-1,-1,-1
2137,61,1490,643,428,252,1.0,-1,-1,-1
2138,61,1439,645,401,248,1.0,-1,-1,-1
2139,61,1425,623,377,260,1.0,-1,-1,-1
2140,61,1358,631,392,243,1.0,-1,-1,-1
2141,61,1351,635,361,235,1.0,-1,-1,-1
2142,61,1328,632,356,235,1.0,-1,-1,-1
2143,61,1308,654,297,202,1.0,-1,-1,-1
2144,61,1299,651,292,206,1.0,-1,-1,-1
2145,61,1260,650,291,211,1.0,-1,-1,-1
2146,61,1253,653,279,205,1.0,-1,-1,-1
2147,61,1219,656,270,202,1.0,-1,-1,-1
2148,61,1213,659,258,194,1.0,-1,-1,-1
2149,61,1183,659,246,197,1.0,-1,-1,-1
2150,61,1172,660,241,195,1.0,-1,-1,-1
2151,61,1142,661,238,191,1.0,-1,-1,-1
2152,61,1131,665,231,185,1.0,-1,-1,-1
2153,61,1111,669,216,176,1.0,-1,-1,-1
2154,61,1100,670,214,176,1.0,-1,-1,-1
2155,61,1087,670,213,174,1.0,-1,-1,-1
2156,61,1061,675,213,163,1.0,-1,-1,-1
2157,61,1048,677,213,160,1.0,-1,-1,-1
2158,61,1038,680,208,155,1.0,-1,-1,-1
2159,61,1013,683,209,149,1.0,-1,-1,-1
2160,61,1004,690,203,154,1.0,-1,-1,-1
2161,61,992,689,202,154,1.0,-1,-1,-1
2162,61,977,689,193,155,1.0,-1,-1,-1
2163,61,968,689,193,155,1.0,-1,-1,-1
2164,61,957,690,188,153,1.0,-1,-1,-1
2165,61,949,692,185,148,1.0,-1,-1,-1
2166,61,931,691,183,151,1.0,-1,-1,-1
2167,61,920,693,184,147,1.0,-1,-1,-1
2168,61,907,693,183,148,1.0,-1,-1,-1
2169,61,900,693,182,151,1.0,-1,-1,-1
2170,61,879,694,182,150,1.0,-1,-1,-1
2171,61,878,693,178,152,1.0,-1,-1,-1
2172,61,865,696,181,148,1.0,-1,-1,-1
2173,61,856,698,179,147,1.0,-1,-1,-1
2174,61,850,701,182,143,1.0,-1,-1,-1
2175,61,838,702,164,142,1.0,-1,-1,-1
2176,61,830,717,160,120,1.0,-1,-1,-1
2177,61,823,718,155,119,1.0,-1,-1,-1
2178,61,808,721,138,119,1.0,-1,-1,-1
2179,61,798,723,148,116,1.0,-1,-1,-1
2180,61,788,726,155,113,1.0,-1,-1,-1
2181,61,777,727,158,110,1.0,-1,-1,-1
2182,61,769,726,158,110,1.0,-1,-1,-1
2183,61,761,731,134,108,1.0,-1,-1,-1
2184,61,754,733,142,108,1.0,-1,-1,-1
2185,61,750,736,140,102,1.0,-1,-1,-1
2187,61,734,739,142,100,1.0,-1,-1,-1
2258,62,591,776,135,120,1.0,-1,-1,-1
2259,62,599,777,136,119,1.0,-1,-1,-1
2260,62,608,778,137,119,1.0,-1,-1,-1
2261,62,616,780,138,119,1.0,-1,-1,-1
2262,62,625,781,139,119,1.0,-1,-1,-1
2263,62,634,782,140,118,1.0,-1,-1,-1
2264,62,642,784,141,118,1.0,-1,-1,-1
2265,62,651,785,142,118,1.0,-1,-1,-1
2266,62,660,787,143,118,1.0,-1,-1,-1
2267,62,671,788,143,117,1.0,-1,-1,-1
2268,62,682,789,144,117,1.0,-1,-1,-1
2269,62,694,791,145,116,1.0,-1,-1,-1
2270,62,705,792,145,116,1.0,-1,-1,-1
2271,62,716,794,146,115,1.0,-1,-1,-1
2272,62,728,795,147,115,1.0,-1,-1,-1
2273,62,739,797,148,114,1.0,-1,-1,-1
2274,62,746,795,153,119,1.0,-1,-1,-1
2275,62,756,795,146,118,1.0,-1,-1,-1
2276,62,778,807,152,120,1.0,-1,-1,-1
2277,62,777,796,186,141,1.0,-1,-1,-1
2278,62,786,795,184,145,1.0,-1,-1,-1
2279,62,805,796,175,151,1.0,-1,-1,-1
2280,62,815,797,174,156,1.0,-1,-1,-1
2281,62,827,800,179,160,1.0,-1,-1,-1
2282,62,834,803,186,162,1.0,-1,-1,-1
2283,62,853,806,198,165,1.0,-1,-1,-1
2284,62,865,811,202,168,1.0,-1,-1,-1
2285,62,885,808,224,186,1.0,-1,-1,-1
2286,62,899,809,221,189,1.0,-1,-1,-1
2287,62,925,824,244,190,1.0,-1,-1,-1
2288,62,938,823,243,203,1.0,-1,-1,-1
2289,62,968,828,266,213,1.0,-1,-1,-1
2290,62,984,835,258,215,1.0,-1,-1,-1
2291,62,1014,843,284,219,1.0,-1,-1,-1
2292,62,1036,853,363,241,1.0,-1,-1,-1
2293,62,1065,854,362,254,1.0,-1,-1,-1
2294,62,1103,853,418,290,1.0,-1,-1,-1
2295,62,1118,860,442,307,1.0,-1,-1,-1
2296,62,1197,871,462,321,1.0,-1,-1,-1
2297,62,1279,864,535,405,1.0,-1,-1,-1
2298,62,1361,858,608,488,1.0,-1,-1,-1
2299,62,1457,875,809,543,1.0,-1,-1,-1
2300,62,1597,887,911,600,1.0,-1,-1,-1
2365,63,1614,668,520,265,1.0,-1,-1,-1
2366,63,1543,680,540,228,1.0,-1,-1,-1
2367,63,1483,686,465,212,1.0,-1,-1,-1
2368,63,1412,685,426,210,1.0,-1,-1,-1
2369,63,1339,678,406,218,1.0,-1,-1,-1
2370,63,1352,679,303,203,1.0,-1,-1,-1
2370,64,584,774,144,114,1.0,-1,-1,-1
2371,63,1314,681,285,194,1.0,-1,-1,-1
2371,64,590,772,146,115,1.0,-1,-1,-1
2372,63,1273,687,265,185,1.0,-1,-1,-1
2372,64,597,771,148,117,1.0,-1,-1,-1
2373,63,1251,689,291,178,1.0,-1,-1,-1
2373,64,604,769,150,119,1.0,-1,-1,-1
2374,63,1216,690,268,175,1.0,-1,-1,-1
2374,64,611,768,152,121,1.0,-1,-1,-1
2375,63,1182,692,249,169,1.0,-1,-1,-1
2375,64,617,766,154,123,1.0,-1,-1,-1
2376,63,1176,695,236,163,1.0,-1,-1,-1
2376,64,624,765,156,125,1.0,-1,-1,-1
2377,63,1140,694,229,162,1.0,-1,-1,-1
2377,64,631,763,158,127,1.0,-1,-1,-1
2378,63,1128,697,226,155,1.0,-1,-1,-1
2378,64,638,762,160,129,1.0,-1,-1,-1
2379,63,1100,695,213,156,1.0,-1,-1,-1
2379,64,645,761,163,131,1.0,-1,-1,-1
2380,63,1088,698,209,150,1.0,-1,-1,-1
2380,64,655,763,161,129,1.0,-1,-1,-1
2381,63,1061,698,200,150,1.0,-1,-1,-1
2381,64,666,765,159,128,1.0,-1,-1,-1
2382,63,1047,702,198,142,1.0,-1,-1,-1
2382,64,677,767,157,127,1.0,-1,-1,-1
2383,63,1025,701,191,146,1.0,-1,-1,-1
2383,64,688,770,156,125,1.0,-1,-1,-1
2384,63,1013,701,188,142,1.0,-1,-1,-1
2384,64,699,772,154,124,1.0,-1,-1,-1
2385,63,1001,702,184,140,1.0,-1,-1,-1
2385,64,710,774,152,123,1.0,-1,-1,-1
2386,63,979,700,184,142,1.0,-1,-1,-1
2386,64,720,777,150,121,1.0,-1,-1,-1
2387,63,968,701,180,142,1.0,-1,-1,-1
2387,64,731,779,149,120,1.0,-1,-1,-1
2388,63,955,701,179,138,1.0,-1,-1,-1
2388,64,739,777,150,123,1.0,-1,-1,-1
2389,63,939,714,163,124,1.0,-1,-1,-1
2389,64,747,776,147,126,1.0,-1,-1,-1
2390,63,924,712,179,123,1.0,-1,-1,-1
2390,64,752,770,154,134,1.0,-1,-1,-1
2391,63,912,714,182,119,1.0,-1,-1,-1
2391,64,765,776,165,131,1.0,-1,-1,-1
2392,63,910,716,170,113,1.0,-1,-1,-1
2392,64,770,774,174,138,1.0,-1,-1,-1
2393,63,890,719,162,114,1.0,-1,-1,-1
2393,64,781,779,174,137,1.0,-1,-1,-1
2394,63,879,720,167,109,1.0,-1,-1,-1
2394,64,791,778,173,139,1.0,-1,-1,-1
2395,63,882,722,146,102,1.0,-1,-1,-1
2395,64,809,777,184,139,1.0,-1,-1,-1
2396,64,815,772,193,147,1.0,-1,-1,-1
2397,64,822,766,200,157,1.0,-1,-1,-1
2398,64,826,762,204,167,1.0,-1,-1,-1
2399,64,844,771,204,164,1.0,-1,-1,-1
2400,64,854,785,208,169,1.0,-1,-1,-1
2401,63,800,732,143,108,1.0,-1,-1,-1
2401,64,865,785,211,174,1.0,-1,-1,-1
2402,63,792,733,151,108,1.0,-1,-1,-1
2402,64,880,783,223,180,1.0,-1,-1,-1
2403,63,786,735,144,105,1.0,-1,-1,-1
2403,64,887,785,229,182,1.0,-1,-1,-1
2404,63,779,735,140,103,1.0,-1,-1,-1
2404,64,898,786,233,185,1.0,-1,-1,-1
2405,64,919,786,250,194,1.0,-1,-1,-1
2406,63,757,738,135,104,1.0,-1,-1,-1
2406,64,929,789,254,200,1.0,-1,-1,-1
2407,64,941,794,256,203,1.0,-1,-1,-1
2408,64,964,795,274,216,1.0,-1,-1,-1
2409,64,979,796,270,216,1.0,-1,-1,-1
2410,64,1011,803,286,229,1.0,-1,-1,-1
2411,64,1027,800,277,238,1.0,-1,-1,-1
2412,64,1044,801,345,255,1.0,-1,-1,-1
2413,64,1060,799,370,271,1.0,-1,-1,-1
2414,64,1092,800,405,310,1.0,-1,-1,-1
