53,20,2072,412,332,132,1.0,-1,-1,-1
54,20,2034,410,322,132,1.0,-1,-1,-1
55,20,2023,407,325,133,1.0,-1,-1,-1
56,20,1975,407,335,130,1.0,-1,-1,-1
57,20,1906,392,375,139,1.0,-1,-1,-1
58,20,1909,390,357,142,1.0,-1,-1,-1
59,20,1904,387,352,146,1.0,-1,-1,-1
60,20,1878,388,351,142,1.0,-1,-1,-1
61,20,1869,388,347,142,1.0,-1,-1,-1
62,20,1862,386,340,142,1.0,-1,-1,-1
63,20,1836,385,334,143,1.0,-1,-1,-1
64,20,1828,380,327,146,1.0,-1,-1,-1
65,20,1791,378,321,142,1.0,-1,-1,-1
66,20,1780,377,325,142,1.0,-1,-1,-1
67,20,1771,375,324,143,1.0,-1,-1,-1
68,20,1756,374,321,141,1.0,-1,-1,-1
69,20,1740,373,318,139,1.0,-1,-1,-1
70,20,1725,372,315,137,1.0,-1,-1,-1
71,20,1709,372,312,135,1.0,-1,-1,-1
72,20,1694,371,309,133,1.0,-1,-1,-1
73,20,1678,370,306,131,1.0,-1,-1,-1
74,20,1663,369,303,129,1.0,-1,-1,-1
75,20,1647,368,300,127,1.0,-1,-1,-1
76,20,1640,366,305,127,1.0,-1,-1,-1
77,20,1636,366,303,126,1.0,-1,-1,-1
78,20,1596,364,317,128,1.0,-1,-1,-1
79,20,1592,363,318,130,1.0,-1,-1,-1
80,20,1583,362,324,131,1.0,-1,-1,-1
81,20,1575,361,328,132,1.0,-1,-1,-1
82,20,1557,356,294,134,1.0,-1,-1,-1
83,20,1549,356,302,136,1.0,-1,-1,-1
84,20,1540,359,310,133,1.0,-1,-1,-1
85,20,1531,361,317,130,1.0,-1,-1,-1
86,20,1525,361,324,129,1.0,-1,-1,-1
87,20,1512,359,303,128,1.0,-1,-1,-1
88,20,1506,358,311,129,1.0,-1,-1,-1
89,20,1500,357,315,131,1.0,-1,-1,-1
90,20,1495,356,314,133,1.0,-1,-1,-1
91,20,1488,357,316,132,1.0,-1,-1,-1
92,20,1479,355,325,135,1.0,-1,-1,-1
93,20,1470,354,332,137,1.0,-1,-1,-1
94,20,1465,353,335,139,1.0,-1,-1,-1
95,20,1455,353,317,141,1.0,-1,-1,-1
96,20,1451,353,317,141,1.0,-1,-1,-1
97,20,1445,354,314,140,1.0,-1,-1,-1
98,20,1440,355,312,138,1.0,-1,-1,-1
99,20,1436,356,308,137,1.0,-1,-1,-1
100,20,1431,356,310,137,1.0,-1,-1,-1
101,20,1406,355,313,139,1.0,-1,-1,-1
102,20,1396,355,319,139,1.0,-1,-1,-1
103,20,1386,357,324,137,1.0,-1,-1,-1
104,20,1382,356,319,139,1.0,-1,-1,-1
105,20,1389,357,296,137,1.0,-1,-1,-1
106,20,1379,356,269,141,1.0,-1,-1,-1
107,20,1374,358,266,140,1.0,-1,-1,-1
108,20,1368,359,269,141,1.0,-1,-1,-1
109,20,1364,359,267,143,1.0,-1,-1,-1
110,20,1366,360,258,142,1.0,-1,-1,-1
111,20,1369,361,244,142,1.0,-1,-1,-1
112,20,1372,362,233,142,1.0,-1,-1,-1
113,20,1375,363,221,143,1.0,-1,-1,-1
114,20,1351,366,222,142,1.0,-1,-1,-1
115,20,1350,367,218,141,1.0,-1,-1,-1
116,20,1353,368,209,141,1.0,-1,-1,-1
117,20,1352,368,208,143,1.0,-1,-1,-1
118,20,1350,368,207,146,1.0,-1,-1,-1
119,20,1350,370,199,148,1.0,-1,-1,-1
120,20,1350,372,193,150,1.0,-1,-1,-1
121,20,1349,373,187,152,1.0,-1,-1,-1
122,20,1350,374,182,156,1.0,-1,-1,-1
123,20,1352,376,176,157,1.0,-1,-1,-1
124,20,1353,376,171,160,1.0,-1,-1,-1
125,20,1352,383,173,153,1.0,-1,-1,-1
126,20,1352,383,173,155,1.0,-1,-1,-1
127,20,1353,384,171,156,1.0,-1,-1,-1
128,20,1355,384,170,158,1.0,-1,-1,-1
129,20,1356,383,169,162,1.0,-1,-1,-1
130,20,1358,388,168,170,1.0,-1,-1,-1
131,20,1360,390,169,169,1.0,-1,-1,-1
132,21,0,1051,1752,868,1.0,-1,-1,-1
132,20,1362,395,170,164,1.0,-1,-1,-1
133,21,178,1124,2010,795,1.0,-1,-1,-1
133,20,1362,394,175,171,1.0,-1,-1,-1
134,21,722,1072,1837,847,1.0,-1,-1,-1
134,20,1363,398,178,170,1.0,-1,-1,-1
135,20,1363,398,183,174,1.0,-1,-1,-1
136,20,1365,399,187,178,1.0,-1,-1,-1
137,20,1367,400,190,180,1.0,-1,-1,-1
138,20,1368,403,194,181,1.0,-1,-1,-1
139,20,1369,403,195,185,1.0,-1,-1,-1
140,20,1371,404,195,189,1.0,-1,-1,-1
141,20,1372,403,195,195,1.0,-1,-1,-1
142,20,1373,404,196,198,1.0,-1,-1,-1
143,20,1372,405,198,202,1.0,-1,-1,-1
144,20,1371,404,200,207,1.0,-1,-1,-1
145,20,1372,424,201,197,1.0,-1,-1,-1
146,20,1370,421,207,206,1.0,-1,-1,-1
147,20,1369,421,222,212,1.0,-1,-1,-1
148,20,1368,423,226,214,1.0,-1,-1,-1
149,20,1370,429,227,212,1.0,-1,-1,-1
150,20,1374,430,227,218,1.0,-1,-1,-1
151,20,1378,432,225,224,1.0,-1,-1,-1
152,20,1380,432,226,230,1.0,-1,-1,-1
153,20,1381,436,229,230,1.0,-1,-1,-1
154,20,1381,437,232,231,1.0,-1,-1,-1
155,20,1382,438,236,236,1.0,-1,-1,-1
156,20,1384,457,241,232,1.0,-1,-1,-1
157,20,1386,458,242,236,1.0,-1,-1,-1
158,20,1389,460,245,238,1.0,-1,-1,-1
159,20,1391,459,246,244,1.0,-1,-1,-1
160,20,1394,459,247,251,1.0,-1,-1,-1
161,20,1395,459,248,258,1.0,-1,-1,-1
162,22,800,731,1759,813,1.0,-1,-1,-1
162,20,1394,464,252,255,1.0,-1,-1,-1
163,22,439,724,1846,813,1.0,-1,-1,-1
163,20,1378,464,282,276,1.0,-1,-1,-1
164,22,79,718,1912,813,1.0,-1,-1,-1
164,20,1381,468,281,277,1.0,-1,-1,-1
165,20,1384,471,286,278,1.0,-1,-1,-1
166,20,1387,475,291,279,1.0,-1,-1,-1
167,20,1390,478,299,280,1.0,-1,-1,-1
168,20,1391,480,305,284,1.0,-1,-1,-1
169,20,1392,482,314,288,1.0,-1,-1,-1
170,20,1393,487,320,291,1.0,-1,-1,-1
171,20,1395,490,325,296,1.0,-1,-1,-1
172,20,1395,492,329,303,1.0,-1,-1,-1
173,20,1395,493,335,309,1.0,-1,-1,-1
174,20,1395,493,341,316,1.0,-1,-1,-1
175,20,1395,493,346,323,1.0,-1,-1,-1
176,20,1416,488,333,336,1.0,-1,-1,-1
177,20,1415,485,339,345,1.0,-1,-1,-1
178,20,1413,482,349,354,1.0,-1,-1,-1
179,20,1413,504,362,343,1.0,-1,-1,-1
180,20,1411,506,374,344,1.0,-1,-1,-1
181,20,1414,510,377,343,1.0,-1,-1,-1
182,20,1417,515,383,341,1.0,-1,-1,-1
183,20,1422,521,383,339,1.0,-1,-1,-1
184,20,1422,524,392,343,1.0,-1,-1,-1
185,20,1422,524,401,352,1.0,-1,-1,-1
186,20,1424,521,408,363,1.0,-1,-1,-1
187,20,1429,522,411,370,1.0,-1,-1,-1
188,20,1434,523,412,376,1.0,-1,-1,-1
189,20,1439,527,416,381,1.0,-1,-1,-1
190,23,708,1099,1569,806,1.0,-1,-1,-1
190,20,1443,529,420,387,1.0,-1,-1,-1
191,23,568,1070,1460,822,1.0,-1,-1,-1
191,20,1445,533,426,390,1.0,-1,-1,-1
192,23,498,1020,1527,770,1.0,-1,-1,-1
192,20,1446,535,432,396,1.0,-1,-1,-1
193,23,314,997,1500,737,1.0,-1,-1,-1
193,20,1445,540,440,399,1.0,-1,-1,-1
194,23,167,960,1426,729,1.0,-1,-1,-1
194,20,1444,543,446,404,1.0,-1,-1,-1
195,23,38,938,1319,721,1.0,-1,-1,-1
195,20,1452,546,455,407,1.0,-1,-1,-1
196,20,1453,545,453,415,1.0,-1,-1,-1
197,20,1455,544,451,420,1.0,-1,-1,-1
198,20,1456,541,452,427,1.0,-1,-1,-1
199,20,1456,541,455,428,1.0,-1,-1,-1
200,20,1455,541,459,430,1.0,-1,-1,-1
201,20,1456,567,469,406,1.0,-1,-1,-1
202,20,1454,565,474,410,1.0,-1,-1,-1
203,20,1451,563,480,414,1.0,-1,-1,-1
204,20,1452,561,482,418,1.0,-1,-1,-1
205,20,1455,564,482,415,1.0,-1,-1,-1
206,20,1459,566,481,413,1.0,-1,-1,-1
207,20,1459,564,481,415,1.0,-1,-1,-1
208,20,1460,562,481,419,1.0,-1,-1,-1
209,20,1461,562,480,419,1.0,-1,-1,-1
210,20,1462,563,480,418,1.0,-1,-1,-1
211,20,1462,565,481,415,1.0,-1,-1,-1
212,20,1461,565,483,414,1.0,-1,-1,-1
213,20,1461,565,482,412,1.0,-1,-1,-1
214,20,1461,565,481,412,1.0,-1,-1,-1
215,20,1461,566,481,412,1.0,-1,-1,-1
216,20,1461,566,481,411,1.0,-1,-1,-1
217,20,1461,566,481,411,1.0,-1,-1,-1
218,20,1460,566,482,411,1.0,-1,-1,-1
219,20,1460,566,483,411,1.0,-1,-1,-1
220,20,1460,566,484,411,1.0,-1,-1,-1
221,20,1460,566,485,411,1.0,-1,-1,-1
222,20,1459,566,486,411,1.0,-1,-1,-1
223,20,1459,566,486,412,1.0,-1,-1,-1
224,20,1459,565,485,412,1.0,-1,-1,-1
225,20,1459,565,485,412,1.0,-1,-1,-1
226,20,1459,566,486,412,1.0,-1,-1,-1
227,20,1459,565,486,412,1.0,-1,-1,-1
228,20,1459,565,486,413,1.0,-1,-1,-1
229,20,1460,565,484,413,1.0,-1,-1,-1
230,20,1462,565,483,413,1.0,-1,-1,-1
231,20,1464,566,481,412,1.0,-1,-1,-1
232,20,1464,566,481,412,1.0,-1,-1,-1
233,20,1464,566,481,412,1.0,-1,-1,-1
234,20,1465,566,481,411,1.0,-1,-1,-1
235,20,1465,566,481,411,1.0,-1,-1,-1
236,20,1464,566,481,411,1.0,-1,-1,-1
237,20,1464,566,481,412,1.0,-1,-1,-1
238,20,1464,566,481,412,1.0,-1,-1,-1
239,20,1462,567,482,411,1.0,-1,-1,-1
240,20,1461,567,483,410,1.0,-1,-1,-1
241,20,1460,568,483,409,1.0,-1,-1,-1
242,20,1460,568,484,408,1.0,-1,-1,-1
243,20,1460,568,484,408,1.0,-1,-1,-1
244,20,1460,568,484,408,1.0,-1,-1,-1
245,20,1460,568,484,409,1.0,-1,-1,-1
246,20,1460,567,484,409,1.0,-1,-1,-1
247,20,1459,567,485,410,1.0,-1,-1,-1
248,20,1459,567,485,409,1.0,-1,-1,-1
249,20,1459,567,486,409,1.0,-1,-1,-1
250,20,1459,568,486,408,1.0,-1,-1,-1
251,20,1458,568,487,408,1.0,-1,-1,-1
252,20,1458,568,486,408,1.0,-1,-1,-1
253,20,1458,568,486,408,1.0,-1,-1,-1
254,20,1458,568,486,408,1.0,-1,-1,-1
255,20,1458,568,486,408,1.0,-1,-1,-1
256,20,1459,568,485,408,1.0,-1,-1,-1
257,20,1459,569,485,407,1.0,-1,-1,-1
258,20,1459,569,485,407,1.0,-1,-1,-1
259,20,1459,569,485,406,1.0,-1,-1,-1
260,20,1459,569,485,406,1.0,-1,-1,-1
261,20,1460,569,484,406,1.0,-1,-1,-1
262,20,1461,567,483,409,1.0,-1,-1,-1
263,20,1461,569,481,407,1.0,-1,-1,-1
264,24,1394,863,1165,591,1.0,-1,-1,-1
264,20,1470,551,459,399,1.0,-1,-1,-1
265,24,1070,836,1267,598,1.0,-1,-1,-1
266,24,746,809,1349,606,1.0,-1,-1,-1
267,24,419,780,1352,607,1.0,-1,-1,-1
268,24,92,751,1355,608,1.0,-1,-1,-1
268,20,1468,568,479,411,1.0,-1,-1,-1
269,20,1467,567,477,411,1.0,-1,-1,-1
270,20,1466,567,478,411,1.0,-1,-1,-1
271,20,1467,569,478,408,1.0,-1,-1,-1
272,20,1467,570,478,407,1.0,-1,-1,-1
273,20,1468,571,478,405,1.0,-1,-1,-1
274,20,1467,570,479,405,1.0,-1,-1,-1
275,20,1467,570,478,405,1.0,-1,-1,-1
276,20,1468,570,478,405,1.0,-1,-1,-1
277,20,1468,570,477,405,1.0,-1,-1,-1
278,20,1468,571,477,405,1.0,-1,-1,-1
279,20,1468,571,478,405,1.0,-1,-1,-1
280,20,1468,570,478,405,1.0,-1,-1,-1
281,20,1467,570,478,407,1.0,-1,-1,-1
282,20,1465,569,479,408,1.0,-1,-1,-1
283,20,1464,568,479,409,1.0,-1,-1,-1
284,20,1465,567,479,410,1.0,-1,-1,-1
285,20,1465,567,479,410,1.0,-1,-1,-1
286,20,1465,567,479,410,1.0,-1,-1,-1
287,20,1464,567,480,410,1.0,-1,-1,-1
288,20,1464,567,480,410,1.0,-1,-1,-1
289,20,1463,567,481,410,1.0,-1,-1,-1
290,20,1463,568,480,410,1.0,-1,-1,-1
291,20,1464,568,480,409,1.0,-1,-1,-1
292,20,1464,568,480,409,1.0,-1,-1,-1
293,20,1464,568,479,409,1.0,-1,-1,-1
294,20,1464,568,480,409,1.0,-1,-1,-1
295,20,1464,568,480,408,1.0,-1,-1,-1
296,20,1464,568,480,408,1.0,-1,-1,-1
297,20,1464,568,480,408,1.0,-1,-1,-1
298,20,1464,568,480,408,1.0,-1,-1,-1
299,20,1464,568,479,409,1.0,-1,-1,-1
300,20,1464,568,479,409,1.0,-1,-1,-1
301,20,1464,568,479,408,1.0,-1,-1,-1
302,20,1464,569,480,408,1.0,-1,-1,-1
303,20,1464,569,480,408,1.0,-1,-1,-1
304,20,1463,569,480,408,1.0,-1,-1,-1
305,20,1463,569,480,408,1.0,-1,-1,-1
306,20,1464,569,479,408,1.0,-1,-1,-1
307,20,1464,569,479,408,1.0,-1,-1,-1
308,20,1464,569,479,408,1.0,-1,-1,-1
309,20,1464,569,479,408,1.0,-1,-1,-1
310,20,1464,569,479,407,1.0,-1,-1,-1
311,20,1465,569,479,407,1.0,-1,-1,-1
312,20,1465,569,479,407,1.0,-1,-1,-1
313,20,1465,570,478,407,1.0,-1,-1,-1
314,20,1465,570,478,406,1.0,-1,-1,-1
315,20,1464,569,480,408,1.0,-1,-1,-1
316,20,1462,567,483,410,1.0,-1,-1,-1
317,20,1459,566,487,411,1.0,-1,-1,-1
318,20,1458,565,488,412,1.0,-1,-1,-1
319,25,0,1083,2216,836,1.0,-1,-1,-1
319,20,1457,564,489,414,1.0,-1,-1,-1
320,25,483,1096,2076,823,1.0,-1,-1,-1
320,20,1457,564,488,415,1.0,-1,-1,-1
321,20,1458,565,487,413,1.0,-1,-1,-1
322,20,1460,567,486,409,1.0,-1,-1,-1
323,20,1461,570,484,405,1.0,-1,-1,-1
324,20,1463,571,482,403,1.0,-1,-1,-1
325,20,1463,570,483,404,1.0,-1,-1,-1
326,20,1463,570,483,405,1.0,-1,-1,-1
327,20,1463,569,485,405,1.0,-1,-1,-1
328,20,1462,569,485,406,1.0,-1,-1,-1
329,20,1461,569,485,406,1.0,-1,-1,-1
330,20,1461,569,484,406,1.0,-1,-1,-1
331,20,1464,570,481,404,1.0,-1,-1,-1
332,20,1466,570,479,404,1.0,-1,-1,-1
333,20,1468,571,476,403,1.0,-1,-1,-1
334,20,1469,570,474,405,1.0,-1,-1,-1
335,20,1468,568,475,408,1.0,-1,-1,-1
336,20,1466,566,477,412,1.0,-1,-1,-1
337,20,1464,566,479,414,1.0,-1,-1,-1
338,20,1464,565,479,414,1.0,-1,-1,-1
339,20,1464,566,479,414,1.0,-1,-1,-1
340,20,1464,566,479,413,1.0,-1,-1,-1
341,20,1464,566,479,413,1.0,-1,-1,-1
342,20,1465,567,479,412,1.0,-1,-1,-1
343,20,1465,567,478,412,1.0,-1,-1,-1
344,20,1465,567,477,412,1.0,-1,-1,-1
345,20,1464,566,479,413,1.0,-1,-1,-1
346,20,1463,565,480,415,1.0,-1,-1,-1
347,20,1461,564,483,417,1.0,-1,-1,-1
348,20,1460,564,485,417,1.0,-1,-1,-1
349,20,1459,564,486,416,1.0,-1,-1,-1
350,20,1459,565,486,416,1.0,-1,-1,-1
351,20,1459,565,486,415,1.0,-1,-1,-1
352,20,1460,566,485,414,1.0,-1,-1,-1
353,20,1459,565,486,415,1.0,-1,-1,-1
354,20,1459,565,487,416,1.0,-1,-1,-1
355,20,1458,569,491,409,1.0,-1,-1,-1
356,26,1118,904,1374,524,1.0,-1,-1,-1
356,20,1460,570,491,407,1.0,-1,-1,-1
357,26,820,891,1389,515,1.0,-1,-1,-1
357,20,1461,572,488,403,1.0,-1,-1,-1
358,26,498,860,1401,524,1.0,-1,-1,-1
359,26,176,830,1413,533,1.0,-1,-1,-1
359,20,1460,566,482,411,1.0,-1,-1,-1
360,26,0,796,1309,532,1.0,-1,-1,-1
360,20,1461,565,481,413,1.0,-1,-1,-1
361,20,1463,566,479,411,1.0,-1,-1,-1
362,20,1463,567,479,410,1.0,-1,-1,-1
363,20,1463,567,479,410,1.0,-1,-1,-1
364,20,1463,567,479,410,1.0,-1,-1,-1
365,20,1462,566,481,411,1.0,-1,-1,-1
366,20,1460,566,483,412,1.0,-1,-1,-1
367,20,1459,566,485,413,1.0,-1,-1,-1
368,20,1459,565,485,413,1.0,-1,-1,-1
369,20,1459,565,485,413,1.0,-1,-1,-1
370,20,1459,566,485,412,1.0,-1,-1,-1
371,20,1459,566,485,412,1.0,-1,-1,-1
372,20,1459,567,485,411,1.0,-1,-1,-1
373,20,1460,567,485,411,1.0,-1,-1,-1
374,20,1460,567,485,411,1.0,-1,-1,-1
375,20,1460,566,484,412,1.0,-1,-1,-1
376,20,1460,565,484,413,1.0,-1,-1,-1
377,20,1460,565,483,414,1.0,-1,-1,-1
378,20,1460,565,484,413,1.0,-1,-1,-1
379,20,1460,565,484,413,1.0,-1,-1,-1
380,20,1460,565,485,414,1.0,-1,-1,-1
381,20,1459,565,490,413,1.0,-1,-1,-1
382,20,1458,568,491,409,1.0,-1,-1,-1
383,27,1146,930,1288,534,1.0,-1,-1,-1
383,20,1460,569,492,409,1.0,-1,-1,-1
384,27,778,896,1290,536,1.0,-1,-1,-1
384,20,1462,568,486,413,1.0,-1,-1,-1
385,27,411,862,1292,538,1.0,-1,-1,-1
385,20,1460,565,490,420,1.0,-1,-1,-1
386,27,44,828,1295,541,1.0,-1,-1,-1
386,20,1460,563,494,420,1.0,-1,-1,-1
387,20,1459,566,506,418,1.0,-1,-1,-1
388,20,1461,566,513,421,1.0,-1,-1,-1
389,20,1462,572,519,419,1.0,-1,-1,-1
390,20,1465,575,527,422,1.0,-1,-1,-1
391,20,1471,580,534,423,1.0,-1,-1,-1
392,20,1478,579,540,433,1.0,-1,-1,-1
393,20,1484,578,544,441,1.0,-1,-1,-1
394,20,1508,577,500,478,1.0,-1,-1,-1
395,20,1524,589,525,475,1.0,-1,-1,-1
396,20,1532,607,544,465,1.0,-1,-1,-1
397,20,1543,617,578,458,1.0,-1,-1,-1
398,20,1561,618,614,461,1.0,-1,-1,-1
399,20,1545,641,709,466,1.0,-1,-1,-1
400,20,1551,650,761,466,1.0,-1,-1,-1
401,20,1613,656,759,479,1.0,-1,-1,-1
402,20,1615,661,819,493,1.0,-1,-1,-1
403,20,1642,665,855,508,1.0,-1,-1,-1
404,20,1670,672,882,530,1.0,-1,-1,-1
