53,18,2072,412,332,132,1.0,-1,-1,-1
54,18,2034,410,322,132,1.0,-1,-1,-1
55,18,2023,407,325,133,1.0,-1,-1,-1
56,18,1975,407,335,130,1.0,-1,-1,-1
57,18,1906,392,375,139,1.0,-1,-1,-1
58,18,1909,390,357,142,1.0,-1,-1,-1
59,18,1904,387,352,146,1.0,-1,-1,-1
60,18,1878,388,351,142,1.0,-1,-1,-1
61,18,1869,388,347,142,1.0,-1,-1,-1
62,18,1862,386,340,142,1.0,-1,-1,-1
63,18,1836,385,334,143,1.0,-1,-1,-1
64,18,1828,380,327,146,1.0,-1,-1,-1
65,18,1791,378,321,142,1.0,-1,-1,-1
66,18,1780,377,325,142,1.0,-1,-1,-1
67,18,1771,375,324,143,1.0,-1,-1,-1
68,18,1756,374,321,141,1.0,-1,-1,-1
69,18,1740,373,318,139,1.0,-1,-1,-1
70,18,1725,372,315,137,1.0,-1,-1,-1
71,18,1709,372,312,135,1.0,-1,-1,-1
72,18,1694,371,309,133,1.0,-1,-1,-1
73,18,1678,370,306,131,1.0,-1,-1,-1
74,18,1663,369,303,129,1.0,-1,-1,-1
75,18,1647,368,300,127,1.0,-1,-1,-1
76,18,1640,366,305,127,1.0,-1,-1,-1
77,18,1636,366,303,126,1.0,-1,-1,-1
78,18,1596,364,317,128,1.0,-1,-1,-1
79,18,1592,363,318,130,1.0,-1,-1,-1
80,18,1583,362,324,131,1.0,-1,-1,-1
81,18,1575,361,328,132,1.0,-1,-1,-1
82,18,1557,356,294,134,1.0,-1,-1,-1
83,18,1549,356,302,136,1.0,-1,-1,-1
84,18,1540,359,310,133,1.0,-1,-1,-1
85,18,1531,361,317,130,1.0,-1,-1,-1
86,18,1525,361,324,129,1.0,-1,-1,-1
87,18,1512,359,303,128,1.0,-1,-1,-1
88,18,1506,358,311,129,1.0,-1,-1,-1
89,18,1500,357,315,131,1.0,-1,-1,-1
90,18,1495,356,314,133,1.0,-1,-1,-1
91,18,1488,357,316,132,1.0,-1,-1,-1
92,18,1479,355,325,135,1.0,-1,-1,-1
93,18,1470,354,332,137,1.0,-1,-1,-1
94,18,1465,353,335,139,1.0,-1,-1,-1
95,18,1455,353,317,141,1.0,-1,-1,-1
96,18,1451,353,317,141,1.0,-1,-1,-1
97,18,1445,354,314,140,1.0,-1,-1,-1
98,18,1440,355,312,138,1.0,-1,-1,-1
99,18,1436,356,308,137,1.0,-1,-1,-1
100,18,1431,356,310,137,1.0,-1,-1,-1
101,18,1406,355,313,139,1.0,-1,-1,-1
102,18,1396,355,319,139,1.0,-1,-1,-1
103,18,1386,357,324,137,1.0,-1,-1,-1
104,18,1382,356,319,139,1.0,-1,-1,-1
105,18,1389,357,296,137,1.0,-1,-1,-1
106,18,1379,356,269,141,1.0,-1,-1,-1
107,18,1374,358,266,140,1.0,-1,-1,-1
108,18,1368,359,269,141,1.0,-1,-1,-1
109,18,1364,359,267,143,1.0,-1,-1,-1
110,18,1366,360,258,142,1.0,-1,-1,-1
111,18,1369,361,244,142,1.0,-1,-1,-1
112,18,1372,362,233,142,1.0,-1,-1,-1
113,18,1375,363,221,143,1.0,-1,-1,-1
114,18,1351,366,222,142,1.0,-1,-1,-1
115,18,1350,367,218,141,1.0,-1,-1,-1
116,18,1353,368,209,141,1.0,-1,-1,-1
117,18,1352,368,208,143,1.0,-1,-1,-1
118,18,1350,368,207,146,1.0,-1,-1,-1
119,18,1350,370,199,148,1.0,-1,-1,-1
120,18,1350,372,193,150,1.0,-1,-1,-1
121,18,1349,373,187,152,1.0,-1,-1,-1
122,18,1350,374,182,156,1.0,-1,-1,-1
123,18,1352,376,176,157,1.0,-1,-1,-1
124,18,1353,376,171,160,1.0,-1,-1,-1
125,18,1352,383,173,153,1.0,-1,-1,-1
126,18,1352,383,173,155,1.0,-1,-1,-1
127,18,1353,384,171,156,1.0,-1,-1,-1
128,18,1355,384,170,158,1.0,-1,-1,-1
129,18,1356,383,169,162,1.0,-1,-1,-1
130,18,1358,388,168,170,1.0,-1,-1,-1
131,18,1360,390,169,169,1.0,-1,-1,-1
132,19,0,1051,1752,868,1.0,-1,-1,-1
132,18,1362,395,170,164,1.0,-1,-1,-1
133,19,178,1124,2010,795,1.0,-1,-1,-1
133,18,1362,394,175,171,1.0,-1,-1,-1
134,19,722,1072,1837,847,1.0,-1,-1,-1
134,18,1363,398,178,170,1.0,-1,-1,-1
135,18,1363,398,183,174,1.0,-1,-1,-1
136,18,1365,399,187,178,1.0,-1,-1,-1
137,18,1367,400,190,180,1.0,-1,-1,-1
138,18,1368,403,194,181,1.0,-1,-1,-1
139,18,1369,403,195,185,1.0,-1,-1,-1
140,18,1371,404,195,189,1.0,-1,-1,-1
141,18,1372,403,195,195,1.0,-1,-1,-1
142,18,1373,404,196,198,1.0,-1,-1,-1
143,18,1372,405,198,202,1.0,-1,-1,-1
144,18,1371,404,200,207,1.0,-1,-1,-1
145,18,1372,424,201,197,1.0,-1,-1,-1
146,18,1370,421,207,206,1.0,-1,-1,-1
147,18,1369,421,222,212,1.0,-1,-1,-1
148,18,1368,423,226,214,1.0,-1,-1,-1
149,18,1370,429,227,212,1.0,-1,-1,-1
150,18,1374,430,227,218,1.0,-1,-1,-1
151,18,1378,432,225,224,1.0,-1,-1,-1
152,18,1380,432,226,230,1.0,-1,-1,-1
153,18,1381,436,229,230,1.0,-1,-1,-1
154,18,1381,437,232,231,1.0,-1,-1,-1
155,18,1382,438,236,236,1.0,-1,-1,-1
156,18,1384,457,241,232,1.0,-1,-1,-1
157,18,1386,458,242,236,1.0,-1,-1,-1
158,18,1389,460,245,238,1.0,-1,-1,-1
159,18,1391,459,246,244,1.0,-1,-1,-1
160,18,1394,459,247,251,1.0,-1,-1,-1
161,18,1395,459,248,258,1.0,-1,-1,-1
162,22,800,731,1759,813,1.0,-1,-1,-1
162,18,1394,464,252,255,1.0,-1,-1,-1
163,22,439,724,1846,813,1.0,-1,-1,-1
163,18,1378,464,282,276,1.0,-1,-1,-1
164,22,79,718,1912,813,1.0,-1,-1,-1
164,18,1381,468,281,277,1.0,-1,-1,-1
165,18,1384,471,286,278,1.0,-1,-1,-1
166,18,1387,475,291,279,1.0,-1,-1,-1
167,18,1390,478,299,280,1.0,-1,-1,-1
168,18,1391,480,305,284,1.0,-1,-1,-1
169,18,1392,482,314,288,1.0,-1,-1,-1
170,18,1393,487,320,291,1.0,-1,-1,-1
171,18,1395,490,325,296,1.0,-1,-1,-1
172,18,1395,492,329,303,1.0,-1,-1,-1
173,18,1395,493,335,309,1.0,-1,-1,-1
174,18,1395,493,341,316,1.0,-1,-1,-1
175,18,1395,493,346,323,1.0,-1,-1,-1
176,18,1416,488,333,336,1.0,-1,-1,-1
177,18,1415,485,339,345,1.0,-1,-1,-1
178,18,1413,482,349,354,1.0,-1,-1,-1
179,18,1413,504,362,343,1.0,-1,-1,-1
180,18,1411,506,374,344,1.0,-1,-1,-1
181,18,1414,510,377,343,1.0,-1,-1,-1
182,18,1417,515,383,341,1.0,-1,-1,-1
183,18,1422,521,383,339,1.0,-1,-1,-1
184,18,1422,524,392,343,1.0,-1,-1,-1
185,18,1422,524,401,352,1.0,-1,-1,-1
186,18,1424,521,408,363,1.0,-1,-1,-1
187,18,1429,522,411,370,1.0,-1,-1,-1
188,18,1434,523,412,376,1.0,-1,-1,-1
189,18,1439,527,416,381,1.0,-1,-1,-1
190,23,708,1099,1569,806,1.0,-1,-1,-1
190,18,1443,529,420,387,1.0,-1,-1,-1
191,23,568,1070,1460,822,1.0,-1,-1,-1
191,18,1445,533,426,390,1.0,-1,-1,-1
192,23,498,1020,1527,770,1.0,-1,-1,-1
192,18,1446,535,432,396,1.0,-1,-1,-1
193,23,314,997,1500,737,1.0,-1,-1,-1
193,18,1445,540,440,399,1.0,-1,-1,-1
194,23,167,960,1426,729,1.0,-1,-1,-1
194,18,1444,543,446,404,1.0,-1,-1,-1
195,23,38,938,1319,721,1.0,-1,-1,-1
195,18,1452,546,455,407,1.0,-1,-1,-1
196,18,1453,545,453,415,1.0,-1,-1,-1
197,18,1455,544,451,420,1.0,-1,-1,-1
198,18,1456,541,452,427,1.0,-1,-1,-1
199,18,1456,541,455,428,1.0,-1,-1,-1
200,18,1455,541,459,430,1.0,-1,-1,-1
201,18,1456,567,469,406,1.0,-1,-1,-1
202,18,1454,565,474,410,1.0,-1,-1,-1
203,18,1451,563,480,414,1.0,-1,-1,-1
204,18,1452,561,482,418,1.0,-1,-1,-1
205,18,1455,564,482,415,1.0,-1,-1,-1
206,18,1459,566,481,413,1.0,-1,-1,-1
207,18,1459,564,481,415,1.0,-1,-1,-1
208,18,1460,562,481,419,1.0,-1,-1,-1
209,18,1461,562,480,419,1.0,-1,-1,-1
210,18,1462,563,480,418,1.0,-1,-1,-1
211,18,1462,565,481,415,1.0,-1,-1,-1
212,18,1461,565,483,414,1.0,-1,-1,-1
213,18,1461,565,482,412,1.0,-1,-1,-1
214,18,1461,565,481,412,1.0,-1,-1,-1
215,18,1461,566,481,412,1.0,-1,-1,-1
216,18,1461,566,481,411,1.0,-1,-1,-1
217,18,1461,566,481,411,1.0,-1,-1,-1
218,18,1460,566,482,411,1.0,-1,-1,-1
219,18,1460,566,483,411,1.0,-1,-1,-1
220,18,1460,566,484,411,1.0,-1,-1,-1
221,18,1460,566,485,411,1.0,-1,-1,-1
222,18,1459,566,486,411,1.0,-1,-1,-1
223,18,1459,566,486,412,1.0,-1,-1,-1
224,18,1459,565,485,412,1.0,-1,-1,-1
225,18,1459,565,485,412,1.0,-1,-1,-1
226,18,1459,566,486,412,1.0,-1,-1,-1
227,18,1459,565,486,412,1.0,-1,-1,-1
228,18,1459,565,486,413,1.0,-1,-1,-1
229,18,1460,565,484,413,1.0,-1,-1,-1
230,18,1462,565,483,413,1.0,-1,-1,-1
231,18,1464,566,481,412,1.0,-1,-1,-1
232,18,1464,566,481,412,1.0,-1,-1,-1
233,18,1464,566,481,412,1.0,-1,-1,-1
234,18,1465,566,481,411,1.0,-1,-1,-1
235,18,1465,566,481,411,1.0,-1,-1,-1
236,18,1464,566,481,411,1.0,-1,-1,-1
237,18,1464,566,481,412,1.0,-1,-1,-1
238,18,1464,566,481,412,1.0,-1,-1,-1
239,18,1462,567,482,411,1.0,-1,-1,-1
240,18,1461,567,483,410,1.0,-1,-1,-1
241,18,1460,568,483,409,1.0,-1,-1,-1
242,18,1460,568,484,408,1.0,-1,-1,-1
243,18,1460,568,484,408,1.0,-1,-1,-1
244,18,1460,568,484,408,1.0,-1,-1,-1
245,18,1460,568,484,409,1.0,-1,-1,-1
246,18,1460,567,484,409,1.0,-1,-1,-1
247,18,1459,567,485,410,1.0,-1,-1,-1
248,18,1459,567,485,409,1.0,-1,-1,-1
249,18,1459,567,486,409,1.0,-1,-1,-1
250,18,1459,568,486,408,1.0,-1,-1,-1
251,18,1458,568,487,408,1.0,-1,-1,-1
252,18,1458,568,486,408,1.0,-1,-1,-1
253,18,1458,568,486,408,1.0,-1,-1,-1
254,18,1458,568,486,408,1.0,-1,-1,-1
255,18,1458,568,486,408,1.0,-1,-1,-1
256,18,1459,568,485,408,1.0,-1,-1,-1
257,18,1459,569,485,407,1.0,-1,-1,-1
258,18,1459,569,485,407,1.0,-1,-1,-1
259,18,1459,569,485,406,1.0,-1,-1,-1
260,18,1459,569,485,406,1.0,-1,-1,-1
261,18,1460,569,484,406,1.0,-1,-1,-1
262,18,1461,567,483,409,1.0,-1,-1,-1
263,18,1461,569,481,407,1.0,-1,-1,-1
264,24,1394,863,1165,591,1.0,-1,-1,-1
264,18,1470,551,459,399,1.0,-1,-1,-1
265,24,1070,836,1267,598,1.0,-1,-1,-1
266,24,746,809,1349,606,1.0,-1,-1,-1
267,24,419,780,1352,607,1.0,-1,-1,-1
268,24,92,751,1355,608,1.0,-1,-1,-1
268,18,1468,568,479,411,1.0,-1,-1,-1
269,18,1467,567,477,411,1.0,-1,-1,-1
270,18,1466,567,478,411,1.0,-1,-1,-1
271,18,1467,569,478,408,1.0,-1,-1,-1
272,18,1467,570,478,407,1.0,-1,-1,-1
273,18,1468,571,478,405,1.0,-1,-1,-1
274,18,1467,570,479,405,1.0,-1,-1,-1
275,18,1467,570,478,405,1.0,-1,-1,-1
276,18,1468,570,478,405,1.0,-1,-1,-1
277,18,1468,570,477,405,1.0,-1,-1,-1
278,18,1468,571,477,405,1.0,-1,-1,-1
279,18,1468,571,478,405,1.0,-1,-1,-1
280,18,1468,570,478,405,1.0,-1,-1,-1
281,18,1467,570,478,407,1.0,-1,-1,-1
282,18,1465,569,479,408,1.0,-1,-1,-1
283,18,1464,568,479,409,1.0,-1,-1,-1
284,18,1465,567,479,410,1.0,-1,-1,-1
285,18,1465,567,479,410,1.0,-1,-1,-1
286,18,1465,567,479,410,1.0,-1,-1,-1
287,18,1464,567,480,410,1.0,-1,-1,-1
288,18,1464,567,480,410,1.0,-1,-1,-1
289,18,1463,567,481,410,1.0,-1,-1,-1
290,18,1463,568,480,410,1.0,-1,-1,-1
291,18,1464,568,480,409,1.0,-1,-1,-1
292,18,1464,568,480,409,1.0,-1,-1,-1
293,18,1464,568,479,409,1.0,-1,-1,-1
294,18,1464,568,480,409,1.0,-1,-1,-1
295,18,1464,568,480,408,1.0,-1,-1,-1
296,18,1464,568,480,408,1.0,-1,-1,-1
297,18,1464,568,480,408,1.0,-1,-1,-1
298,18,1464,568,480,408,1.0,-1,-1,-1
299,18,1464,568,479,409,1.0,-1,-1,-1
300,18,1464,568,479,409,1.0,-1,-1,-1
301,18,1464,568,479,408,1.0,-1,-1,-1
302,18,1464,569,480,408,1.0,-1,-1,-1
303,18,1464,569,480,408,1.0,-1,-1,-1
304,18,1463,569,480,408,1.0,-1,-1,-1
305,18,1463,569,480,408,1.0,-1,-1,-1
306,18,1464,569,479,408,1.0,-1,-1,-1
307,18,1464,569,479,408,1.0,-1,-1,-1
308,18,1464,569,479,408,1.0,-1,-1,-1
309,18,1464,569,479,408,1.0,-1,-1,-1
310,18,1464,569,479,407,1.0,-1,-1,-1
311,18,1465,569,479,407,1.0,-1,-1,-1
312,18,1465,569,479,407,1.0,-1,-1,-1
313,18,1465,570,478,407,1.0,-1,-1,-1
314,18,1465,570,478,406,1.0,-1,-1,-1
315,18,1464,569,480,408,1.0,-1,-1,-1
316,18,1462,567,483,410,1.0,-1,-1,-1
317,18,1459,566,487,411,1.0,-1,-1,-1
318,18,1458,565,488,412,1.0,-1,-1,-1
319,25,0,1083,2216,836,1.0,-1,-1,-1
319,18,1457,564,489,414,1.0,-1,-1,-1
320,25,483,1096,2076,823,1.0,-1,-1,-1
320,18,1457,564,488,415,1.0,-1,-1,-1
321,18,1458,565,487,413,1.0,-1,-1,-1
322,18,1460,567,486,409,1.0,-1,-1,-1
323,18,1461,570,484,405,1.0,-1,-1,-1
324,18,1463,571,482,403,1.0,-1,-1,-1
325,18,1463,570,483,404,1.0,-1,-1,-1
326,18,1463,570,483,405,1.0,-1,-1,-1
327,18,1463,569,485,405,1.0,-1,-1,-1
328,18,1462,569,485,406,1.0,-1,-1,-1
329,18,1461,569,485,406,1.0,-1,-1,-1
330,18,1461,569,484,406,1.0,-1,-1,-1
331,18,1464,570,481,404,1.0,-1,-1,-1
332,18,1466,570,479,404,1.0,-1,-1,-1
333,18,1468,571,476,403,1.0,-1,-1,-1
334,18,1469,570,474,405,1.0,-1,-1,-1
335,18,1468,568,475,408,1.0,-1,-1,-1
336,18,1466,566,477,412,1.0,-1,-1,-1
337,18,1464,566,479,414,1.0,-1,-1,-1
338,18,1464,565,479,414,1.0,-1,-1,-1
339,18,1464,566,479,414,1.0,-1,-1,-1
340,18,1464,566,479,413,1.0,-1,-1,-1
341,18,1464,566,479,413,1.0,-1,-1,-1
342,18,1465,567,479,412,1.0,-1,-1,-1
343,18,1465,567,478,412,1.0,-1,-1,-1
344,18,1465,567,477,412,1.0,-1,-1,-1
345,18,1464,566,479,413,1.0,-1,-1,-1
346,18,1463,565,480,415,1.0,-1,-1,-1
347,18,1461,564,483,417,1.0,-1,-1,-1
348,18,1460,564,485,417,1.0,-1,-1,-1
349,18,1459,564,486,416,1.0,-1,-1,-1
350,18,1459,565,486,416,1.0,-1,-1,-1
351,18,1459,565,486,415,1.0,-1,-1,-1
352,18,1460,566,485,414,1.0,-1,-1,-1
353,18,1459,565,486,415,1.0,-1,-1,-1
354,18,1459,565,487,416,1.0,-1,-1,-1
355,18,1458,569,491,409,1.0,-1,-1,-1
356,26,1118,904,1374,524,1.0,-1,-1,-1
356,18,1460,570,491,407,1.0,-1,-1,-1
357,26,820,891,1389,515,1.0,-1,-1,-1
357,18,1461,572,488,403,1.0,-1,-1,-1
358,26,498,860,1401,524,1.0,-1,-1,-1
359,26,176,830,1413,533,1.0,-1,-1,-1
359,18,1460,566,482,411,1.0,-1,-1,-1
360,26,0,796,1309,532,1.0,-1,-1,-1
360,18,1461,565,481,413,1.0,-1,-1,-1
361,18,1463,566,479,411,1.0,-1,-1,-1
362,18,1463,567,479,410,1.0,-1,-1,-1
363,18,1463,567,479,410,1.0,-1,-1,-1
364,18,1463,567,479,410,1.0,-1,-1,-1
365,18,1462,566,481,411,1.0,-1,-1,-1
366,18,1460,566,483,412,1.0,-1,-1,-1
367,18,1459,566,485,413,1.0,-1,-1,-1
368,18,1459,565,485,413,1.0,-1,-1,-1
369,18,1459,565,485,413,1.0,-1,-1,-1
370,18,1459,566,485,412,1.0,-1,-1,-1
371,18,1459,566,485,412,1.0,-1,-1,-1
372,18,1459,567,485,411,1.0,-1,-1,-1
373,18,1460,567,485,411,1.0,-1,-1,-1
374,18,1460,567,485,411,1.0,-1,-1,-1
375,18,1460,566,484,412,1.0,-1,-1,-1
376,18,1460,565,484,413,1.0,-1,-1,-1
377,18,1460,565,483,414,1.0,-1,-1,-1
378,18,1460,565,484,413,1.0,-1,-1,-1
379,18,1460,565,484,413,1.0,-1,-1,-1
380,18,1460,565,485,414,1.0,-1,-1,-1
381,18,1459,565,490,413,1.0,-1,-1,-1
382,18,1458,568,491,409,1.0,-1,-1,-1
383,27,1146,930,1288,534,1.0,-1,-1,-1
383,18,1460,569,492,409,1.0,-1,-1,-1
384,27,778,896,1290,536,1.0,-1,-1,-1
384,18,1462,568,486,413,1.0,-1,-1,-1
385,27,411,862,1292,538,1.0,-1,-1,-1
385,18,1460,565,490,420,1.0,-1,-1,-1
386,27,44,828,1295,541,1.0,-1,-1,-1
386,18,1460,563,494,420,1.0,-1,-1,-1
387,18,1459,566,506,418,1.0,-1,-1,-1
388,18,1461,566,513,421,1.0,-1,-1,-1
389,18,1462,572,519,419,1.0,-1,-1,-1
390,18,1465,575,527,422,1.0,-1,-1,-1
391,18,1471,580,534,423,1.0,-1,-1,-1
392,18,1478,579,540,433,1.0,-1,-1,-1
393,18,1484,578,544,441,1.0,-1,-1,-1
394,18,1508,577,500,478,1.0,-1,-1,-1
395,18,1524,589,525,475,1.0,-1,-1,-1
396,18,1532,607,544,465,1.0,-1,-1,-1
397,18,1543,617,578,458,1.0,-1,-1,-1
398,18,1561,618,614,461,1.0,-1,-1,-1
399,18,1545,641,709,466,1.0,-1,-1,-1
400,18,1551,650,761,466,1.0,-1,-1,-1
401,18,1613,656,759,479,1.0,-1,-1,-1
402,18,1615,661,819,493,1.0,-1,-1,-1
403,18,1642,665,855,508,1.0,-1,-1,-1
404,18,1670,672,882,530,1.0,-1,-1,-1
