1,41,0,1350,1079,569,1.0,-1,-1,-1
2,41,353,1339,1116,579,1.0,-1,-1,-1
3,41,725,1329,1154,590,1.0,-1,-1,-1
4,41,1131,1295,1206,624,1.0,-1,-1,-1
5,41,1506,1241,1053,678,1.0,-1,-1,-1
80,58,8,1373,1700,546,1.0,-1,-1,-1
81,58,480,1348,1663,571,1.0,-1,-1,-1
82,58,953,1323,1606,596,1.0,-1,-1,-1
134,59,85,1265,2034,654,1.0,-1,-1,-1
135,59,601,1234,1958,685,1.0,-1,-1,-1
239,60,932,690,1612,681,1.0,-1,-1,-1
240,60,527,733,1643,655,1.0,-1,-1,-1
241,60,122,776,1675,630,1.0,-1,-1,-1
242,61,141,1325,1669,594,1.0,-1,-1,-1
243,61,640,1327,1615,592,1.0,-1,-1,-1
244,61,1042,1262,1517,657,1.0,-1,-1,-1
336,62,1357,792,1172,521,1.0,-1,-1,-1
337,62,1081,795,1163,536,1.0,-1,-1,-1
338,62,806,798,1154,551,1.0,-1,-1,-1
339,62,530,802,1145,566,1.0,-1,-1,-1
340,62,255,805,1136,581,1.0,-1,-1,-1
341,62,0,809,1128,597,1.0,-1,-1,-1
373,63,1238,742,1310,632,1.0,-1,-1,-1
374,63,923,739,1300,646,1.0,-1,-1,-1
375,63,609,736,1290,660,1.0,-1,-1,-1
376,63,294,733,1280,674,1.0,-1,-1,-1
377,63,0,731,1270,688,1.0,-1,-1,-1
474,64,1349,805,1210,523,1.0,-1,-1,-1
475,64,1019,810,1274,536,1.0,-1,-1,-1
476,64,690,815,1317,549,1.0,-1,-1,-1
477,64,360,820,1360,562,1.0,-1,-1,-1
478,64,31,826,1403,576,1.0,-1,-1,-1
496,65,1547,802,1012,526,1.0,-1,-1,-1
497,65,1247,804,1100,527,1.0,-1,-1,-1
498,65,947,807,1167,528,1.0,-1,-1,-1
499,65,625,814,1196,536,1.0,-1,-1,-1
500,65,303,822,1225,544,1.0,-1,-1,-1
501,65,0,830,1255,552,1.0,-1,-1,-1
