0,100,820,258,221,146,1.0,-1,-1,-1
0,161,1081,421,369,256,1.0,-1,-1,-1
0,102,824,357,217,160,1.0,-1,-1,-1
1,161,1078,424,391,260,1.0,-1,-1,-1
1,102,827,358,228,166,1.0,-1,-1,-1
2,100,822,267,232,143,1.0,-1,-1,-1
2,161,1084,426,391,260,1.0,-1,-1,-1
2,102,837,361,222,164,1.0,-1,-1,-1
3,100,823,268,233,141,1.0,-1,-1,-1
3,161,1092,427,390,260,1.0,-1,-1,-1
3,102,843,362,218,164,1.0,-1,-1,-1
4,100,825,268,234,141,1.0,-1,-1,-1
4,161,1099,431,392,258,1.0,-1,-1,-1
4,102,847,359,238,178,1.0,-1,-1,-1
5,100,829,268,233,141,1.0,-1,-1,-1
5,161,1105,432,396,259,1.0,-1,-1,-1
5,102,852,361,239,180,1.0,-1,-1,-1
6,100,832,267,233,142,1.0,-1,-1,-1
6,161,1112,433,398,261,1.0,-1,-1,-1
6,102,858,361,241,183,1.0,-1,-1,-1
7,100,833,268,235,143,1.0,-1,-1,-1
7,161,1117,433,399,264,1.0,-1,-1,-1
7,102,864,364,240,184,1.0,-1,-1,-1
8,100,833,268,238,143,1.0,-1,-1,-1
8,161,1120,433,401,266,1.0,-1,-1,-1
8,102,872,365,230,182,1.0,-1,-1,-1
9,154,400,155,108,87,1.0,-1,-1,-1
9,100,837,268,259,152,1.0,-1,-1,-1
9,161,1121,433,406,269,1.0,-1,-1,-1
9,102,877,366,251,186,1.0,-1,-1,-1
10,154,399,154,108,92,1.0,-1,-1,-1
10,100,837,267,261,155,1.0,-1,-1,-1
10,161,1138,434,402,268,1.0,-1,-1,-1
10,102,879,368,256,183,1.0,-1,-1,-1
11,154,402,151,103,92,1.0,-1,-1,-1
11,100,842,267,256,155,1.0,-1,-1,-1
11,161,1139,435,405,269,1.0,-1,-1,-1
11,102,884,370,254,180,1.0,-1,-1,-1
12,154,406,167,114,95,1.0,-1,-1,-1
12,100,844,268,256,154,1.0,-1,-1,-1
12,161,1142,439,407,266,1.0,-1,-1,-1
12,102,897,379,249,181,1.0,-1,-1,-1
13,154,410,170,119,95,1.0,-1,-1,-1
13,100,846,270,258,152,1.0,-1,-1,-1
13,161,1148,440,405,267,1.0,-1,-1,-1
13,102,900,378,250,184,1.0,-1,-1,-1
14,154,412,172,122,95,1.0,-1,-1,-1
14,100,848,270,261,153,1.0,-1,-1,-1
14,161,1154,442,406,268,1.0,-1,-1,-1
14,102,905,377,247,187,1.0,-1,-1,-1
15,154,425,176,117,90,1.0,-1,-1,-1
15,100,854,270,258,156,1.0,-1,-1,-1
15,161,1160,442,409,272,1.0,-1,-1,-1
15,102,917,375,245,193,1.0,-1,-1,-1
16,154,428,177,118,90,1.0,-1,-1,-1
16,199,263,115,102,91,1.0,-1,-1,-1
16,100,859,270,254,156,1.0,-1,-1,-1
16,161,1163,443,416,275,1.0,-1,-1,-1
16,102,919,377,247,191,1.0,-1,-1,-1
17,154,434,179,118,88,1.0,-1,-1,-1
17,199,266,114,102,93,1.0,-1,-1,-1
17,100,863,271,251,156,1.0,-1,-1,-1
17,161,1168,442,423,279,1.0,-1,-1,-1
17,102,922,381,250,188,1.0,-1,-1,-1
18,154,439,180,119,90,1.0,-1,-1,-1
18,199,269,113,101,95,1.0,-1,-1,-1
18,100,870,272,265,159,1.0,-1,-1,-1
18,161,1170,443,431,281,1.0,-1,-1,-1
18,102,914,388,268,178,1.0,-1,-1,-1
19,154,445,182,117,90,1.0,-1,-1,-1
19,199,271,112,100,96,1.0,-1,-1,-1
19,100,869,273,267,158,1.0,-1,-1,-1
19,161,1173,443,434,282,1.0,-1,-1,-1
19,102,917,387,268,180,1.0,-1,-1,-1
20,154,451,184,114,92,1.0,-1,-1,-1
20,199,273,113,101,94,1.0,-1,-1,-1
20,100,879,287,256,147,1.0,-1,-1,-1
20,161,1177,444,434,283,1.0,-1,-1,-1
20,102,922,386,268,181,1.0,-1,-1,-1
21,200,353,189,121,102,1.0,-1,-1,-1
21,154,460,186,121,93,1.0,-1,-1,-1
21,199,275,114,102,94,1.0,-1,-1,-1
21,201,1128,302,227,131,1.0,-1,-1,-1
21,100,879,288,259,145,1.0,-1,-1,-1
21,161,1184,446,425,281,1.0,-1,-1,-1
21,102,925,386,271,183,1.0,-1,-1,-1
22,200,347,194,132,107,1.0,-1,-1,-1
22,154,464,187,122,96,1.0,-1,-1,-1
22,199,276,115,101,92,1.0,-1,-1,-1
22,201,1117,299,233,132,1.0,-1,-1,-1
22,100,881,290,260,142,1.0,-1,-1,-1
22,161,1192,452,438,277,1.0,-1,-1,-1
22,102,928,386,277,183,1.0,-1,-1,-1
23,200,350,196,132,107,1.0,-1,-1,-1
23,154,468,188,126,97,1.0,-1,-1,-1
23,199,284,115,107,92,1.0,-1,-1,-1
23,201,1089,295,229,131,1.0,-1,-1,-1
23,100,884,291,261,141,1.0,-1,-1,-1
23,161,1194,455,441,279,1.0,-1,-1,-1
23,102,930,389,284,180,1.0,-1,-1,-1
24,200,351,192,136,116,1.0,-1,-1,-1
24,154,475,190,126,97,1.0,-1,-1,-1
24,199,285,116,109,91,1.0,-1,-1,-1
24,100,888,290,260,143,1.0,-1,-1,-1
24,161,1199,458,445,277,1.0,-1,-1,-1
24,102,934,389,284,182,1.0,-1,-1,-1
25,200,354,193,138,116,1.0,-1,-1,-1
25,154,480,190,128,100,1.0,-1,-1,-1
25,199,289,117,108,90,1.0,-1,-1,-1
25,100,894,291,259,143,1.0,-1,-1,-1
25,161,1206,459,448,280,1.0,-1,-1,-1
25,102,939,392,282,180,1.0,-1,-1,-1
26,200,358,194,138,115,1.0,-1,-1,-1
26,154,488,190,121,99,1.0,-1,-1,-1
26,199,295,119,107,87,1.0,-1,-1,-1
26,100,900,291,252,143,1.0,-1,-1,-1
26,161,1214,459,452,283,1.0,-1,-1,-1
26,102,946,394,279,180,1.0,-1,-1,-1
27,200,362,195,137,113,1.0,-1,-1,-1
27,154,492,191,132,99,1.0,-1,-1,-1
27,100,914,299,260,137,1.0,-1,-1,-1
27,161,1223,477,458,281,1.0,-1,-1,-1
27,102,952,398,279,178,1.0,-1,-1,-1
28,200,367,195,135,114,1.0,-1,-1,-1
28,154,498,192,130,98,1.0,-1,-1,-1
28,199,299,136,112,86,1.0,-1,-1,-1
28,100,912,294,262,143,1.0,-1,-1,-1
28,161,1229,475,463,286,1.0,-1,-1,-1
28,102,958,398,277,182,1.0,-1,-1,-1
29,200,366,196,140,119,1.0,-1,-1,-1
29,154,503,196,131,104,1.0,-1,-1,-1
29,199,301,133,114,90,1.0,-1,-1,-1
29,202,1251,276,255,145,1.0,-1,-1,-1
29,100,912,289,262,150,1.0,-1,-1,-1
29,161,1235,475,463,288,1.0,-1,-1,-1
29,102,961,399,279,184,1.0,-1,-1,-1
30,200,380,200,139,115,1.0,-1,-1,-1
30,154,512,197,129,105,1.0,-1,-1,-1
30,199,302,130,117,96,1.0,-1,-1,-1
30,202,1221,272,248,141,1.0,-1,-1,-1
30,100,915,286,260,156,1.0,-1,-1,-1
30,161,1261,480,462,286,1.0,-1,-1,-1
30,102,963,398,279,187,1.0,-1,-1,-1
31,200,385,202,139,114,1.0,-1,-1,-1
31,154,518,199,128,105,1.0,-1,-1,-1
31,199,303,129,121,99,1.0,-1,-1,-1
31,202,1199,268,233,138,1.0,-1,-1,-1
31,100,918,287,260,157,1.0,-1,-1,-1
31,161,1269,482,459,284,1.0,-1,-1,-1
31,102,969,402,285,192,1.0,-1,-1,-1
32,200,391,204,138,113,1.0,-1,-1,-1
32,154,523,201,147,102,1.0,-1,-1,-1
32,199,305,135,117,93,1.0,-1,-1,-1
32,202,1198,263,220,139,1.0,-1,-1,-1
32,100,919,291,260,153,1.0,-1,-1,-1
32,161,1277,483,461,285,1.0,-1,-1,-1
32,102,970,400,289,194,1.0,-1,-1,-1
33,200,398,206,136,112,1.0,-1,-1,-1
33,154,522,202,159,101,1.0,-1,-1,-1
33,202,1161,260,220,138,1.0,-1,-1,-1
33,100,923,295,258,148,1.0,-1,-1,-1
33,161,1282,484,466,287,1.0,-1,-1,-1
33,102,972,397,290,200,1.0,-1,-1,-1
34,200,397,206,142,119,1.0,-1,-1,-1
34,154,528,204,157,99,1.0,-1,-1,-1
34,202,1129,258,220,138,1.0,-1,-1,-1
34,100,929,296,253,147,1.0,-1,-1,-1
34,161,1289,483,473,294,1.0,-1,-1,-1
34,102,975,398,290,201,1.0,-1,-1,-1
35,200,401,206,143,122,1.0,-1,-1,-1
35,154,537,206,150,100,1.0,-1,-1,-1
35,202,1129,258,201,133,1.0,-1,-1,-1
35,100,936,296,250,149,1.0,-1,-1,-1
35,161,1293,481,481,303,1.0,-1,-1,-1
35,102,978,399,289,202,1.0,-1,-1,-1
36,200,401,206,147,125,1.0,-1,-1,-1
36,154,546,207,142,98,1.0,-1,-1,-1
36,100,938,296,250,151,1.0,-1,-1,-1
36,161,1292,482,498,306,1.0,-1,-1,-1
36,102,981,402,290,199,1.0,-1,-1,-1
37,200,413,210,144,120,1.0,-1,-1,-1
37,154,554,209,134,99,1.0,-1,-1,-1
37,199,335,141,103,91,1.0,-1,-1,-1
37,201,838,239,186,117,1.0,-1,-1,-1
37,100,937,295,254,153,1.0,-1,-1,-1
37,161,1323,488,477,300,1.0,-1,-1,-1
37,102,987,402,289,201,1.0,-1,-1,-1
38,200,414,212,146,122,1.0,-1,-1,-1
38,154,578,216,115,99,1.0,-1,-1,-1
38,199,335,141,110,91,1.0,-1,-1,-1
38,201,818,237,180,110,1.0,-1,-1,-1
38,100,940,298,273,158,1.0,-1,-1,-1
38,161,1331,491,474,300,1.0,-1,-1,-1
38,102,991,404,291,200,1.0,-1,-1,-1
39,200,417,212,147,125,1.0,-1,-1,-1
39,154,580,216,127,102,1.0,-1,-1,-1
39,199,334,138,118,94,1.0,-1,-1,-1
39,201,807,234,181,110,1.0,-1,-1,-1
39,100,942,299,271,157,1.0,-1,-1,-1
39,161,1341,493,474,301,1.0,-1,-1,-1
39,102,994,407,296,199,1.0,-1,-1,-1
40,200,419,211,150,130,1.0,-1,-1,-1
40,154,585,216,131,105,1.0,-1,-1,-1
40,199,335,136,123,97,1.0,-1,-1,-1
40,201,789,233,176,107,1.0,-1,-1,-1
40,100,945,299,270,158,1.0,-1,-1,-1
40,161,1349,495,477,303,1.0,-1,-1,-1
40,102,996,408,300,198,1.0,-1,-1,-1
41,200,425,211,150,132,1.0,-1,-1,-1
41,154,582,217,155,104,1.0,-1,-1,-1
41,199,336,132,127,104,1.0,-1,-1,-1
41,201,781,233,171,105,1.0,-1,-1,-1
41,202,994,236,198,106,1.0,-1,-1,-1
41,100,950,300,270,157,1.0,-1,-1,-1
41,161,1362,491,478,337,1.0,-1,-1,-1
41,102,1002,410,299,199,1.0,-1,-1,-1
42,200,436,217,145,135,1.0,-1,-1,-1
42,154,599,219,141,105,1.0,-1,-1,-1
42,199,338,135,126,102,1.0,-1,-1,-1
42,201,774,225,166,107,1.0,-1,-1,-1
42,202,965,233,190,110,1.0,-1,-1,-1
42,100,956,300,269,156,1.0,-1,-1,-1
42,161,1367,490,483,338,1.0,-1,-1,-1
42,102,1010,410,297,201,1.0,-1,-1,-1
43,200,441,217,144,136,1.0,-1,-1,-1
43,154,602,222,142,105,1.0,-1,-1,-1
43,199,350,137,121,103,1.0,-1,-1,-1
43,201,761,227,157,101,1.0,-1,-1,-1
43,202,959,228,185,112,1.0,-1,-1,-1
43,203,1660,369,258,146,1.0,-1,-1,-1
43,100,961,300,267,155,1.0,-1,-1,-1
43,161,1372,488,486,339,1.0,-1,-1,-1
43,102,1018,413,293,200,1.0,-1,-1,-1
44,200,452,222,142,133,1.0,-1,-1,-1
44,154,607,222,146,108,1.0,-1,-1,-1
44,199,351,138,121,103,1.0,-1,-1,-1
44,201,753,227,150,98,1.0,-1,-1,-1
44,202,951,228,185,113,1.0,-1,-1,-1
44,100,962,300,266,156,1.0,-1,-1,-1
44,161,1385,493,495,328,1.0,-1,-1,-1
44,102,1023,416,293,198,1.0,-1,-1,-1
45,200,456,223,143,135,1.0,-1,-1,-1
45,154,611,221,151,111,1.0,-1,-1,-1
45,199,354,136,120,105,1.0,-1,-1,-1
45,201,744,224,150,98,1.0,-1,-1,-1
45,202,927,218,180,118,1.0,-1,-1,-1
45,100,965,300,264,156,1.0,-1,-1,-1
45,161,1387,497,502,324,1.0,-1,-1,-1
45,102,1026,420,294,195,1.0,-1,-1,-1
46,200,459,224,146,135,1.0,-1,-1,-1
46,154,614,219,157,117,1.0,-1,-1,-1
46,199,355,125,122,123,1.0,-1,-1,-1
46,201,725,219,155,102,1.0,-1,-1,-1
46,202,917,217,179,120,1.0,-1,-1,-1
46,100,965,300,264,157,1.0,-1,-1,-1
46,161,1391,499,510,327,1.0,-1,-1,-1
46,102,1028,422,294,196,1.0,-1,-1,-1
47,200,464,227,149,134,1.0,-1,-1,-1
47,154,651,225,129,120,1.0,-1,-1,-1
47,199,356,127,123,122,1.0,-1,-1,-1
47,202,895,216,178,118,1.0,-1,-1,-1
47,100,967,301,261,157,1.0,-1,-1,-1
47,161,1397,504,516,330,1.0,-1,-1,-1
47,102,1041,421,288,197,1.0,-1,-1,-1
48,200,469,230,148,133,1.0,-1,-1,-1
48,154,652,228,134,120,1.0,-1,-1,-1
48,199,359,132,125,118,1.0,-1,-1,-1
48,202,887,215,173,117,1.0,-1,-1,-1
48,100,966,301,263,160,1.0,-1,-1,-1
48,161,1408,505,510,338,1.0,-1,-1,-1
48,102,1038,420,299,202,1.0,-1,-1,-1
49,200,473,231,147,134,1.0,-1,-1,-1
49,154,651,229,146,124,1.0,-1,-1,-1
49,199,364,137,125,115,1.0,-1,-1,-1
49,202,865,211,172,115,1.0,-1,-1,-1
49,100,966,303,264,161,1.0,-1,-1,-1
49,161,1423,505,495,350,1.0,-1,-1,-1
49,102,1037,421,309,203,1.0,-1,-1,-1
50,200,475,232,148,137,1.0,-1,-1,-1
50,154,655,233,147,119,1.0,-1,-1,-1
50,199,369,141,126,113,1.0,-1,-1,-1
50,202,858,208,165,114,1.0,-1,-1,-1
50,100,968,303,262,161,1.0,-1,-1,-1
50,161,1442,503,476,363,1.0,-1,-1,-1
50,102,1041,422,309,207,1.0,-1,-1,-1
51,200,483,235,157,140,1.0,-1,-1,-1
51,154,656,234,154,119,1.0,-1,-1,-1
51,199,373,143,127,112,1.0,-1,-1,-1
51,202,848,201,165,118,1.0,-1,-1,-1
51,100,969,304,261,161,1.0,-1,-1,-1
51,161,1455,503,463,374,1.0,-1,-1,-1
51,102,1048,422,308,208,1.0,-1,-1,-1
52,200,486,237,161,143,1.0,-1,-1,-1
52,154,666,237,154,113,1.0,-1,-1,-1
52,199,374,143,129,113,1.0,-1,-1,-1
52,202,828,200,164,116,1.0,-1,-1,-1
52,204,1336,371,393,225,1.0,-1,-1,-1
52,100,971,305,259,159,1.0,-1,-1,-1
52,102,1054,423,311,210,1.0,-1,-1,-1
53,200,492,238,167,144,1.0,-1,-1,-1
53,154,666,240,161,113,1.0,-1,-1,-1
53,199,374,142,131,115,1.0,-1,-1,-1
53,201,660,198,131,79,1.0,-1,-1,-1
53,202,821,199,157,114,1.0,-1,-1,-1
53,204,1341,373,392,226,1.0,-1,-1,-1
53,100,971,306,260,159,1.0,-1,-1,-1
53,102,1059,424,317,211,1.0,-1,-1,-1
54,200,497,240,169,142,1.0,-1,-1,-1
54,154,672,246,162,112,1.0,-1,-1,-1
54,199,380,143,131,115,1.0,-1,-1,-1
54,202,814,195,153,115,1.0,-1,-1,-1
54,203,1278,303,223,125,1.0,-1,-1,-1
54,204,1345,376,393,227,1.0,-1,-1,-1
54,100,976,304,275,165,1.0,-1,-1,-1
54,102,1065,424,325,212,1.0,-1,-1,-1
55,200,511,244,168,135,1.0,-1,-1,-1
55,154,678,246,166,116,1.0,-1,-1,-1
55,199,382,145,131,114,1.0,-1,-1,-1
55,202,796,192,150,114,1.0,-1,-1,-1
55,203,1263,298,235,130,1.0,-1,-1,-1
55,204,1354,379,414,229,1.0,-1,-1,-1
55,100,977,303,276,168,1.0,-1,-1,-1
55,102,1072,424,330,215,1.0,-1,-1,-1
56,200,516,245,163,137,1.0,-1,-1,-1
56,154,686,249,166,117,1.0,-1,-1,-1
56,199,386,146,130,114,1.0,-1,-1,-1
56,202,788,190,145,114,1.0,-1,-1,-1
56,203,1234,285,221,130,1.0,-1,-1,-1
56,204,1361,378,410,234,1.0,-1,-1,-1
56,100,979,304,274,168,1.0,-1,-1,-1
56,102,1074,436,340,215,1.0,-1,-1,-1
57,200,521,256,157,138,1.0,-1,-1,-1
57,154,686,249,171,121,1.0,-1,-1,-1
57,199,390,146,130,116,1.0,-1,-1,-1
57,201,634,189,122,98,1.0,-1,-1,-1
57,202,781,185,141,114,1.0,-1,-1,-1
57,203,1203,284,218,129,1.0,-1,-1,-1
57,204,1371,379,402,236,1.0,-1,-1,-1
57,100,980,304,276,167,1.0,-1,-1,-1
57,102,1077,433,343,221,1.0,-1,-1,-1
58,200,526,257,157,141,1.0,-1,-1,-1
58,154,701,257,161,113,1.0,-1,-1,-1
58,199,396,145,130,118,1.0,-1,-1,-1
58,201,626,187,127,101,1.0,-1,-1,-1
58,202,764,184,147,114,1.0,-1,-1,-1
58,204,1384,381,393,239,1.0,-1,-1,-1
58,100,971,317,298,166,1.0,-1,-1,-1
58,102,1094,436,342,224,1.0,-1,-1,-1
59,200,534,268,157,132,1.0,-1,-1,-1
59,154,708,256,165,117,1.0,-1,-1,-1
59,199,400,146,130,117,1.0,-1,-1,-1
59,201,625,188,115,97,1.0,-1,-1,-1
59,202,754,183,147,113,1.0,-1,-1,-1
59,204,1396,384,392,242,1.0,-1,-1,-1
59,100,970,315,302,171,1.0,-1,-1,-1
59,102,1100,433,341,229,1.0,-1,-1,-1
60,200,547,275,188,129,1.0,-1,-1,-1
60,154,714,255,171,119,1.0,-1,-1,-1
60,199,407,151,130,118,1.0,-1,-1,-1
60,201,628,190,101,90,1.0,-1,-1,-1
60,202,727,182,157,110,1.0,-1,-1,-1
60,204,1406,387,397,244,1.0,-1,-1,-1
60,100,972,311,303,176,1.0,-1,-1,-1
60,102,1107,433,344,232,1.0,-1,-1,-1
61,200,557,284,185,124,1.0,-1,-1,-1
61,154,712,257,187,128,1.0,-1,-1,-1
61,199,410,151,133,118,1.0,-1,-1,-1
61,201,591,189,114,87,1.0,-1,-1,-1
61,202,723,182,154,107,1.0,-1,-1,-1
61,204,1414,391,400,242,1.0,-1,-1,-1
61,100,975,308,300,182,1.0,-1,-1,-1
61,102,1112,435,352,232,1.0,-1,-1,-1
62,200,562,280,188,132,1.0,-1,-1,-1
62,154,727,258,182,129,1.0,-1,-1,-1
62,199,414,151,138,120,1.0,-1,-1,-1
62,201,585,187,113,87,1.0,-1,-1,-1
62,202,715,181,149,107,1.0,-1,-1,-1
62,204,1427,392,415,246,1.0,-1,-1,-1
62,100,979,306,298,185,1.0,-1,-1,-1
62,102,1121,437,358,231,1.0,-1,-1,-1
63,200,566,276,189,143,1.0,-1,-1,-1
63,154,732,258,185,131,1.0,-1,-1,-1
63,199,415,149,138,124,1.0,-1,-1,-1
63,202,709,179,148,105,1.0,-1,-1,-1
63,204,1433,392,413,251,1.0,-1,-1,-1
63,100,984,291,285,188,1.0,-1,-1,-1
63,102,1130,441,356,231,1.0,-1,-1,-1
64,200,581,273,181,150,1.0,-1,-1,-1
64,154,739,258,187,134,1.0,-1,-1,-1
64,199,418,149,139,127,1.0,-1,-1,-1
64,201,568,181,106,89,1.0,-1,-1,-1
64,202,694,174,146,110,1.0,-1,-1,-1
64,204,1442,394,416,255,1.0,-1,-1,-1
64,100,986,306,290,184,1.0,-1,-1,-1
64,102,1138,443,357,230,1.0,-1,-1,-1
65,200,582,269,189,157,1.0,-1,-1,-1
65,154,748,258,185,136,1.0,-1,-1,-1
65,199,422,149,139,129,1.0,-1,-1,-1
65,201,561,179,116,90,1.0,-1,-1,-1
65,202,686,173,150,104,1.0,-1,-1,-1
65,204,1452,397,422,254,1.0,-1,-1,-1
65,100,988,307,288,183,1.0,-1,-1,-1
65,102,1162,445,351,240,1.0,-1,-1,-1
66,200,584,269,195,160,1.0,-1,-1,-1
66,154,754,261,183,135,1.0,-1,-1,-1
66,199,427,149,138,130,1.0,-1,-1,-1
66,201,555,180,122,86,1.0,-1,-1,-1
66,202,680,172,143,102,1.0,-1,-1,-1
66,204,1460,402,430,252,1.0,-1,-1,-1
66,100,990,308,290,182,1.0,-1,-1,-1
66,102,1168,443,351,245,1.0,-1,-1,-1
67,200,588,287,197,151,1.0,-1,-1,-1
67,154,766,265,189,132,1.0,-1,-1,-1
67,199,432,150,137,129,1.0,-1,-1,-1
67,201,548,179,125,86,1.0,-1,-1,-1
67,202,681,173,130,98,1.0,-1,-1,-1
67,203,991,251,181,106,1.0,-1,-1,-1
67,204,1468,405,432,250,1.0,-1,-1,-1
67,100,991,311,292,179,1.0,-1,-1,-1
67,102,1176,444,354,247,1.0,-1,-1,-1
68,200,589,287,204,154,1.0,-1,-1,-1
68,154,773,266,192,133,1.0,-1,-1,-1
68,199,435,151,136,129,1.0,-1,-1,-1
68,201,541,179,125,84,1.0,-1,-1,-1
68,202,656,174,147,97,1.0,-1,-1,-1
68,203,970,242,170,112,1.0,-1,-1,-1
68,204,1482,407,415,249,1.0,-1,-1,-1
68,100,990,313,298,175,1.0,-1,-1,-1
68,102,1185,446,360,247,1.0,-1,-1,-1
69,200,592,289,206,155,1.0,-1,-1,-1
69,154,779,269,194,134,1.0,-1,-1,-1
69,199,440,150,137,133,1.0,-1,-1,-1
69,201,536,177,123,85,1.0,-1,-1,-1
69,202,654,176,140,94,1.0,-1,-1,-1
69,203,958,238,171,111,1.0,-1,-1,-1
69,204,1479,413,439,265,1.0,-1,-1,-1
69,100,991,315,302,171,1.0,-1,-1,-1
69,102,1198,452,362,246,1.0,-1,-1,-1
70,200,610,290,206,158,1.0,-1,-1,-1
70,154,790,272,202,138,1.0,-1,-1,-1
70,199,443,151,137,133,1.0,-1,-1,-1
70,202,653,175,129,93,1.0,-1,-1,-1
70,203,939,235,161,108,1.0,-1,-1,-1
70,204,1485,411,433,271,1.0,-1,-1,-1
70,100,990,315,306,168,1.0,-1,-1,-1
70,102,1209,459,362,247,1.0,-1,-1,-1
71,200,618,293,207,161,1.0,-1,-1,-1
71,154,795,274,199,138,1.0,-1,-1,-1
71,199,444,152,139,133,1.0,-1,-1,-1
71,202,651,173,121,95,1.0,-1,-1,-1
71,100,992,317,308,165,1.0,-1,-1,-1
71,102,1230,462,360,251,1.0,-1,-1,-1
72,200,656,295,182,165,1.0,-1,-1,-1
72,154,803,276,198,138,1.0,-1,-1,-1
72,199,454,158,135,125,1.0,-1,-1,-1
72,202,652,173,110,93,1.0,-1,-1,-1
72,100,993,318,309,164,1.0,-1,-1,-1
72,102,1240,464,360,255,1.0,-1,-1,-1
73,200,656,294,189,170,1.0,-1,-1,-1
73,154,812,280,196,136,1.0,-1,-1,-1
73,199,456,157,147,127,1.0,-1,-1,-1
73,202,636,174,118,89,1.0,-1,-1,-1
73,100,996,319,311,165,1.0,-1,-1,-1
73,102,1252,468,361,257,1.0,-1,-1,-1
74,200,655,297,199,171,1.0,-1,-1,-1
74,154,819,283,194,133,1.0,-1,-1,-1
74,199,460,159,147,128,1.0,-1,-1,-1
74,202,639,174,107,86,1.0,-1,-1,-1
74,203,871,222,156,107,1.0,-1,-1,-1
74,100,999,318,314,167,1.0,-1,-1,-1
74,102,1265,473,367,256,1.0,-1,-1,-1
75,200,655,298,210,173,1.0,-1,-1,-1
75,154,832,283,194,133,1.0,-1,-1,-1
75,199,464,159,146,131,1.0,-1,-1,-1
75,203,864,219,148,106,1.0,-1,-1,-1
75,205,1516,294,300,167,1.0,-1,-1,-1
75,100,1005,318,313,168,1.0,-1,-1,-1
75,102,1274,475,371,259,1.0,-1,-1,-1
76,200,655,301,219,173,1.0,-1,-1,-1
76,154,832,284,204,132,1.0,-1,-1,-1
76,199,469,158,146,134,1.0,-1,-1,-1
76,203,852,214,156,106,1.0,-1,-1,-1
76,205,1493,294,313,163,1.0,-1,-1,-1
76,100,1012,318,307,169,1.0,-1,-1,-1
76,102,1268,491,398,252,1.0,-1,-1,-1
77,200,657,310,224,171,1.0,-1,-1,-1
77,154,838,292,211,136,1.0,-1,-1,-1
77,199,473,159,146,137,1.0,-1,-1,-1
77,203,830,213,150,105,1.0,-1,-1,-1
77,205,1449,293,293,173,1.0,-1,-1,-1
77,100,1019,318,301,170,1.0,-1,-1,-1
77,102,1290,469,395,277,1.0,-1,-1,-1
78,200,670,307,231,178,1.0,-1,-1,-1
78,154,844,292,209,138,1.0,-1,-1,-1
78,199,474,158,149,140,1.0,-1,-1,-1
78,203,820,208,149,109,1.0,-1,-1,-1
78,205,1423,289,306,170,1.0,-1,-1,-1
78,100,1022,318,302,171,1.0,-1,-1,-1
78,102,1306,484,391,273,1.0,-1,-1,-1
79,200,678,311,230,173,1.0,-1,-1,-1
79,154,848,292,208,140,1.0,-1,-1,-1
79,199,479,164,156,135,1.0,-1,-1,-1
79,203,802,204,148,109,1.0,-1,-1,-1
79,205,1404,295,256,150,1.0,-1,-1,-1
79,100,1032,319,310,180,1.0,-1,-1,-1
79,102,1318,486,396,275,1.0,-1,-1,-1
80,200,687,314,228,172,1.0,-1,-1,-1
80,154,854,287,222,151,1.0,-1,-1,-1
80,199,481,165,156,136,1.0,-1,-1,-1
80,203,793,201,145,109,1.0,-1,-1,-1
80,205,1374,292,247,146,1.0,-1,-1,-1
80,100,1035,322,309,178,1.0,-1,-1,-1
80,102,1325,489,409,274,1.0,-1,-1,-1
81,200,696,317,223,171,1.0,-1,-1,-1
81,154,858,288,220,151,1.0,-1,-1,-1
81,199,483,166,157,137,1.0,-1,-1,-1
81,203,783,200,146,108,1.0,-1,-1,-1
81,205,1343,290,237,145,1.0,-1,-1,-1
81,100,1040,323,304,177,1.0,-1,-1,-1
81,102,1329,495,422,271,1.0,-1,-1,-1
82,200,697,315,248,185,1.0,-1,-1,-1
82,199,486,167,158,136,1.0,-1,-1,-1
82,203,759,203,161,100,1.0,-1,-1,-1
82,205,1344,288,222,145,1.0,-1,-1,-1
82,100,1044,322,301,178,1.0,-1,-1,-1
82,102,1363,498,409,277,1.0,-1,-1,-1
83,200,705,319,248,183,1.0,-1,-1,-1
83,199,492,168,157,135,1.0,-1,-1,-1
83,203,748,201,161,99,1.0,-1,-1,-1
83,205,1309,276,221,142,1.0,-1,-1,-1
83,100,1047,321,301,178,1.0,-1,-1,-1
83,102,1375,500,411,281,1.0,-1,-1,-1
84,200,715,323,241,182,1.0,-1,-1,-1
84,199,500,169,156,135,1.0,-1,-1,-1
84,203,751,203,139,93,1.0,-1,-1,-1
84,205,1277,273,216,142,1.0,-1,-1,-1
84,100,1050,322,301,178,1.0,-1,-1,-1
84,102,1387,504,417,284,1.0,-1,-1,-1
85,200,726,323,259,188,1.0,-1,-1,-1
85,199,505,169,157,138,1.0,-1,-1,-1
85,203,730,201,146,93,1.0,-1,-1,-1
85,100,1055,324,304,178,1.0,-1,-1,-1
85,102,1392,508,434,286,1.0,-1,-1,-1
86,200,730,326,264,187,1.0,-1,-1,-1
86,199,508,169,158,139,1.0,-1,-1,-1
86,203,718,191,146,99,1.0,-1,-1,-1
86,100,1061,327,304,176,1.0,-1,-1,-1
86,102,1400,512,434,287,1.0,-1,-1,-1
87,200,742,329,258,182,1.0,-1,-1,-1
87,199,518,176,154,130,1.0,-1,-1,-1
87,203,715,189,136,101,1.0,-1,-1,-1
87,100,1065,329,308,177,1.0,-1,-1,-1
87,102,1431,516,422,291,1.0,-1,-1,-1
88,200,740,339,272,177,1.0,-1,-1,-1
88,199,520,176,154,130,1.0,-1,-1,-1
88,203,702,188,134,98,1.0,-1,-1,-1
88,206,233,144,99,92,1.0,-1,-1,-1
88,100,1069,328,309,179,1.0,-1,-1,-1
88,102,1444,521,422,294,1.0,-1,-1,-1
89,200,761,341,273,176,1.0,-1,-1,-1
89,199,524,178,154,141,1.0,-1,-1,-1
89,203,691,187,140,99,1.0,-1,-1,-1
89,206,233,145,102,92,1.0,-1,-1,-1
89,100,1072,327,315,186,1.0,-1,-1,-1
89,102,1455,524,424,296,1.0,-1,-1,-1
90,200,768,341,275,181,1.0,-1,-1,-1
90,199,528,178,152,141,1.0,-1,-1,-1
90,203,684,188,134,94,1.0,-1,-1,-1
90,205,1135,253,204,115,1.0,-1,-1,-1
90,206,234,145,103,94,1.0,-1,-1,-1
90,100,1074,325,325,193,1.0,-1,-1,-1
90,102,1463,525,427,298,1.0,-1,-1,-1
91,200,779,341,277,187,1.0,-1,-1,-1
91,199,531,181,150,138,1.0,-1,-1,-1
91,203,684,187,119,88,1.0,-1,-1,-1
91,205,1105,247,197,121,1.0,-1,-1,-1
91,206,235,146,106,95,1.0,-1,-1,-1
91,100,1073,326,339,196,1.0,-1,-1,-1
91,102,1473,526,422,300,1.0,-1,-1,-1
92,200,788,342,281,191,1.0,-1,-1,-1
92,199,537,184,149,136,1.0,-1,-1,-1
92,203,666,184,124,87,1.0,-1,-1,-1
92,205,1097,242,197,125,1.0,-1,-1,-1
92,206,235,147,107,95,1.0,-1,-1,-1
92,100,1072,325,349,199,1.0,-1,-1,-1
92,102,1469,536,443,312,1.0,-1,-1,-1
93,200,798,343,286,194,1.0,-1,-1,-1
93,199,542,187,148,133,1.0,-1,-1,-1
93,202,494,139,109,85,1.0,-1,-1,-1
93,203,660,181,123,87,1.0,-1,-1,-1
93,205,1068,234,196,133,1.0,-1,-1,-1
93,206,235,148,109,96,1.0,-1,-1,-1
93,100,1097,323,330,206,1.0,-1,-1,-1
93,102,1489,536,429,316,1.0,-1,-1,-1
94,200,801,345,296,199,1.0,-1,-1,-1
94,199,546,190,150,130,1.0,-1,-1,-1
94,202,491,139,110,84,1.0,-1,-1,-1
94,203,655,180,118,87,1.0,-1,-1,-1
94,205,1058,231,199,135,1.0,-1,-1,-1
94,206,244,153,113,92,1.0,-1,-1,-1
94,100,1100,325,327,205,1.0,-1,-1,-1
94,102,1494,536,424,318,1.0,-1,-1,-1
95,200,824,332,319,199,1.0,-1,-1,-1
95,199,558,197,162,126,1.0,-1,-1,-1
95,205,1033,230,192,134,1.0,-1,-1,-1
95,206,248,154,112,92,1.0,-1,-1,-1
95,100,1102,328,328,204,1.0,-1,-1,-1
96,200,833,337,316,202,1.0,-1,-1,-1
96,199,564,195,161,129,1.0,-1,-1,-1
96,205,1026,229,187,132,1.0,-1,-1,-1
96,206,252,155,111,92,1.0,-1,-1,-1
96,100,1105,328,328,206,1.0,-1,-1,-1
97,200,840,340,314,206,1.0,-1,-1,-1
97,199,571,192,160,134,1.0,-1,-1,-1
97,205,1003,230,176,125,1.0,-1,-1,-1
97,206,258,156,109,93,1.0,-1,-1,-1
97,100,1108,328,331,207,1.0,-1,-1,-1
98,200,849,344,314,210,1.0,-1,-1,-1
98,199,574,188,162,140,1.0,-1,-1,-1
98,205,995,226,172,125,1.0,-1,-1,-1
98,206,260,157,109,93,1.0,-1,-1,-1
98,100,1115,329,331,209,1.0,-1,-1,-1
99,200,859,345,313,218,1.0,-1,-1,-1
99,199,575,187,165,143,1.0,-1,-1,-1
99,205,969,226,174,118,1.0,-1,-1,-1
99,206,264,158,109,92,1.0,-1,-1,-1
99,100,1120,330,333,210,1.0,-1,-1,-1
100,200,860,360,325,220,1.0,-1,-1,-1
100,199,573,187,171,148,1.0,-1,-1,-1
100,205,961,216,170,123,1.0,-1,-1,-1
100,206,269,162,104,98,1.0,-1,-1,-1
100,100,1126,330,335,213,1.0,-1,-1,-1
101,200,891,339,303,226,1.0,-1,-1,-1
101,199,588,196,164,136,1.0,-1,-1,-1
101,205,941,217,160,121,1.0,-1,-1,-1
101,206,266,161,147,102,1.0,-1,-1,-1
101,100,1129,331,339,214,1.0,-1,-1,-1
102,200,893,358,317,231,1.0,-1,-1,-1
102,199,587,194,170,139,1.0,-1,-1,-1
102,205,931,216,160,119,1.0,-1,-1,-1
102,206,267,162,146,101,1.0,-1,-1,-1
102,100,1133,332,342,214,1.0,-1,-1,-1
103,200,904,363,321,228,1.0,-1,-1,-1
103,199,586,190,176,145,1.0,-1,-1,-1
103,205,908,215,161,116,1.0,-1,-1,-1
103,206,267,165,147,100,1.0,-1,-1,-1
104,200,914,369,329,227,1.0,-1,-1,-1
104,199,587,189,181,147,1.0,-1,-1,-1
104,205,901,212,156,117,1.0,-1,-1,-1
104,206,272,167,142,99,1.0,-1,-1,-1
105,200,921,372,341,227,1.0,-1,-1,-1
105,199,590,189,184,149,1.0,-1,-1,-1
105,205,892,206,155,120,1.0,-1,-1,-1
105,206,278,170,135,98,1.0,-1,-1,-1
106,200,922,373,354,231,1.0,-1,-1,-1
106,199,595,192,185,149,1.0,-1,-1,-1
106,205,870,203,151,119,1.0,-1,-1,-1
106,206,285,172,128,97,1.0,-1,-1,-1
107,200,950,371,339,243,1.0,-1,-1,-1
107,199,600,193,183,150,1.0,-1,-1,-1
107,205,860,201,150,119,1.0,-1,-1,-1
107,206,290,175,123,95,1.0,-1,-1,-1
108,200,956,368,345,251,1.0,-1,-1,-1
108,199,603,194,183,151,1.0,-1,-1,-1
108,205,838,199,154,118,1.0,-1,-1,-1
108,206,295,177,120,95,1.0,-1,-1,-1
109,200,965,369,352,253,1.0,-1,-1,-1
109,199,603,194,187,153,1.0,-1,-1,-1
109,205,832,196,147,118,1.0,-1,-1,-1
109,206,298,177,119,96,1.0,-1,-1,-1
110,200,975,373,357,252,1.0,-1,-1,-1
110,199,623,195,176,156,1.0,-1,-1,-1
110,205,822,194,145,116,1.0,-1,-1,-1
110,206,301,176,116,98,1.0,-1,-1,-1
111,200,982,379,366,251,1.0,-1,-1,-1
111,199,626,195,178,157,1.0,-1,-1,-1
111,205,805,191,144,118,1.0,-1,-1,-1
111,206,304,174,115,103,1.0,-1,-1,-1
112,200,985,385,374,249,1.0,-1,-1,-1
112,199,635,194,174,160,1.0,-1,-1,-1
112,205,797,189,142,117,1.0,-1,-1,-1
112,206,307,172,113,107,1.0,-1,-1,-1
113,200,1016,400,356,231,1.0,-1,-1,-1
113,199,644,195,169,160,1.0,-1,-1,-1
113,205,788,185,138,114,1.0,-1,-1,-1
113,206,307,170,115,111,1.0,-1,-1,-1
114,200,1024,403,357,233,1.0,-1,-1,-1
114,199,651,194,164,161,1.0,-1,-1,-1
114,205,771,183,143,115,1.0,-1,-1,-1
114,206,307,161,118,124,1.0,-1,-1,-1
115,200,1029,405,367,235,1.0,-1,-1,-1
115,199,651,195,167,161,1.0,-1,-1,-1
115,206,325,182,111,103,1.0,-1,-1,-1
116,200,1036,408,378,236,1.0,-1,-1,-1
116,199,656,212,173,150,1.0,-1,-1,-1
116,206,326,184,114,103,1.0,-1,-1,-1
117,200,1042,410,388,238,1.0,-1,-1,-1
117,199,654,209,182,155,1.0,-1,-1,-1
117,206,328,185,117,103,1.0,-1,-1,-1
118,200,1036,421,415,247,1.0,-1,-1,-1
118,199,651,206,189,161,1.0,-1,-1,-1
118,206,326,181,127,113,1.0,-1,-1,-1
119,200,1077,420,385,254,1.0,-1,-1,-1
119,199,650,205,195,164,1.0,-1,-1,-1
119,206,333,182,126,113,1.0,-1,-1,-1
120,200,1084,419,385,261,1.0,-1,-1,-1
120,199,650,207,200,162,1.0,-1,-1,-1
120,206,336,183,126,114,1.0,-1,-1,-1
121,200,1092,418,388,266,1.0,-1,-1,-1
121,199,652,209,202,160,1.0,-1,-1,-1
121,206,346,192,127,113,1.0,-1,-1,-1
122,200,1100,418,394,268,1.0,-1,-1,-1
122,199,655,210,204,160,1.0,-1,-1,-1
122,206,346,195,131,110,1.0,-1,-1,-1
123,200,1109,419,398,271,1.0,-1,-1,-1
123,199,659,209,205,163,1.0,-1,-1,-1
123,206,350,199,132,106,1.0,-1,-1,-1
124,200,1116,419,403,276,1.0,-1,-1,-1
124,199,664,207,204,166,1.0,-1,-1,-1
124,206,352,194,134,116,1.0,-1,-1,-1
125,200,1119,419,408,279,1.0,-1,-1,-1
125,199,668,205,202,172,1.0,-1,-1,-1
125,206,355,196,136,116,1.0,-1,-1,-1
126,200,1140,420,408,280,1.0,-1,-1,-1
126,199,672,204,200,175,1.0,-1,-1,-1
126,206,359,198,137,116,1.0,-1,-1,-1
127,200,1149,423,410,280,1.0,-1,-1,-1
127,154,1035,333,228,161,1.0,-1,-1,-1
127,199,679,204,204,183,1.0,-1,-1,-1
127,206,356,197,145,121,1.0,-1,-1,-1
128,200,1159,426,417,281,1.0,-1,-1,-1
128,154,1037,333,222,162,1.0,-1,-1,-1
128,199,682,207,206,181,1.0,-1,-1,-1
128,206,359,196,146,124,1.0,-1,-1,-1
129,200,1167,429,429,284,1.0,-1,-1,-1
129,154,1038,332,220,163,1.0,-1,-1,-1
129,199,686,210,205,177,1.0,-1,-1,-1
129,206,364,196,144,127,1.0,-1,-1,-1
130,200,1170,432,442,286,1.0,-1,-1,-1
130,154,1040,332,217,163,1.0,-1,-1,-1
130,199,691,212,205,176,1.0,-1,-1,-1
130,206,382,200,143,125,1.0,-1,-1,-1
131,200,1171,437,453,284,1.0,-1,-1,-1
131,154,1039,333,219,162,1.0,-1,-1,-1
131,199,695,212,204,178,1.0,-1,-1,-1
131,206,386,205,146,123,1.0,-1,-1,-1
132,200,1184,448,454,274,1.0,-1,-1,-1
132,154,1038,334,223,161,1.0,-1,-1,-1
132,199,699,211,204,181,1.0,-1,-1,-1
132,206,391,209,147,122,1.0,-1,-1,-1
133,200,1186,452,462,273,1.0,-1,-1,-1
133,199,704,210,203,184,1.0,-1,-1,-1
133,206,396,212,147,122,1.0,-1,-1,-1
134,200,1191,453,469,273,1.0,-1,-1,-1
134,199,705,210,222,191,1.0,-1,-1,-1
134,206,400,212,146,124,1.0,-1,-1,-1
135,200,1194,455,479,275,1.0,-1,-1,-1
135,199,707,211,223,190,1.0,-1,-1,-1
135,206,413,214,142,122,1.0,-1,-1,-1
136,200,1200,454,487,281,1.0,-1,-1,-1
136,199,710,214,222,187,1.0,-1,-1,-1
136,206,418,214,140,125,1.0,-1,-1,-1
137,200,1208,454,490,286,1.0,-1,-1,-1
137,199,717,215,220,188,1.0,-1,-1,-1
137,206,421,214,143,128,1.0,-1,-1,-1
138,200,1219,453,485,289,1.0,-1,-1,-1
138,154,1036,335,227,158,1.0,-1,-1,-1
138,199,722,216,220,188,1.0,-1,-1,-1
138,206,428,216,146,137,1.0,-1,-1,-1
139,200,1247,460,480,283,1.0,-1,-1,-1
139,154,1036,335,226,158,1.0,-1,-1,-1
139,199,727,218,219,186,1.0,-1,-1,-1
139,206,433,219,148,137,1.0,-1,-1,-1
140,200,1250,459,489,288,1.0,-1,-1,-1
140,154,1036,335,226,158,1.0,-1,-1,-1
140,199,731,219,219,186,1.0,-1,-1,-1
140,206,440,221,145,137,1.0,-1,-1,-1
141,200,1274,468,456,313,1.0,-1,-1,-1
141,154,1036,335,225,158,1.0,-1,-1,-1
141,199,741,220,227,186,1.0,-1,-1,-1
141,205,556,146,103,93,1.0,-1,-1,-1
141,206,449,226,146,132,1.0,-1,-1,-1
142,200,1283,465,459,321,1.0,-1,-1,-1
142,154,1037,335,225,158,1.0,-1,-1,-1
142,199,741,220,230,188,1.0,-1,-1,-1
142,205,551,144,103,94,1.0,-1,-1,-1
142,206,454,230,148,130,1.0,-1,-1,-1
143,200,1289,465,469,325,1.0,-1,-1,-1
143,154,1037,335,225,158,1.0,-1,-1,-1
143,199,745,229,235,183,1.0,-1,-1,-1
143,205,548,143,100,92,1.0,-1,-1,-1
143,206,458,233,153,130,1.0,-1,-1,-1
144,200,1302,465,476,327,1.0,-1,-1,-1
144,154,1037,334,225,159,1.0,-1,-1,-1
144,199,751,231,233,182,1.0,-1,-1,-1
144,206,464,236,154,130,1.0,-1,-1,-1
145,200,1316,467,480,327,1.0,-1,-1,-1
145,154,1037,334,225,159,1.0,-1,-1,-1
145,199,756,231,233,181,1.0,-1,-1,-1
145,206,470,239,152,132,1.0,-1,-1,-1
146,200,1330,470,483,328,1.0,-1,-1,-1
146,154,1037,335,225,158,1.0,-1,-1,-1
146,199,760,231,232,182,1.0,-1,-1,-1
146,206,479,239,159,137,1.0,-1,-1,-1
147,200,1343,473,480,330,1.0,-1,-1,-1
147,154,1037,335,225,158,1.0,-1,-1,-1
147,199,763,230,232,184,1.0,-1,-1,-1
147,206,483,241,165,141,1.0,-1,-1,-1
148,200,1355,474,476,331,1.0,-1,-1,-1
148,154,1037,335,225,158,1.0,-1,-1,-1
148,199,766,230,230,185,1.0,-1,-1,-1
148,206,488,241,172,144,1.0,-1,-1,-1
149,200,1367,473,474,333,1.0,-1,-1,-1
149,154,1037,336,226,158,1.0,-1,-1,-1
149,199,776,229,231,190,1.0,-1,-1,-1
149,206,493,253,176,141,1.0,-1,-1,-1
149,100,1218,360,345,188,1.0,-1,-1,-1
150,200,1370,473,483,332,1.0,-1,-1,-1
150,154,1037,335,227,159,1.0,-1,-1,-1
150,199,778,228,233,190,1.0,-1,-1,-1
150,206,498,251,175,146,1.0,-1,-1,-1
150,100,1219,359,343,189,1.0,-1,-1,-1
151,200,1364,476,504,330,1.0,-1,-1,-1
151,154,1036,335,229,159,1.0,-1,-1,-1
151,199,781,230,235,189,1.0,-1,-1,-1
151,206,512,253,167,145,1.0,-1,-1,-1
151,100,1218,358,348,194,1.0,-1,-1,-1
152,200,1357,479,518,328,1.0,-1,-1,-1
152,154,1036,336,230,159,1.0,-1,-1,-1
152,199,780,228,246,192,1.0,-1,-1,-1
152,206,519,253,160,150,1.0,-1,-1,-1
152,100,1218,357,351,196,1.0,-1,-1,-1
153,200,1382,484,495,327,1.0,-1,-1,-1
153,154,1036,336,232,159,1.0,-1,-1,-1
153,199,784,228,246,194,1.0,-1,-1,-1
153,206,528,255,158,152,1.0,-1,-1,-1
153,100,1216,357,359,198,1.0,-1,-1,-1
154,200,1388,487,485,330,1.0,-1,-1,-1
154,154,1035,336,233,159,1.0,-1,-1,-1
154,199,787,228,247,195,1.0,-1,-1,-1
154,206,536,258,160,154,1.0,-1,-1,-1
154,100,1213,355,366,199,1.0,-1,-1,-1
155,200,1395,488,475,333,1.0,-1,-1,-1
155,154,1034,336,234,159,1.0,-1,-1,-1
155,199,790,228,248,195,1.0,-1,-1,-1
155,206,550,264,187,153,1.0,-1,-1,-1
155,100,1212,353,370,204,1.0,-1,-1,-1
156,200,1399,490,475,335,1.0,-1,-1,-1
156,154,1035,336,233,159,1.0,-1,-1,-1
156,199,791,228,248,196,1.0,-1,-1,-1
156,206,556,267,190,156,1.0,-1,-1,-1
156,100,1211,348,371,212,1.0,-1,-1,-1
157,200,1403,492,481,338,1.0,-1,-1,-1
157,154,1034,337,234,158,1.0,-1,-1,-1
157,199,791,228,249,196,1.0,-1,-1,-1
157,206,561,271,191,153,1.0,-1,-1,-1
157,100,1211,344,373,220,1.0,-1,-1,-1
158,200,1408,495,493,340,1.0,-1,-1,-1
158,154,1034,337,236,156,1.0,-1,-1,-1
158,199,791,227,251,198,1.0,-1,-1,-1
158,206,584,278,178,145,1.0,-1,-1,-1
158,100,1225,340,366,227,1.0,-1,-1,-1
159,200,1416,497,503,344,1.0,-1,-1,-1
159,154,1034,338,239,155,1.0,-1,-1,-1
159,199,790,226,253,199,1.0,-1,-1,-1
159,206,584,291,192,145,1.0,-1,-1,-1
159,100,1228,343,363,226,1.0,-1,-1,-1
160,200,1424,496,494,349,1.0,-1,-1,-1
160,154,1036,336,240,156,1.0,-1,-1,-1
160,199,791,225,253,200,1.0,-1,-1,-1
160,206,587,292,197,149,1.0,-1,-1,-1
160,100,1230,346,362,224,1.0,-1,-1,-1
161,200,1435,494,483,357,1.0,-1,-1,-1
161,154,1038,335,241,157,1.0,-1,-1,-1
161,199,793,226,253,201,1.0,-1,-1,-1
161,206,590,294,203,152,1.0,-1,-1,-1
161,100,1230,346,364,225,1.0,-1,-1,-1
162,200,1447,494,471,365,1.0,-1,-1,-1
162,154,1039,334,241,160,1.0,-1,-1,-1
162,199,794,226,253,201,1.0,-1,-1,-1
162,206,618,295,193,158,1.0,-1,-1,-1
162,100,1231,346,366,225,1.0,-1,-1,-1
163,154,1040,336,243,158,1.0,-1,-1,-1
163,199,794,226,253,202,1.0,-1,-1,-1
163,206,621,298,201,160,1.0,-1,-1,-1
163,100,1224,362,392,218,1.0,-1,-1,-1
164,154,1039,339,245,156,1.0,-1,-1,-1
164,199,795,227,251,202,1.0,-1,-1,-1
164,206,655,302,182,160,1.0,-1,-1,-1
164,100,1227,363,394,216,1.0,-1,-1,-1
165,154,1038,342,252,153,1.0,-1,-1,-1
165,199,797,227,250,202,1.0,-1,-1,-1
165,206,653,302,196,166,1.0,-1,-1,-1
165,100,1230,365,399,212,1.0,-1,-1,-1
166,154,1039,343,254,152,1.0,-1,-1,-1
166,199,798,227,249,203,1.0,-1,-1,-1
166,206,653,302,209,169,1.0,-1,-1,-1
166,100,1234,366,403,209,1.0,-1,-1,-1
167,154,1040,344,257,151,1.0,-1,-1,-1
167,199,798,227,251,204,1.0,-1,-1,-1
167,207,1640,342,278,179,1.0,-1,-1,-1
167,206,650,313,225,168,1.0,-1,-1,-1
167,100,1238,367,403,208,1.0,-1,-1,-1
168,154,1042,343,260,152,1.0,-1,-1,-1
168,199,799,227,254,204,1.0,-1,-1,-1
168,207,1585,340,315,173,1.0,-1,-1,-1
168,206,657,317,221,164,1.0,-1,-1,-1
168,100,1244,366,403,209,1.0,-1,-1,-1
169,154,1042,343,263,154,1.0,-1,-1,-1
169,206,673,319,233,167,1.0,-1,-1,-1
169,100,1251,365,406,214,1.0,-1,-1,-1
170,154,1042,341,265,157,1.0,-1,-1,-1
170,206,682,324,233,167,1.0,-1,-1,-1
170,100,1254,364,414,219,1.0,-1,-1,-1
171,154,1043,341,265,159,1.0,-1,-1,-1
171,206,697,323,242,174,1.0,-1,-1,-1
171,100,1259,364,414,224,1.0,-1,-1,-1
172,154,1043,341,264,161,1.0,-1,-1,-1
172,206,698,327,255,176,1.0,-1,-1,-1
172,100,1264,363,410,229,1.0,-1,-1,-1
173,154,1045,341,263,161,1.0,-1,-1,-1
173,206,706,332,258,175,1.0,-1,-1,-1
173,100,1266,362,410,233,1.0,-1,-1,-1
174,154,1046,340,262,161,1.0,-1,-1,-1
174,206,713,327,271,180,1.0,-1,-1,-1
174,100,1276,359,429,243,1.0,-1,-1,-1
175,154,1044,341,265,161,1.0,-1,-1,-1
175,206,731,333,267,180,1.0,-1,-1,-1
175,100,1284,357,431,244,1.0,-1,-1,-1
176,154,1042,341,271,162,1.0,-1,-1,-1
176,206,742,344,262,176,1.0,-1,-1,-1
176,100,1299,358,421,243,1.0,-1,-1,-1
177,154,1044,337,284,169,1.0,-1,-1,-1
177,206,755,345,251,178,1.0,-1,-1,-1
177,100,1310,364,420,238,1.0,-1,-1,-1
178,154,1043,339,289,167,1.0,-1,-1,-1
178,206,773,352,257,175,1.0,-1,-1,-1
178,100,1318,369,421,234,1.0,-1,-1,-1
179,154,1041,340,296,165,1.0,-1,-1,-1
179,206,779,356,266,176,1.0,-1,-1,-1
179,100,1323,374,426,232,1.0,-1,-1,-1
180,208,231,141,106,90,1.0,-1,-1,-1
180,154,1044,342,297,164,1.0,-1,-1,-1
180,206,790,360,275,178,1.0,-1,-1,-1
180,100,1326,376,430,234,1.0,-1,-1,-1
181,208,232,140,109,91,1.0,-1,-1,-1
181,154,1046,345,294,172,1.0,-1,-1,-1
181,209,714,219,147,96,1.0,-1,-1,-1
181,206,799,365,282,176,1.0,-1,-1,-1
181,100,1340,372,439,248,1.0,-1,-1,-1
182,208,232,142,113,90,1.0,-1,-1,-1
182,154,1050,346,289,176,1.0,-1,-1,-1
182,209,696,214,137,94,1.0,-1,-1,-1
182,206,808,365,287,180,1.0,-1,-1,-1
182,100,1343,372,442,249,1.0,-1,-1,-1
183,208,232,143,116,89,1.0,-1,-1,-1
183,154,1055,347,285,181,1.0,-1,-1,-1
183,199,821,237,263,187,1.0,-1,-1,-1
183,209,677,211,159,96,1.0,-1,-1,-1
183,206,831,368,281,179,1.0,-1,-1,-1
183,100,1343,373,451,248,1.0,-1,-1,-1
184,208,231,144,117,90,1.0,-1,-1,-1
184,154,1067,351,276,167,1.0,-1,-1,-1
184,199,823,238,257,183,1.0,-1,-1,-1
184,209,676,210,143,94,1.0,-1,-1,-1
184,207,1145,271,197,125,1.0,-1,-1,-1
184,206,836,379,302,182,1.0,-1,-1,-1
184,100,1348,375,454,248,1.0,-1,-1,-1
185,208,244,148,114,87,1.0,-1,-1,-1
185,199,824,236,253,185,1.0,-1,-1,-1
185,209,660,206,138,97,1.0,-1,-1,-1
185,207,1136,266,194,125,1.0,-1,-1,-1
185,206,850,379,303,183,1.0,-1,-1,-1
185,100,1352,378,459,247,1.0,-1,-1,-1
186,208,249,149,110,88,1.0,-1,-1,-1
186,199,828,235,245,185,1.0,-1,-1,-1
186,209,652,202,137,101,1.0,-1,-1,-1
186,207,1109,265,190,120,1.0,-1,-1,-1
186,206,861,379,308,186,1.0,-1,-1,-1
186,100,1358,380,462,247,1.0,-1,-1,-1
187,208,256,151,105,87,1.0,-1,-1,-1
187,199,827,231,246,195,1.0,-1,-1,-1
187,209,652,199,120,102,1.0,-1,-1,-1
187,207,1100,262,186,121,1.0,-1,-1,-1
187,206,866,377,318,193,1.0,-1,-1,-1
187,100,1364,384,465,246,1.0,-1,-1,-1
188,199,826,230,247,199,1.0,-1,-1,-1
188,209,632,191,123,97,1.0,-1,-1,-1
188,207,1069,250,188,124,1.0,-1,-1,-1
188,206,883,377,323,203,1.0,-1,-1,-1
188,100,1371,387,467,246,1.0,-1,-1,-1
189,199,825,228,248,204,1.0,-1,-1,-1
189,209,624,190,128,100,1.0,-1,-1,-1
189,207,1043,247,187,119,1.0,-1,-1,-1
189,206,894,375,324,214,1.0,-1,-1,-1
189,100,1377,389,467,246,1.0,-1,-1,-1
190,199,825,227,249,210,1.0,-1,-1,-1
190,209,623,193,113,93,1.0,-1,-1,-1
190,207,1039,246,174,118,1.0,-1,-1,-1
190,206,909,375,323,222,1.0,-1,-1,-1
190,100,1381,393,469,245,1.0,-1,-1,-1
191,208,272,154,107,91,1.0,-1,-1,-1
191,199,828,228,248,212,1.0,-1,-1,-1
191,209,592,193,117,89,1.0,-1,-1,-1
191,206,923,377,326,226,1.0,-1,-1,-1
191,100,1413,390,444,254,1.0,-1,-1,-1
192,208,271,161,142,101,1.0,-1,-1,-1
192,199,829,230,249,211,1.0,-1,-1,-1
192,209,584,193,115,87,1.0,-1,-1,-1
192,206,932,381,331,228,1.0,-1,-1,-1
192,100,1417,390,443,256,1.0,-1,-1,-1
193,208,273,161,140,103,1.0,-1,-1,-1
193,199,831,231,249,208,1.0,-1,-1,-1
193,209,580,190,109,86,1.0,-1,-1,-1
193,206,951,389,338,219,1.0,-1,-1,-1
193,100,1419,391,442,256,1.0,-1,-1,-1
194,208,279,162,133,103,1.0,-1,-1,-1
194,199,830,233,251,206,1.0,-1,-1,-1
194,209,567,184,107,86,1.0,-1,-1,-1
194,206,964,391,333,226,1.0,-1,-1,-1
194,100,1423,391,442,258,1.0,-1,-1,-1
195,208,285,165,128,102,1.0,-1,-1,-1
195,199,838,236,255,208,1.0,-1,-1,-1
195,209,559,183,113,86,1.0,-1,-1,-1
195,206,977,392,335,231,1.0,-1,-1,-1
195,100,1424,392,443,259,1.0,-1,-1,-1
196,208,291,168,125,101,1.0,-1,-1,-1
196,199,835,235,262,206,1.0,-1,-1,-1
196,209,548,183,122,85,1.0,-1,-1,-1
196,206,990,398,340,232,1.0,-1,-1,-1
196,100,1426,394,444,259,1.0,-1,-1,-1
197,208,295,171,127,101,1.0,-1,-1,-1
197,199,834,235,268,204,1.0,-1,-1,-1
197,209,541,182,121,84,1.0,-1,-1,-1
197,206,997,405,350,230,1.0,-1,-1,-1
197,100,1427,397,445,256,1.0,-1,-1,-1
198,208,299,171,126,104,1.0,-1,-1,-1
198,199,834,234,270,206,1.0,-1,-1,-1
198,209,538,180,116,83,1.0,-1,-1,-1
198,206,1016,413,362,221,1.0,-1,-1,-1
198,100,1428,398,447,255,1.0,-1,-1,-1
199,208,302,171,124,106,1.0,-1,-1,-1
199,199,835,234,271,208,1.0,-1,-1,-1
199,209,524,177,117,84,1.0,-1,-1,-1
199,206,1025,413,364,227,1.0,-1,-1,-1
199,100,1432,399,448,255,1.0,-1,-1,-1
200,208,318,176,121,99,1.0,-1,-1,-1
200,199,838,232,268,211,1.0,-1,-1,-1
200,209,516,174,118,85,1.0,-1,-1,-1
200,206,1037,411,368,234,1.0,-1,-1,-1
200,100,1436,399,448,256,1.0,-1,-1,-1
201,208,322,176,120,101,1.0,-1,-1,-1
201,199,840,232,266,210,1.0,-1,-1,-1
201,209,509,173,114,84,1.0,-1,-1,-1
201,206,1039,424,387,243,1.0,-1,-1,-1
201,100,1442,400,449,256,1.0,-1,-1,-1
202,208,328,179,122,100,1.0,-1,-1,-1
202,199,844,233,262,210,1.0,-1,-1,-1
202,206,1047,423,393,246,1.0,-1,-1,-1
202,100,1448,401,449,256,1.0,-1,-1,-1
203,208,331,179,125,103,1.0,-1,-1,-1
203,199,845,236,261,210,1.0,-1,-1,-1
203,206,1062,417,417,261,1.0,-1,-1,-1
203,100,1451,401,452,257,1.0,-1,-1,-1
204,208,333,181,131,103,1.0,-1,-1,-1
204,199,847,239,261,208,1.0,-1,-1,-1
204,209,489,167,108,85,1.0,-1,-1,-1
204,206,1078,418,407,265,1.0,-1,-1,-1
204,100,1452,402,457,257,1.0,-1,-1,-1
205,208,347,183,128,103,1.0,-1,-1,-1
205,199,850,242,261,206,1.0,-1,-1,-1
205,206,1094,417,404,272,1.0,-1,-1,-1
205,100,1452,403,464,256,1.0,-1,-1,-1
206,208,347,184,133,105,1.0,-1,-1,-1
206,199,853,244,263,204,1.0,-1,-1,-1
206,209,472,162,110,84,1.0,-1,-1,-1
206,206,1108,418,403,277,1.0,-1,-1,-1
206,100,1456,404,462,254,1.0,-1,-1,-1
207,208,351,185,131,111,1.0,-1,-1,-1
207,199,854,244,267,206,1.0,-1,-1,-1
207,206,1114,422,412,274,1.0,-1,-1,-1
207,100,1482,401,436,259,1.0,-1,-1,-1
208,208,356,186,132,111,1.0,-1,-1,-1
208,199,853,243,274,206,1.0,-1,-1,-1
208,207,765,197,145,107,1.0,-1,-1,-1
208,206,1130,424,418,276,1.0,-1,-1,-1
208,100,1479,403,439,258,1.0,-1,-1,-1
209,208,359,191,136,112,1.0,-1,-1,-1
209,199,854,243,281,208,1.0,-1,-1,-1
209,207,754,197,151,104,1.0,-1,-1,-1
209,206,1139,431,417,273,1.0,-1,-1,-1
209,100,1467,415,451,261,1.0,-1,-1,-1
210,208,361,190,140,119,1.0,-1,-1,-1
210,199,858,243,284,211,1.0,-1,-1,-1
210,207,756,199,130,97,1.0,-1,-1,-1
210,206,1146,433,428,276,1.0,-1,-1,-1
211,208,366,192,141,118,1.0,-1,-1,-1
211,199,863,242,283,216,1.0,-1,-1,-1
211,207,728,190,144,100,1.0,-1,-1,-1
211,206,1156,435,436,278,1.0,-1,-1,-1
212,208,378,195,142,120,1.0,-1,-1,-1
212,199,869,241,281,218,1.0,-1,-1,-1
212,207,713,187,153,104,1.0,-1,-1,-1
212,206,1163,437,446,279,1.0,-1,-1,-1
213,208,382,199,145,119,1.0,-1,-1,-1
213,199,873,244,281,216,1.0,-1,-1,-1
213,207,715,187,134,101,1.0,-1,-1,-1
213,206,1174,438,440,279,1.0,-1,-1,-1
214,208,387,203,150,117,1.0,-1,-1,-1
214,199,878,246,282,214,1.0,-1,-1,-1
214,207,700,185,134,97,1.0,-1,-1,-1
214,206,1190,447,454,279,1.0,-1,-1,-1
215,208,394,205,152,116,1.0,-1,-1,-1
215,199,880,249,284,212,1.0,-1,-1,-1
215,207,689,184,141,97,1.0,-1,-1,-1
215,206,1201,450,456,283,1.0,-1,-1,-1
216,208,397,206,155,116,1.0,-1,-1,-1
216,199,883,250,284,212,1.0,-1,-1,-1
216,207,682,183,135,92,1.0,-1,-1,-1
216,206,1211,453,462,287,1.0,-1,-1,-1
217,208,413,208,147,117,1.0,-1,-1,-1
217,199,883,251,288,211,1.0,-1,-1,-1
217,207,673,181,121,89,1.0,-1,-1,-1
217,206,1220,457,467,288,1.0,-1,-1,-1
218,208,417,211,151,118,1.0,-1,-1,-1
218,199,882,252,293,211,1.0,-1,-1,-1
218,207,662,179,131,91,1.0,-1,-1,-1
218,206,1228,473,475,291,1.0,-1,-1,-1
219,208,423,212,155,122,1.0,-1,-1,-1
219,199,893,248,294,215,1.0,-1,-1,-1
219,207,657,176,126,93,1.0,-1,-1,-1
219,206,1244,475,494,291,1.0,-1,-1,-1
220,208,428,213,161,124,1.0,-1,-1,-1
220,199,896,247,293,217,1.0,-1,-1,-1
220,207,651,174,123,95,1.0,-1,-1,-1
220,206,1273,466,469,318,1.0,-1,-1,-1
221,208,441,215,159,123,1.0,-1,-1,-1
221,199,901,247,291,219,1.0,-1,-1,-1
221,207,652,174,112,93,1.0,-1,-1,-1
221,206,1269,471,492,300,1.0,-1,-1,-1
222,208,447,220,157,132,1.0,-1,-1,-1
222,199,906,246,289,221,1.0,-1,-1,-1
222,207,638,174,114,89,1.0,-1,-1,-1
222,206,1279,470,495,305,1.0,-1,-1,-1
223,208,451,219,159,137,1.0,-1,-1,-1
223,199,910,246,292,223,1.0,-1,-1,-1
223,207,633,174,111,87,1.0,-1,-1,-1
223,206,1310,464,481,339,1.0,-1,-1,-1
224,208,458,221,158,138,1.0,-1,-1,-1
224,199,912,245,298,226,1.0,-1,-1,-1
224,206,1328,465,478,344,1.0,-1,-1,-1
225,208,465,225,156,138,1.0,-1,-1,-1
225,199,914,247,305,228,1.0,-1,-1,-1
225,206,1344,467,473,346,1.0,-1,-1,-1
226,208,478,228,171,139,1.0,-1,-1,-1
226,199,916,247,310,230,1.0,-1,-1,-1
226,206,1362,473,464,349,1.0,-1,-1,-1
227,208,481,232,180,139,1.0,-1,-1,-1
227,199,919,247,313,231,1.0,-1,-1,-1
227,206,1371,479,464,348,1.0,-1,-1,-1
228,208,488,236,184,138,1.0,-1,-1,-1
228,199,922,248,314,231,1.0,-1,-1,-1
228,206,1379,483,468,347,1.0,-1,-1,-1
229,208,510,241,171,136,1.0,-1,-1,-1
229,199,927,250,313,230,1.0,-1,-1,-1
229,206,1377,486,480,346,1.0,-1,-1,-1
230,208,518,243,168,137,1.0,-1,-1,-1
230,199,931,251,312,229,1.0,-1,-1,-1
230,206,1387,489,496,344,1.0,-1,-1,-1
231,208,524,260,173,130,1.0,-1,-1,-1
231,199,936,252,310,229,1.0,-1,-1,-1
231,206,1393,493,503,343,1.0,-1,-1,-1
232,208,543,265,193,130,1.0,-1,-1,-1
232,199,939,252,311,229,1.0,-1,-1,-1
232,206,1403,497,507,342,1.0,-1,-1,-1
233,208,544,268,207,132,1.0,-1,-1,-1
233,199,940,254,312,228,1.0,-1,-1,-1
233,206,1413,503,505,342,1.0,-1,-1,-1
234,208,547,267,215,140,1.0,-1,-1,-1
234,199,941,256,315,227,1.0,-1,-1,-1
234,206,1428,506,490,345,1.0,-1,-1,-1
235,208,581,267,191,142,1.0,-1,-1,-1
235,199,941,258,318,226,1.0,-1,-1,-1
235,206,1440,507,478,353,1.0,-1,-1,-1
236,208,581,265,204,149,1.0,-1,-1,-1
236,199,943,259,319,226,1.0,-1,-1,-1
237,208,581,267,217,153,1.0,-1,-1,-1
237,199,955,252,316,231,1.0,-1,-1,-1
238,208,600,267,219,163,1.0,-1,-1,-1
238,199,956,251,316,234,1.0,-1,-1,-1
239,208,601,283,231,156,1.0,-1,-1,-1
239,199,956,251,317,235,1.0,-1,-1,-1
240,208,607,285,233,159,1.0,-1,-1,-1
240,199,957,252,317,235,1.0,-1,-1,-1
241,208,652,283,206,172,1.0,-1,-1,-1
241,199,959,252,316,237,1.0,-1,-1,-1
242,208,657,286,213,179,1.0,-1,-1,-1
242,199,961,252,315,239,1.0,-1,-1,-1
243,208,667,286,230,187,1.0,-1,-1,-1
243,199,964,252,314,240,1.0,-1,-1,-1
244,208,668,292,244,183,1.0,-1,-1,-1
244,199,967,253,314,240,1.0,-1,-1,-1
245,208,670,298,255,176,1.0,-1,-1,-1
245,199,970,254,313,240,1.0,-1,-1,-1
246,208,696,302,248,172,1.0,-1,-1,-1
246,199,973,255,314,238,1.0,-1,-1,-1
247,208,691,312,280,177,1.0,-1,-1,-1
247,199,975,255,316,239,1.0,-1,-1,-1
248,208,704,315,284,176,1.0,-1,-1,-1
248,199,977,256,317,239,1.0,-1,-1,-1
249,208,718,317,288,177,1.0,-1,-1,-1
249,199,980,255,320,241,1.0,-1,-1,-1
250,208,730,318,290,182,1.0,-1,-1,-1
250,199,982,255,323,243,1.0,-1,-1,-1
251,208,764,319,278,190,1.0,-1,-1,-1
251,199,982,255,327,244,1.0,-1,-1,-1
252,208,773,320,289,195,1.0,-1,-1,-1
252,199,981,255,330,244,1.0,-1,-1,-1
253,208,788,324,295,200,1.0,-1,-1,-1
254,208,795,330,306,204,1.0,-1,-1,-1
255,208,820,334,309,207,1.0,-1,-1,-1
256,208,832,337,319,215,1.0,-1,-1,-1
257,208,840,340,333,221,1.0,-1,-1,-1
258,208,846,345,349,221,1.0,-1,-1,-1
259,208,867,346,358,217,1.0,-1,-1,-1
260,208,879,347,357,221,1.0,-1,-1,-1
261,208,894,362,362,223,1.0,-1,-1,-1
262,208,903,364,374,231,1.0,-1,-1,-1
263,208,909,367,380,236,1.0,-1,-1,-1
264,208,938,369,390,243,1.0,-1,-1,-1
265,208,952,370,397,248,1.0,-1,-1,-1
266,208,961,372,408,251,1.0,-1,-1,-1
267,208,979,382,407,249,1.0,-1,-1,-1
267,210,1641,349,277,180,1.0,-1,-1,-1
268,208,982,372,441,270,1.0,-1,-1,-1
268,210,1574,345,340,169,1.0,-1,-1,-1
269,208,991,382,454,266,1.0,-1,-1,-1
269,210,1548,338,355,172,1.0,-1,-1,-1
270,208,1005,387,457,264,1.0,-1,-1,-1
270,210,1508,334,317,163,1.0,-1,-1,-1
271,208,1022,392,460,266,1.0,-1,-1,-1
271,210,1475,334,269,137,1.0,-1,-1,-1
272,208,1039,397,463,267,1.0,-1,-1,-1
272,210,1421,324,337,161,1.0,-1,-1,-1
273,208,1056,402,467,269,1.0,-1,-1,-1
273,210,1430,328,273,136,1.0,-1,-1,-1
274,208,1073,407,470,271,1.0,-1,-1,-1
274,210,1383,312,292,144,1.0,-1,-1,-1
275,208,1089,412,473,273,1.0,-1,-1,-1
276,208,1106,417,476,274,1.0,-1,-1,-1
277,208,1123,422,479,276,1.0,-1,-1,-1
278,208,1140,427,482,278,1.0,-1,-1,-1
279,208,1157,432,486,280,1.0,-1,-1,-1
280,208,1174,438,489,281,1.0,-1,-1,-1
281,208,1190,443,492,283,1.0,-1,-1,-1
282,208,1194,445,505,287,1.0,-1,-1,-1
283,208,1230,459,477,325,1.0,-1,-1,-1
283,199,1103,273,383,256,1.0,-1,-1,-1
284,208,1233,467,507,309,1.0,-1,-1,-1
284,199,1105,274,385,255,1.0,-1,-1,-1
285,208,1236,467,515,311,1.0,-1,-1,-1
285,199,1106,271,386,261,1.0,-1,-1,-1
286,208,1242,464,528,318,1.0,-1,-1,-1
286,199,1109,271,384,265,1.0,-1,-1,-1
287,208,1254,461,535,323,1.0,-1,-1,-1
287,199,1119,271,377,268,1.0,-1,-1,-1
288,208,1270,460,541,325,1.0,-1,-1,-1
288,199,1126,275,372,265,1.0,-1,-1,-1
289,208,1289,462,545,324,1.0,-1,-1,-1
289,199,1132,275,367,266,1.0,-1,-1,-1
290,208,1301,465,558,324,1.0,-1,-1,-1
290,210,1003,250,186,113,1.0,-1,-1,-1
290,199,1134,274,367,272,1.0,-1,-1,-1
291,208,1313,465,567,327,1.0,-1,-1,-1
291,210,993,249,186,111,1.0,-1,-1,-1
291,199,1136,274,366,275,1.0,-1,-1,-1
292,208,1322,465,571,335,1.0,-1,-1,-1
292,210,967,241,184,114,1.0,-1,-1,-1
292,199,1137,273,368,278,1.0,-1,-1,-1
293,208,1363,462,550,346,1.0,-1,-1,-1
293,210,958,239,181,114,1.0,-1,-1,-1
293,199,1137,274,370,278,1.0,-1,-1,-1
294,208,1369,464,549,356,1.0,-1,-1,-1
294,210,932,235,181,114,1.0,-1,-1,-1
294,199,1136,275,372,280,1.0,-1,-1,-1
295,208,1378,467,540,362,1.0,-1,-1,-1
295,210,925,232,174,114,1.0,-1,-1,-1
295,199,1137,277,373,280,1.0,-1,-1,-1
296,210,901,232,175,110,1.0,-1,-1,-1
296,199,1146,272,379,285,1.0,-1,-1,-1
297,210,893,230,170,110,1.0,-1,-1,-1
297,199,1144,269,383,288,1.0,-1,-1,-1
298,210,881,223,174,108,1.0,-1,-1,-1
298,199,1144,268,384,291,1.0,-1,-1,-1
299,210,860,223,168,107,1.0,-1,-1,-1
299,199,1144,268,386,293,1.0,-1,-1,-1
300,210,850,220,165,106,1.0,-1,-1,-1
300,199,1145,270,384,293,1.0,-1,-1,-1
301,210,831,217,166,105,1.0,-1,-1,-1
301,199,1146,271,384,293,1.0,-1,-1,-1
302,210,825,213,158,106,1.0,-1,-1,-1
302,199,1147,270,385,293,1.0,-1,-1,-1
303,210,817,209,154,107,1.0,-1,-1,-1
303,199,1148,270,386,292,1.0,-1,-1,-1
304,210,797,207,157,109,1.0,-1,-1,-1
304,199,1150,271,385,291,1.0,-1,-1,-1
305,210,791,205,149,109,1.0,-1,-1,-1
305,199,1152,273,385,290,1.0,-1,-1,-1
306,210,782,205,149,105,1.0,-1,-1,-1
306,199,1154,274,383,290,1.0,-1,-1,-1
307,210,766,202,148,103,1.0,-1,-1,-1
307,199,1155,274,384,291,1.0,-1,-1,-1
308,210,756,201,146,103,1.0,-1,-1,-1
308,199,1156,275,385,292,1.0,-1,-1,-1
308,211,342,161,111,83,1.0,-1,-1,-1
309,210,748,196,144,105,1.0,-1,-1,-1
309,199,1158,276,386,292,1.0,-1,-1,-1
310,210,729,196,150,102,1.0,-1,-1,-1
310,199,1160,278,386,291,1.0,-1,-1,-1
311,210,726,190,142,101,1.0,-1,-1,-1
311,199,1163,279,385,290,1.0,-1,-1,-1
311,211,366,169,102,89,1.0,-1,-1,-1
312,210,718,190,138,99,1.0,-1,-1,-1
312,199,1164,279,385,289,1.0,-1,-1,-1
312,211,369,171,106,90,1.0,-1,-1,-1
313,210,718,185,132,100,1.0,-1,-1,-1
313,199,1166,280,385,289,1.0,-1,-1,-1
313,211,373,172,110,91,1.0,-1,-1,-1
314,210,689,186,154,102,1.0,-1,-1,-1
314,199,1168,281,385,288,1.0,-1,-1,-1
314,211,374,173,115,92,1.0,-1,-1,-1
315,210,681,186,157,102,1.0,-1,-1,-1
315,199,1169,282,386,287,1.0,-1,-1,-1
315,211,376,174,119,94,1.0,-1,-1,-1
316,210,677,185,147,98,1.0,-1,-1,-1
316,199,1170,281,387,290,1.0,-1,-1,-1
316,211,377,176,120,93,1.0,-1,-1,-1
317,210,679,184,132,93,1.0,-1,-1,-1
317,199,1171,280,389,291,1.0,-1,-1,-1
317,211,389,180,117,93,1.0,-1,-1,-1
318,210,661,183,136,91,1.0,-1,-1,-1
318,199,1173,280,391,293,1.0,-1,-1,-1
318,211,394,183,117,93,1.0,-1,-1,-1
319,210,656,180,133,93,1.0,-1,-1,-1
319,199,1178,280,391,294,1.0,-1,-1,-1
319,211,401,184,116,96,1.0,-1,-1,-1
320,210,653,178,125,93,1.0,-1,-1,-1
320,199,1182,280,395,293,1.0,-1,-1,-1
320,211,409,187,114,96,1.0,-1,-1,-1
321,210,650,175,121,96,1.0,-1,-1,-1
321,199,1184,282,403,295,1.0,-1,-1,-1
321,211,413,187,116,99,1.0,-1,-1,-1
322,210,652,175,110,93,1.0,-1,-1,-1
322,199,1184,284,412,298,1.0,-1,-1,-1
322,211,418,188,112,99,1.0,-1,-1,-1
323,210,638,177,115,89,1.0,-1,-1,-1
323,199,1186,286,420,301,1.0,-1,-1,-1
323,211,424,190,120,100,1.0,-1,-1,-1
324,210,633,175,114,87,1.0,-1,-1,-1
324,199,1187,289,423,302,1.0,-1,-1,-1
324,211,427,192,120,99,1.0,-1,-1,-1
325,210,626,175,113,87,1.0,-1,-1,-1
325,199,1202,291,415,299,1.0,-1,-1,-1
325,211,428,197,130,103,1.0,-1,-1,-1
326,199,1207,293,416,299,1.0,-1,-1,-1
326,211,433,200,132,102,1.0,-1,-1,-1
327,199,1214,298,419,294,1.0,-1,-1,-1
327,211,439,203,135,102,1.0,-1,-1,-1
328,199,1224,300,422,293,1.0,-1,-1,-1
328,211,446,205,130,103,1.0,-1,-1,-1
329,199,1233,301,430,294,1.0,-1,-1,-1
329,211,454,209,137,101,1.0,-1,-1,-1
330,199,1241,298,439,303,1.0,-1,-1,-1
330,211,459,213,138,100,1.0,-1,-1,-1
331,199,1248,297,440,311,1.0,-1,-1,-1
331,211,468,216,134,101,1.0,-1,-1,-1
332,199,1262,300,442,306,1.0,-1,-1,-1
332,211,472,219,138,103,1.0,-1,-1,-1
333,199,1262,301,456,310,1.0,-1,-1,-1
333,211,478,219,136,106,1.0,-1,-1,-1
334,210,555,159,110,84,1.0,-1,-1,-1
334,199,1269,302,463,312,1.0,-1,-1,-1
334,211,485,222,127,106,1.0,-1,-1,-1
335,210,548,158,111,85,1.0,-1,-1,-1
335,199,1281,302,471,315,1.0,-1,-1,-1
335,211,497,227,125,113,1.0,-1,-1,-1
336,210,543,158,111,83,1.0,-1,-1,-1
336,199,1300,321,466,301,1.0,-1,-1,-1
336,211,503,228,127,114,1.0,-1,-1,-1
337,199,1340,297,459,359,1.0,-1,-1,-1
337,211,511,230,131,116,1.0,-1,-1,-1
338,210,527,154,113,83,1.0,-1,-1,-1
338,199,1367,296,445,363,1.0,-1,-1,-1
338,211,515,232,145,122,1.0,-1,-1,-1
339,210,522,154,114,84,1.0,-1,-1,-1
339,199,1386,294,434,368,1.0,-1,-1,-1
339,211,527,239,143,119,1.0,-1,-1,-1
340,210,516,153,113,84,1.0,-1,-1,-1
340,199,1396,292,432,373,1.0,-1,-1,-1
340,211,533,243,143,119,1.0,-1,-1,-1
341,210,512,152,110,84,1.0,-1,-1,-1
341,199,1396,293,443,376,1.0,-1,-1,-1
341,211,539,246,145,121,1.0,-1,-1,-1
342,199,1395,310,477,357,1.0,-1,-1,-1
342,211,546,252,144,121,1.0,-1,-1,-1
343,199,1402,312,474,355,1.0,-1,-1,-1
343,211,553,257,144,121,1.0,-1,-1,-1
344,199,1409,313,474,356,1.0,-1,-1,-1
344,211,577,265,154,120,1.0,-1,-1,-1
345,199,1415,314,478,355,1.0,-1,-1,-1
345,211,581,266,158,123,1.0,-1,-1,-1
346,199,1421,318,483,355,1.0,-1,-1,-1
346,211,592,273,160,121,1.0,-1,-1,-1
347,199,1428,319,486,355,1.0,-1,-1,-1
347,211,596,278,170,121,1.0,-1,-1,-1
348,199,1435,320,483,358,1.0,-1,-1,-1
348,211,603,282,176,123,1.0,-1,-1,-1
349,199,1442,321,476,357,1.0,-1,-1,-1
349,211,627,285,168,128,1.0,-1,-1,-1
350,199,1448,324,470,356,1.0,-1,-1,-1
350,211,641,293,166,134,1.0,-1,-1,-1
350,212,1265,296,240,131,1.0,-1,-1,-1
351,211,644,296,174,137,1.0,-1,-1,-1
351,212,1232,295,238,128,1.0,-1,-1,-1
352,211,659,300,182,138,1.0,-1,-1,-1
352,212,1227,283,231,131,1.0,-1,-1,-1
353,211,663,303,194,144,1.0,-1,-1,-1
353,212,1193,275,231,133,1.0,-1,-1,-1
354,211,670,307,196,147,1.0,-1,-1,-1
354,212,1167,270,221,133,1.0,-1,-1,-1
355,211,685,312,204,149,1.0,-1,-1,-1
355,212,1158,266,220,133,1.0,-1,-1,-1
356,211,691,324,214,148,1.0,-1,-1,-1
356,212,1129,265,216,130,1.0,-1,-1,-1
357,211,708,325,227,151,1.0,-1,-1,-1
357,212,1101,266,211,123,1.0,-1,-1,-1
358,211,717,329,228,153,1.0,-1,-1,-1
358,212,1095,264,202,121,1.0,-1,-1,-1
359,211,733,336,215,149,1.0,-1,-1,-1
359,212,1065,262,204,119,1.0,-1,-1,-1
360,211,749,337,234,158,1.0,-1,-1,-1
360,212,1060,255,191,116,1.0,-1,-1,-1
361,211,763,342,227,159,1.0,-1,-1,-1
361,212,1036,255,191,113,1.0,-1,-1,-1
362,211,775,343,251,164,1.0,-1,-1,-1
362,212,1030,254,183,109,1.0,-1,-1,-1
363,211,792,357,236,158,1.0,-1,-1,-1
363,212,999,250,186,109,1.0,-1,-1,-1
364,211,815,359,249,163,1.0,-1,-1,-1
364,212,992,246,179,109,1.0,-1,-1,-1
365,211,827,363,244,166,1.0,-1,-1,-1
365,212,967,238,181,115,1.0,-1,-1,-1
366,211,840,367,265,170,1.0,-1,-1,-1
366,212,961,236,172,113,1.0,-1,-1,-1
367,211,848,366,276,183,1.0,-1,-1,-1
367,212,936,234,174,111,1.0,-1,-1,-1
368,211,870,383,277,177,1.0,-1,-1,-1
368,212,929,231,165,112,1.0,-1,-1,-1
369,211,881,385,286,180,1.0,-1,-1,-1
369,213,1282,247,313,180,1.0,-1,-1,-1
369,212,900,233,175,105,1.0,-1,-1,-1
370,211,905,389,298,183,1.0,-1,-1,-1
370,213,1268,240,310,182,1.0,-1,-1,-1
370,212,895,231,165,105,1.0,-1,-1,-1
371,211,922,394,300,187,1.0,-1,-1,-1
371,213,1227,247,312,166,1.0,-1,-1,-1
371,212,887,223,160,107,1.0,-1,-1,-1
372,211,937,399,307,194,1.0,-1,-1,-1
372,213,1211,248,311,161,1.0,-1,-1,-1
372,212,867,223,160,105,1.0,-1,-1,-1
373,211,965,406,315,200,1.0,-1,-1,-1
373,213,1194,245,310,164,1.0,-1,-1,-1
373,212,860,221,153,102,1.0,-1,-1,-1
374,211,980,412,320,202,1.0,-1,-1,-1
374,213,1175,253,274,153,1.0,-1,-1,-1
374,212,836,218,157,101,1.0,-1,-1,-1
375,211,997,418,328,204,1.0,-1,-1,-1
375,213,1142,241,305,165,1.0,-1,-1,-1
375,212,832,215,147,102,1.0,-1,-1,-1
376,211,1025,421,341,207,1.0,-1,-1,-1
376,213,1126,224,305,169,1.0,-1,-1,-1
376,212,821,209,146,106,1.0,-1,-1,-1
377,211,1042,425,343,214,1.0,-1,-1,-1
377,213,1112,220,315,165,1.0,-1,-1,-1
377,212,802,205,148,107,1.0,-1,-1,-1
378,211,1054,444,363,206,1.0,-1,-1,-1
378,213,1104,232,265,156,1.0,-1,-1,-1
378,212,794,203,146,108,1.0,-1,-1,-1
379,211,1087,449,373,214,1.0,-1,-1,-1
379,213,1091,228,274,159,1.0,-1,-1,-1
379,212,786,208,150,99,1.0,-1,-1,-1
380,211,1108,452,367,222,1.0,-1,-1,-1
380,213,1068,232,268,151,1.0,-1,-1,-1
380,212,768,200,145,103,1.0,-1,-1,-1
381,211,1126,460,372,223,1.0,-1,-1,-1
381,213,1065,230,258,152,1.0,-1,-1,-1
381,212,751,204,163,101,1.0,-1,-1,-1
382,211,1159,467,381,232,1.0,-1,-1,-1
382,213,1043,228,247,147,1.0,-1,-1,-1
382,212,746,202,156,99,1.0,-1,-1,-1
383,211,1178,473,383,238,1.0,-1,-1,-1
383,213,1040,224,235,149,1.0,-1,-1,-1
383,212,733,200,143,98,1.0,-1,-1,-1
384,211,1197,481,382,235,1.0,-1,-1,-1
384,213,1009,222,240,145,1.0,-1,-1,-1
384,212,726,191,141,101,1.0,-1,-1,-1
385,211,1222,484,416,243,1.0,-1,-1,-1
385,213,1003,223,238,142,1.0,-1,-1,-1
385,212,712,188,151,103,1.0,-1,-1,-1
386,211,1241,496,425,250,1.0,-1,-1,-1
386,213,1008,227,218,134,1.0,-1,-1,-1
386,212,711,187,140,101,1.0,-1,-1,-1
387,211,1281,496,435,263,1.0,-1,-1,-1
387,213,971,223,240,134,1.0,-1,-1,-1
387,212,689,187,153,99,1.0,-1,-1,-1
388,211,1295,504,448,265,1.0,-1,-1,-1
388,213,976,227,219,127,1.0,-1,-1,-1
388,212,681,188,154,98,1.0,-1,-1,-1
389,211,1320,509,459,311,1.0,-1,-1,-1
389,213,938,221,238,132,1.0,-1,-1,-1
389,212,678,187,142,95,1.0,-1,-1,-1
390,211,1349,518,466,275,1.0,-1,-1,-1
390,213,931,222,236,127,1.0,-1,-1,-1
390,212,681,187,127,89,1.0,-1,-1,-1
391,211,1378,516,452,322,1.0,-1,-1,-1
391,213,933,207,223,135,1.0,-1,-1,-1
391,212,661,183,132,90,1.0,-1,-1,-1
392,211,1420,535,459,269,1.0,-1,-1,-1
392,213,907,209,226,133,1.0,-1,-1,-1
392,212,657,181,129,91,1.0,-1,-1,-1
393,211,1436,534,478,334,1.0,-1,-1,-1
393,213,900,206,228,135,1.0,-1,-1,-1
393,212,653,179,121,92,1.0,-1,-1,-1
394,211,1469,548,449,342,1.0,-1,-1,-1
394,213,899,205,220,132,1.0,-1,-1,-1
394,212,651,178,115,92,1.0,-1,-1,-1
395,213,878,202,215,130,1.0,-1,-1,-1
395,212,654,178,103,89,1.0,-1,-1,-1
396,213,870,203,217,130,1.0,-1,-1,-1
396,212,639,180,110,84,1.0,-1,-1,-1
397,213,870,205,202,126,1.0,-1,-1,-1
398,213,846,202,205,121,1.0,-1,-1,-1
399,213,845,206,200,116,1.0,-1,-1,-1
400,213,841,203,192,116,1.0,-1,-1,-1
401,213,840,203,184,117,1.0,-1,-1,-1
402,213,809,198,203,117,1.0,-1,-1,-1
403,213,804,199,203,114,1.0,-1,-1,-1
404,213,802,199,192,112,1.0,-1,-1,-1
404,214,1572,326,326,193,1.0,-1,-1,-1
405,213,803,200,183,111,1.0,-1,-1,-1
405,214,1510,321,337,184,1.0,-1,-1,-1
406,213,783,199,186,108,1.0,-1,-1,-1
406,214,1495,319,328,175,1.0,-1,-1,-1
406,212,555,161,116,82,1.0,-1,-1,-1
407,213,778,201,187,105,1.0,-1,-1,-1
407,214,1427,297,351,164,1.0,-1,-1,-1
407,212,550,160,113,82,1.0,-1,-1,-1
408,213,768,177,192,132,1.0,-1,-1,-1
408,214,1411,293,323,175,1.0,-1,-1,-1
408,212,542,156,114,84,1.0,-1,-1,-1
409,213,759,153,197,159,1.0,-1,-1,-1
409,214,1396,289,295,186,1.0,-1,-1,-1
409,212,535,153,116,86,1.0,-1,-1,-1
