229,0,625,780,131,110,1.0,-1,-1,-1
230,0,633,780,134,112,1.0,-1,-1,-1
231,0,640,779,138,114,1.0,-1,-1,-1
232,0,648,779,141,116,1.0,-1,-1,-1
233,0,656,779,145,118,1.0,-1,-1,-1
234,0,664,779,148,120,1.0,-1,-1,-1
235,0,672,779,152,122,1.0,-1,-1,-1
236,0,680,779,155,124,1.0,-1,-1,-1
237,0,688,779,159,126,1.0,-1,-1,-1
238,0,702,784,157,122,1.0,-1,-1,-1
239,0,716,789,155,118,1.0,-1,-1,-1
240,0,731,794,153,114,1.0,-1,-1,-1
241,0,740,793,156,115,1.0,-1,-1,-1
242,0,751,794,150,113,1.0,-1,-1,-1
243,0,766,796,164,119,1.0,-1,-1,-1
244,0,779,794,163,125,1.0,-1,-1,-1
245,0,792,800,163,131,1.0,-1,-1,-1
246,0,809,796,180,145,1.0,-1,-1,-1
247,0,820,795,184,151,1.0,-1,-1,-1
248,0,828,796,193,155,1.0,-1,-1,-1
249,0,851,800,199,154,1.0,-1,-1,-1
250,0,862,802,205,157,1.0,-1,-1,-1
251,0,886,801,223,164,1.0,-1,-1,-1
252,0,896,803,231,168,1.0,-1,-1,-1
253,0,923,804,253,180,1.0,-1,-1,-1
254,0,940,807,244,185,1.0,-1,-1,-1
255,0,971,809,265,191,1.0,-1,-1,-1
256,0,1015,826,273,193,1.0,-1,-1,-1
257,0,1029,825,268,203,1.0,-1,-1,-1
258,0,1048,812,367,246,1.0,-1,-1,-1
259,0,1097,807,427,271,1.0,-1,-1,-1
260,0,1123,836,420,269,1.0,-1,-1,-1
261,0,1175,834,503,296,1.0,-1,-1,-1
262,0,1165,856,561,284,1.0,-1,-1,-1
263,0,1331,813,636,420,1.0,-1,-1,-1
264,0,1308,804,729,436,1.0,-1,-1,-1
265,0,1510,861,720,483,1.0,-1,-1,-1
266,0,1690,879,785,560,1.0,-1,-1,-1
731,34,1877,651,659,283,1.0,-1,-1,-1
732,34,1760,659,700,261,1.0,-1,-1,-1
733,34,1680,656,479,264,1.0,-1,-1,-1
734,34,1598,667,454,245,1.0,-1,-1,-1
735,34,1514,671,441,236,1.0,-1,-1,-1
736,34,1505,677,415,222,1.0,-1,-1,-1
737,34,1453,686,298,189,1.0,-1,-1,-1
738,34,1445,686,297,183,1.0,-1,-1,-1
739,34,1361,684,287,186,1.0,-1,-1,-1
740,34,1322,683,271,187,1.0,-1,-1,-1
741,34,1310,685,272,179,1.0,-1,-1,-1
741,50,550,766,137,109,1.0,-1,-1,-1
742,34,1270,687,257,177,1.0,-1,-1,-1
742,50,555,765,138,110,1.0,-1,-1,-1
743,34,1231,692,244,169,1.0,-1,-1,-1
743,50,561,765,140,111,1.0,-1,-1,-1
744,34,1192,696,236,160,1.0,-1,-1,-1
744,50,566,764,142,112,1.0,-1,-1,-1
745,34,1183,696,227,157,1.0,-1,-1,-1
745,50,572,764,144,113,1.0,-1,-1,-1
746,34,1150,696,215,158,1.0,-1,-1,-1
746,50,577,763,146,114,1.0,-1,-1,-1
747,34,1110,699,219,153,1.0,-1,-1,-1
747,50,583,763,148,115,1.0,-1,-1,-1
748,34,1106,698,199,151,1.0,-1,-1,-1
748,50,588,762,150,116,1.0,-1,-1,-1
749,34,1068,700,201,149,1.0,-1,-1,-1
749,50,594,762,151,117,1.0,-1,-1,-1
750,34,1061,702,188,145,1.0,-1,-1,-1
750,50,599,761,153,118,1.0,-1,-1,-1
751,34,1025,702,195,143,1.0,-1,-1,-1
751,50,605,761,155,119,1.0,-1,-1,-1
752,34,1020,703,181,143,1.0,-1,-1,-1
752,50,610,760,157,120,1.0,-1,-1,-1
753,34,1007,705,177,140,1.0,-1,-1,-1
753,50,616,760,159,121,1.0,-1,-1,-1
754,34,979,705,180,140,1.0,-1,-1,-1
754,50,621,759,161,122,1.0,-1,-1,-1
755,34,967,706,177,142,1.0,-1,-1,-1
755,50,627,759,163,124,1.0,-1,-1,-1
756,34,971,719,150,116,1.0,-1,-1,-1
756,50,636,758,164,125,1.0,-1,-1,-1
757,34,934,720,161,117,1.0,-1,-1,-1
757,50,646,757,165,127,1.0,-1,-1,-1
758,34,916,721,174,115,1.0,-1,-1,-1
758,50,656,756,167,128,1.0,-1,-1,-1
759,34,916,723,156,110,1.0,-1,-1,-1
759,50,666,755,168,130,1.0,-1,-1,-1
760,34,890,725,161,113,1.0,-1,-1,-1
760,50,676,754,170,132,1.0,-1,-1,-1
761,34,878,726,161,111,1.0,-1,-1,-1
761,50,686,753,171,133,1.0,-1,-1,-1
762,34,873,728,150,107,1.0,-1,-1,-1
762,50,696,752,173,135,1.0,-1,-1,-1
763,50,705,751,174,137,1.0,-1,-1,-1
764,50,715,750,176,138,1.0,-1,-1,-1
765,50,725,749,177,140,1.0,-1,-1,-1
766,50,735,748,179,142,1.0,-1,-1,-1
767,50,752,745,178,144,1.0,-1,-1,-1
768,4,1928,654,588,263,1.0,-1,-1,-1
768,50,760,743,167,149,1.0,-1,-1,-1
769,4,1738,661,587,239,1.0,-1,-1,-1
769,50,763,743,172,153,1.0,-1,-1,-1
770,4,1635,660,601,234,1.0,-1,-1,-1
770,50,767,743,176,156,1.0,-1,-1,-1
771,4,1641,654,553,239,1.0,-1,-1,-1
771,50,773,746,182,154,1.0,-1,-1,-1
772,4,1585,660,481,223,1.0,-1,-1,-1
772,50,779,749,188,152,1.0,-1,-1,-1
773,4,1499,665,462,219,1.0,-1,-1,-1
773,50,799,757,192,148,1.0,-1,-1,-1
774,4,1476,669,465,211,1.0,-1,-1,-1
774,50,805,759,196,147,1.0,-1,-1,-1
775,4,1473,680,346,180,1.0,-1,-1,-1
775,50,810,759,204,148,1.0,-1,-1,-1
776,4,1406,678,292,181,1.0,-1,-1,-1
776,50,816,758,213,151,1.0,-1,-1,-1
777,4,1357,678,293,180,1.0,-1,-1,-1
777,50,830,766,221,153,1.0,-1,-1,-1
778,4,1319,681,278,178,1.0,-1,-1,-1
778,50,835,763,220,158,1.0,-1,-1,-1
779,4,1318,680,260,176,1.0,-1,-1,-1
779,50,845,762,221,164,1.0,-1,-1,-1
780,4,1272,684,255,169,1.0,-1,-1,-1
780,50,855,759,223,171,1.0,-1,-1,-1
781,4,1227,686,252,164,1.0,-1,-1,-1
781,50,863,757,225,179,1.0,-1,-1,-1
782,4,1193,690,237,160,1.0,-1,-1,-1
782,50,869,757,244,188,1.0,-1,-1,-1
783,4,1183,691,229,155,1.0,-1,-1,-1
783,50,873,758,252,191,1.0,-1,-1,-1
784,4,1147,692,220,154,1.0,-1,-1,-1
784,50,882,759,255,193,1.0,-1,-1,-1
785,4,1136,697,214,144,1.0,-1,-1,-1
785,50,891,767,260,203,1.0,-1,-1,-1
786,4,1100,697,207,145,1.0,-1,-1,-1
786,50,895,768,262,206,1.0,-1,-1,-1
787,50,907,771,285,208,1.0,-1,-1,-1
788,50,914,771,292,211,1.0,-1,-1,-1
789,50,926,775,288,213,1.0,-1,-1,-1
790,50,949,780,304,223,1.0,-1,-1,-1
791,50,954,772,326,251,1.0,-1,-1,-1
792,50,971,778,333,254,1.0,-1,-1,-1
793,50,986,784,341,255,1.0,-1,-1,-1
794,50,1006,777,378,272,1.0,-1,-1,-1
795,4,914,710,178,136,1.0,-1,-1,-1
795,50,1012,775,393,286,1.0,-1,-1,-1
796,4,897,726,151,115,1.0,-1,-1,-1
796,50,1024,773,424,303,1.0,-1,-1,-1
797,4,878,724,172,116,1.0,-1,-1,-1
797,50,1039,768,438,318,1.0,-1,-1,-1
798,4,869,725,166,112,1.0,-1,-1,-1
798,50,1086,763,461,343,1.0,-1,-1,-1
799,4,881,724,138,109,1.0,-1,-1,-1
799,50,1099,762,487,360,1.0,-1,-1,-1
800,4,835,731,160,111,1.0,-1,-1,-1
800,50,1133,763,530,368,1.0,-1,-1,-1
801,4,828,735,151,106,1.0,-1,-1,-1
801,50,1139,777,569,388,1.0,-1,-1,-1
802,50,1203,766,575,473,1.0,-1,-1,-1
803,50,1234,770,611,479,1.0,-1,-1,-1
804,50,1270,763,701,499,1.0,-1,-1,-1
805,50,1304,775,754,504,1.0,-1,-1,-1
806,50,1328,777,803,498,1.0,-1,-1,-1
807,50,1411,789,914,564,1.0,-1,-1,-1
808,50,1503,789,1022,601,1.0,-1,-1,-1
809,5,1756,641,563,295,1.0,-1,-1,-1
810,5,1677,651,512,272,1.0,-1,-1,-1
811,5,1598,662,461,249,1.0,-1,-1,-1
812,5,1554,663,508,240,1.0,-1,-1,-1
813,5,1499,670,433,218,1.0,-1,-1,-1
814,5,1418,671,424,216,1.0,-1,-1,-1
815,5,1407,675,364,201,1.0,-1,-1,-1
816,5,1396,679,304,186,1.0,-1,-1,-1
817,5,1307,682,302,180,1.0,-1,-1,-1
818,5,1304,683,289,179,1.0,-1,-1,-1
819,5,1265,685,271,174,1.0,-1,-1,-1
820,5,1225,688,264,173,1.0,-1,-1,-1
821,5,1192,692,243,164,1.0,-1,-1,-1
822,5,1181,693,239,161,1.0,-1,-1,-1
823,5,1144,695,228,157,1.0,-1,-1,-1
824,5,1131,698,225,149,1.0,-1,-1,-1
825,5,1098,701,216,147,1.0,-1,-1,-1
826,5,1059,702,218,146,1.0,-1,-1,-1
827,5,1052,703,202,142,1.0,-1,-1,-1
828,5,1021,702,200,146,1.0,-1,-1,-1
829,5,1011,703,192,144,1.0,-1,-1,-1
830,5,997,706,192,139,1.0,-1,-1,-1
831,5,967,705,187,142,1.0,-1,-1,-1
832,5,952,707,187,139,1.0,-1,-1,-1
833,5,929,707,182,142,1.0,-1,-1,-1
834,5,917,709,181,141,1.0,-1,-1,-1
835,5,903,711,183,137,1.0,-1,-1,-1
836,5,889,724,158,119,1.0,-1,-1,-1
837,5,872,723,170,118,1.0,-1,-1,-1
838,5,875,723,150,114,1.0,-1,-1,-1
839,5,846,729,148,113,1.0,-1,-1,-1
840,5,832,732,155,111,1.0,-1,-1,-1
841,5,826,734,146,106,1.0,-1,-1,-1
943,20,0,1178,621,323,1.0,-1,-1,-1
944,20,0,1171,626,324,1.0,-1,-1,-1
945,20,14,1164,631,325,1.0,-1,-1,-1
946,20,30,1157,637,326,1.0,-1,-1,-1
947,20,46,1151,642,327,1.0,-1,-1,-1
948,20,62,1144,647,328,1.0,-1,-1,-1
949,20,78,1137,653,329,1.0,-1,-1,-1
950,20,94,1130,658,330,1.0,-1,-1,-1
951,20,111,1124,664,332,1.0,-1,-1,-1
952,20,129,1122,660,328,1.0,-1,-1,-1
953,20,147,1120,657,325,1.0,-1,-1,-1
954,20,165,1118,653,322,1.0,-1,-1,-1
955,20,183,1116,650,319,1.0,-1,-1,-1
956,20,201,1114,646,315,1.0,-1,-1,-1
957,20,219,1112,643,312,1.0,-1,-1,-1
958,20,237,1110,639,309,1.0,-1,-1,-1
959,20,256,1109,636,306,1.0,-1,-1,-1
960,20,261,1104,644,308,1.0,-1,-1,-1
961,20,266,1099,652,311,1.0,-1,-1,-1
962,20,271,1094,660,314,1.0,-1,-1,-1
963,20,277,1089,669,317,1.0,-1,-1,-1
964,20,282,1084,677,320,1.0,-1,-1,-1
965,20,287,1079,685,323,1.0,-1,-1,-1
966,20,293,1074,694,326,1.0,-1,-1,-1
967,20,308,1074,690,319,1.0,-1,-1,-1
968,20,324,1074,686,312,1.0,-1,-1,-1
969,20,339,1074,683,306,1.0,-1,-1,-1
970,20,355,1075,679,299,1.0,-1,-1,-1
971,20,371,1075,676,293,1.0,-1,-1,-1
972,20,386,1075,672,286,1.0,-1,-1,-1
973,20,402,1076,669,279,1.0,-1,-1,-1
974,20,419,1074,668,276,1.0,-1,-1,-1
975,20,440,1076,648,267,1.0,-1,-1,-1
976,20,466,1058,688,270,1.0,-1,-1,-1
977,20,484,1057,687,267,1.0,-1,-1,-1
978,20,514,1054,673,268,1.0,-1,-1,-1
979,20,539,1052,650,268,1.0,-1,-1,-1
980,20,580,1029,663,284,1.0,-1,-1,-1
981,20,602,1026,662,284,1.0,-1,-1,-1
982,20,633,1024,640,287,1.0,-1,-1,-1
983,20,665,1022,597,291,1.0,-1,-1,-1
984,20,707,1003,647,279,1.0,-1,-1,-1
985,20,741,1000,615,283,1.0,-1,-1,-1
986,20,768,988,688,287,1.0,-1,-1,-1
987,20,786,982,698,294,1.0,-1,-1,-1
988,20,818,978,674,298,1.0,-1,-1,-1
989,20,858,968,720,302,1.0,-1,-1,-1
990,20,881,966,724,307,1.0,-1,-1,-1
991,20,941,960,726,305,1.0,-1,-1,-1
992,20,954,957,749,311,1.0,-1,-1,-1
993,20,989,954,728,316,1.0,-1,-1,-1
994,20,1037,946,747,326,1.0,-1,-1,-1
995,20,1064,926,755,379,1.0,-1,-1,-1
996,20,1116,925,759,394,1.0,-1,-1,-1
997,20,1165,923,745,407,1.0,-1,-1,-1
998,20,1231,926,756,425,1.0,-1,-1,-1
999,20,1253,932,796,438,1.0,-1,-1,-1
1000,20,1303,930,807,473,1.0,-1,-1,-1
1001,20,1387,923,834,515,1.0,-1,-1,-1
1002,20,1417,936,875,535,1.0,-1,-1,-1
1003,20,1464,938,946,559,1.0,-1,-1,-1
1004,20,1512,940,1017,584,1.0,-1,-1,-1
1095,21,1766,567,683,429,1.0,-1,-1,-1
1096,21,1717,570,662,417,1.0,-1,-1,-1
1097,21,1640,588,570,318,1.0,-1,-1,-1
1098,21,1621,593,576,314,1.0,-1,-1,-1
1099,21,1549,595,545,311,1.0,-1,-1,-1
1100,21,1496,596,500,295,1.0,-1,-1,-1
1101,21,1473,598,498,298,1.0,-1,-1,-1
1102,21,1414,606,477,278,1.0,-1,-1,-1
1103,21,1400,611,454,273,1.0,-1,-1,-1
1104,21,1384,610,430,267,1.0,-1,-1,-1
1105,21,1341,621,407,257,1.0,-1,-1,-1
1106,21,1326,627,379,244,1.0,-1,-1,-1
1107,21,1309,628,367,232,1.0,-1,-1,-1
1108,21,1269,636,357,224,1.0,-1,-1,-1
1109,21,1245,636,350,222,1.0,-1,-1,-1
1110,21,1235,644,321,212,1.0,-1,-1,-1
1111,21,1205,647,307,207,1.0,-1,-1,-1
1112,21,1194,651,303,201,1.0,-1,-1,-1
1113,21,1164,655,289,195,1.0,-1,-1,-1
1114,21,1150,657,291,193,1.0,-1,-1,-1
1115,21,1130,658,272,189,1.0,-1,-1,-1
1116,21,1118,658,269,189,1.0,-1,-1,-1
1117,21,1098,662,245,183,1.0,-1,-1,-1
1118,21,1082,661,255,185,1.0,-1,-1,-1
1119,21,1071,664,249,178,1.0,-1,-1,-1
1120,21,1051,668,239,173,1.0,-1,-1,-1
1121,21,1039,668,236,172,1.0,-1,-1,-1
1122,21,1030,671,230,167,1.0,-1,-1,-1
1123,21,1008,676,226,161,1.0,-1,-1,-1
1124,21,998,677,222,159,1.0,-1,-1,-1
1125,21,986,679,220,157,1.0,-1,-1,-1
1126,21,968,679,215,156,1.0,-1,-1,-1
1127,21,959,680,215,153,1.0,-1,-1,-1
1128,21,949,682,209,151,1.0,-1,-1,-1
1129,21,940,683,203,149,1.0,-1,-1,-1
1130,21,925,681,196,153,1.0,-1,-1,-1
1131,21,915,681,196,151,1.0,-1,-1,-1
1132,21,906,683,190,148,1.0,-1,-1,-1
1133,21,896,693,189,145,1.0,-1,-1,-1
1134,21,882,685,188,148,1.0,-1,-1,-1
1135,21,871,692,188,149,1.0,-1,-1,-1
1136,21,860,694,183,145,1.0,-1,-1,-1
1137,21,853,697,179,142,1.0,-1,-1,-1
1138,21,842,694,176,150,1.0,-1,-1,-1
1139,21,833,696,183,148,1.0,-1,-1,-1
1140,21,823,698,188,147,1.0,-1,-1,-1
1141,21,811,700,190,144,1.0,-1,-1,-1
1142,21,804,701,188,144,1.0,-1,-1,-1
1143,21,795,703,165,144,1.0,-1,-1,-1
1144,21,787,704,167,143,1.0,-1,-1,-1
1145,6,1890,668,644,291,1.0,-1,-1,-1
1145,21,782,723,162,116,1.0,-1,-1,-1
1146,6,1829,665,588,280,1.0,-1,-1,-1
1146,21,769,723,171,115,1.0,-1,-1,-1
1147,6,1729,666,581,268,1.0,-1,-1,-1
1147,21,762,723,172,116,1.0,-1,-1,-1
1148,6,1667,668,522,262,1.0,-1,-1,-1
1148,21,760,723,166,116,1.0,-1,-1,-1
1149,6,1628,674,553,249,1.0,-1,-1,-1
1149,21,749,725,160,119,1.0,-1,-1,-1
1150,6,1571,687,497,222,1.0,-1,-1,-1
1150,21,748,729,152,114,1.0,-1,-1,-1
1151,6,1504,694,468,212,1.0,-1,-1,-1
1151,21,743,731,147,110,1.0,-1,-1,-1
1152,6,1490,697,439,201,1.0,-1,-1,-1
1152,21,736,733,148,108,1.0,-1,-1,-1
1153,6,1430,694,428,207,1.0,-1,-1,-1
1153,21,729,733,149,107,1.0,-1,-1,-1
1154,6,1408,693,416,203,1.0,-1,-1,-1
1154,21,727,734,143,106,1.0,-1,-1,-1
1155,6,1393,688,328,203,1.0,-1,-1,-1
1155,21,706,738,139,102,1.0,-1,-1,-1
1156,6,1340,679,379,214,1.0,-1,-1,-1
1157,6,1339,685,322,198,1.0,-1,-1,-1
1158,6,1312,688,298,188,1.0,-1,-1,-1
1159,6,1297,690,302,185,1.0,-1,-1,-1
1160,6,1268,690,281,181,1.0,-1,-1,-1
1161,6,1255,691,281,180,1.0,-1,-1,-1
1162,6,1230,693,265,176,1.0,-1,-1,-1
1163,6,1221,694,258,172,1.0,-1,-1,-1
1164,6,1215,693,248,170,1.0,-1,-1,-1
1165,6,1198,695,231,164,1.0,-1,-1,-1
1166,6,1194,695,222,161,1.0,-1,-1,-1
1167,6,1191,692,209,161,1.0,-1,-1,-1
1168,6,1191,690,196,162,1.0,-1,-1,-1
1169,6,1185,688,183,161,1.0,-1,-1,-1
1170,6,1186,687,178,160,1.0,-1,-1,-1
1171,6,1186,686,168,144,1.0,-1,-1,-1
1172,6,1187,685,166,143,1.0,-1,-1,-1
1173,6,1189,683,164,141,1.0,-1,-1,-1
1174,6,1192,679,159,139,1.0,-1,-1,-1
1175,6,1197,672,154,139,1.0,-1,-1,-1
1176,6,1200,663,150,142,1.0,-1,-1,-1
1177,6,1200,656,168,142,1.0,-1,-1,-1
1178,6,1201,653,171,139,1.0,-1,-1,-1
1180,6,1215,639,175,135,1.0,-1,-1,-1
1216,23,1909,624,623,328,1.0,-1,-1,-1
1217,23,1822,630,599,306,1.0,-1,-1,-1
1218,23,1744,633,561,296,1.0,-1,-1,-1
1219,23,1718,629,581,301,1.0,-1,-1,-1
1220,23,1646,631,548,290,1.0,-1,-1,-1
1221,23,1596,630,476,286,1.0,-1,-1,-1
1222,23,1561,637,501,274,1.0,-1,-1,-1
1223,23,1507,645,442,260,1.0,-1,-1,-1
1224,23,1481,654,436,248,1.0,-1,-1,-1
1225,23,1433,658,396,240,1.0,-1,-1,-1
1226,23,1411,657,384,242,1.0,-1,-1,-1
1227,23,1367,655,355,242,1.0,-1,-1,-1
1228,23,1351,668,307,207,1.0,-1,-1,-1
1229,23,1349,666,289,206,1.0,-1,-1,-1
1230,23,1305,669,291,203,1.0,-1,-1,-1
1231,23,1269,672,273,201,1.0,-1,-1,-1
1232,23,1254,669,281,202,1.0,-1,-1,-1
1233,23,1218,674,273,194,1.0,-1,-1,-1
1234,23,1211,677,262,188,1.0,-1,-1,-1
1235,23,1178,679,252,186,1.0,-1,-1,-1
1236,23,1169,680,243,181,1.0,-1,-1,-1
1237,23,1136,681,243,179,1.0,-1,-1,-1
1238,23,1127,687,232,168,1.0,-1,-1,-1
1239,23,1095,692,228,162,1.0,-1,-1,-1
1240,23,1085,694,220,157,1.0,-1,-1,-1
1240,57,550,768,135,109,1.0,-1,-1,-1
1241,23,1058,696,214,155,1.0,-1,-1,-1
1241,57,555,767,137,110,1.0,-1,-1,-1
1242,23,1047,697,208,152,1.0,-1,-1,-1
1242,57,561,766,139,112,1.0,-1,-1,-1
1243,23,1020,698,205,154,1.0,-1,-1,-1
1243,57,567,766,141,113,1.0,-1,-1,-1
1244,23,1011,699,199,150,1.0,-1,-1,-1
1244,57,573,765,143,115,1.0,-1,-1,-1
1245,23,997,700,198,148,1.0,-1,-1,-1
1245,57,579,765,145,116,1.0,-1,-1,-1
1246,23,973,700,199,151,1.0,-1,-1,-1
1246,57,585,764,147,118,1.0,-1,-1,-1
1247,23,963,699,194,152,1.0,-1,-1,-1
1247,57,591,764,149,119,1.0,-1,-1,-1
1248,23,952,699,188,148,1.0,-1,-1,-1
1248,57,597,763,151,121,1.0,-1,-1,-1
1249,23,936,701,181,147,1.0,-1,-1,-1
1249,57,603,762,153,122,1.0,-1,-1,-1
1250,23,925,701,182,149,1.0,-1,-1,-1
1250,57,609,762,155,124,1.0,-1,-1,-1
1251,23,914,701,178,149,1.0,-1,-1,-1
1251,57,615,761,157,125,1.0,-1,-1,-1
1252,23,906,702,175,147,1.0,-1,-1,-1
1252,57,621,761,159,127,1.0,-1,-1,-1
1253,23,890,701,165,147,1.0,-1,-1,-1
1253,57,627,760,161,128,1.0,-1,-1,-1
1254,23,877,704,167,143,1.0,-1,-1,-1
1254,57,633,760,163,130,1.0,-1,-1,-1
1255,23,873,722,157,117,1.0,-1,-1,-1
1255,57,639,759,165,131,1.0,-1,-1,-1
1256,23,873,720,147,118,1.0,-1,-1,-1
1256,57,645,759,167,133,1.0,-1,-1,-1
1257,23,845,722,150,122,1.0,-1,-1,-1
1257,57,655,759,166,133,1.0,-1,-1,-1
1258,23,834,723,154,119,1.0,-1,-1,-1
1258,57,665,760,166,133,1.0,-1,-1,-1
1259,23,825,726,154,116,1.0,-1,-1,-1
1259,57,675,761,165,133,1.0,-1,-1,-1
1260,23,822,728,146,114,1.0,-1,-1,-1
1260,57,685,761,165,133,1.0,-1,-1,-1
1261,57,695,762,164,133,1.0,-1,-1,-1
1262,57,705,763,164,133,1.0,-1,-1,-1
1263,57,715,763,163,133,1.0,-1,-1,-1
1264,57,725,764,163,133,1.0,-1,-1,-1
1265,57,735,765,162,133,1.0,-1,-1,-1
1266,57,730,758,179,144,1.0,-1,-1,-1
1267,57,738,756,182,147,1.0,-1,-1,-1
1268,57,756,769,180,138,1.0,-1,-1,-1
1269,57,764,774,184,137,1.0,-1,-1,-1
1270,57,774,776,186,139,1.0,-1,-1,-1
1271,57,781,774,191,141,1.0,-1,-1,-1
1272,57,801,782,198,140,1.0,-1,-1,-1
1273,57,809,779,205,146,1.0,-1,-1,-1
1274,57,816,774,213,154,1.0,-1,-1,-1
1275,57,831,779,219,152,1.0,-1,-1,-1
1276,57,842,777,216,158,1.0,-1,-1,-1
1277,57,848,776,230,179,1.0,-1,-1,-1
1278,57,855,773,237,185,1.0,-1,-1,-1
1279,57,874,772,247,190,1.0,-1,-1,-1
1280,57,884,769,252,197,1.0,-1,-1,-1
1281,57,894,769,256,201,1.0,-1,-1,-1
1282,57,915,766,271,209,1.0,-1,-1,-1
1283,57,931,767,267,214,1.0,-1,-1,-1
1284,57,947,768,293,224,1.0,-1,-1,-1
1285,57,958,771,298,232,1.0,-1,-1,-1
1286,57,964,767,332,247,1.0,-1,-1,-1
1287,57,989,770,328,251,1.0,-1,-1,-1
1288,57,994,773,349,254,1.0,-1,-1,-1
1289,57,1030,772,378,276,1.0,-1,-1,-1
1290,57,1048,776,399,286,1.0,-1,-1,-1
1291,57,1080,775,450,308,1.0,-1,-1,-1
1292,57,1104,778,455,324,1.0,-1,-1,-1
1293,57,1133,781,548,330,1.0,-1,-1,-1
1294,57,1161,792,538,360,1.0,-1,-1,-1
1295,57,1235,774,535,452,1.0,-1,-1,-1
1296,57,1261,797,540,386,1.0,-1,-1,-1
1297,57,1349,802,618,460,1.0,-1,-1,-1
1298,57,1362,804,692,461,1.0,-1,-1,-1
1299,57,1441,801,823,540,1.0,-1,-1,-1
1300,57,1521,798,954,619,1.0,-1,-1,-1
1466,8,1703,742,856,362,1.0,-1,-1,-1
1467,8,1605,756,823,353,1.0,-1,-1,-1
1468,8,1507,770,775,344,1.0,-1,-1,-1
1469,8,1409,784,727,335,1.0,-1,-1,-1
1470,8,1312,798,679,327,1.0,-1,-1,-1
1471,8,1053,850,608,321,1.0,-1,-1,-1
1472,8,996,870,589,296,1.0,-1,-1,-1
1473,8,940,891,571,272,1.0,-1,-1,-1
1474,8,858,910,539,265,1.0,-1,-1,-1
1475,8,765,931,534,284,1.0,-1,-1,-1
1476,8,688,956,508,278,1.0,-1,-1,-1
1477,8,597,982,495,272,1.0,-1,-1,-1
1478,8,499,1004,496,261,1.0,-1,-1,-1
1479,8,426,1024,496,261,1.0,-1,-1,-1
1480,8,352,1043,496,262,1.0,-1,-1,-1
1481,8,278,1063,495,262,1.0,-1,-1,-1
1482,8,205,1082,495,262,1.0,-1,-1,-1
1483,8,131,1102,495,262,1.0,-1,-1,-1
1484,8,57,1121,495,262,1.0,-1,-1,-1
1485,8,0,1141,495,263,1.0,-1,-1,-1
1628,10,584,768,127,115,1.0,-1,-1,-1
1629,10,592,767,129,116,1.0,-1,-1,-1
1630,10,601,766,132,117,1.0,-1,-1,-1
1631,10,610,766,135,119,1.0,-1,-1,-1
1632,10,618,765,138,120,1.0,-1,-1,-1
1633,10,627,765,140,121,1.0,-1,-1,-1
1634,10,636,764,143,123,1.0,-1,-1,-1
1635,10,644,764,146,124,1.0,-1,-1,-1
1636,10,653,763,149,125,1.0,-1,-1,-1
1637,10,662,763,152,127,1.0,-1,-1,-1
1638,10,675,765,150,123,1.0,-1,-1,-1
1639,10,689,768,149,120,1.0,-1,-1,-1
1640,10,703,770,148,117,1.0,-1,-1,-1
1641,10,717,773,147,114,1.0,-1,-1,-1
1642,10,730,775,146,111,1.0,-1,-1,-1
1643,10,739,774,148,115,1.0,-1,-1,-1
1644,10,751,774,140,117,1.0,-1,-1,-1
1645,10,771,777,154,115,1.0,-1,-1,-1
1646,10,773,776,162,120,1.0,-1,-1,-1
1647,10,777,767,167,137,1.0,-1,-1,-1
1648,10,785,764,178,145,1.0,-1,-1,-1
1649,10,802,771,184,139,1.0,-1,-1,-1
1650,10,812,778,185,137,1.0,-1,-1,-1
1651,10,822,783,191,136,1.0,-1,-1,-1
1652,10,836,785,210,137,1.0,-1,-1,-1
1653,10,848,785,202,142,1.0,-1,-1,-1
1654,10,859,786,208,159,1.0,-1,-1,-1
1655,10,866,782,216,170,1.0,-1,-1,-1
1656,10,886,779,226,178,1.0,-1,-1,-1
1657,10,894,777,238,185,1.0,-1,-1,-1
1658,10,920,779,251,186,1.0,-1,-1,-1
1659,10,932,781,253,194,1.0,-1,-1,-1
1660,10,962,789,271,196,1.0,-1,-1,-1
1661,10,973,789,275,208,1.0,-1,-1,-1
1662,10,1008,791,292,216,1.0,-1,-1,-1
1663,10,1021,798,288,202,1.0,-1,-1,-1
1664,10,1048,787,362,245,1.0,-1,-1,-1
1665,10,1062,784,388,262,1.0,-1,-1,-1
1666,10,1123,782,411,288,1.0,-1,-1,-1
1667,10,1166,782,508,308,1.0,-1,-1,-1
1668,10,1235,782,539,357,1.0,-1,-1,-1
1669,10,1304,782,570,405,1.0,-1,-1,-1
1670,10,1373,782,601,453,1.0,-1,-1,-1
1671,10,1477,783,742,470,1.0,-1,-1,-1
1672,10,1564,785,835,529,1.0,-1,-1,-1
1673,10,1651,787,908,589,1.0,-1,-1,-1
1782,26,586,766,146,120,1.0,-1,-1,-1
1783,26,594,765,147,121,1.0,-1,-1,-1
1784,26,602,765,149,122,1.0,-1,-1,-1
1785,26,611,764,151,124,1.0,-1,-1,-1
1786,26,619,764,153,125,1.0,-1,-1,-1
1787,26,627,764,155,126,1.0,-1,-1,-1
1788,26,636,763,157,128,1.0,-1,-1,-1
1789,26,644,763,159,129,1.0,-1,-1,-1
1790,26,653,763,161,131,1.0,-1,-1,-1
1791,26,666,765,157,129,1.0,-1,-1,-1
1792,26,679,768,154,127,1.0,-1,-1,-1
1793,26,692,770,151,126,1.0,-1,-1,-1
1794,26,705,773,148,124,1.0,-1,-1,-1
1795,26,718,776,145,123,1.0,-1,-1,-1
1796,26,731,778,142,121,1.0,-1,-1,-1
1797,26,735,778,148,124,1.0,-1,-1,-1
1798,26,742,779,153,125,1.0,-1,-1,-1
1799,26,749,773,157,135,1.0,-1,-1,-1
1800,26,766,777,164,129,1.0,-1,-1,-1
1801,26,772,774,174,141,1.0,-1,-1,-1
1802,26,782,775,177,144,1.0,-1,-1,-1
1803,26,787,774,182,151,1.0,-1,-1,-1
1804,26,807,777,194,151,1.0,-1,-1,-1
1805,26,817,775,199,158,1.0,-1,-1,-1
1806,26,837,778,210,156,1.0,-1,-1,-1
1807,26,845,782,213,173,1.0,-1,-1,-1
1808,26,857,779,215,182,1.0,-1,-1,-1
1809,26,866,778,218,188,1.0,-1,-1,-1
1810,26,886,778,235,196,1.0,-1,-1,-1
1811,26,900,781,235,198,1.0,-1,-1,-1
1812,26,926,782,256,209,1.0,-1,-1,-1
1813,26,938,786,257,214,1.0,-1,-1,-1
1814,26,964,787,285,228,1.0,-1,-1,-1
1815,26,964,782,339,251,1.0,-1,-1,-1
1816,26,986,788,346,256,1.0,-1,-1,-1
1817,26,1036,788,367,276,1.0,-1,-1,-1
1818,26,1050,791,396,289,1.0,-1,-1,-1
1819,26,1106,783,435,325,1.0,-1,-1,-1
1820,26,1154,800,520,345,1.0,-1,-1,-1
1821,26,1192,804,486,355,1.0,-1,-1,-1
1822,26,1281,765,689,486,1.0,-1,-1,-1
1823,26,1345,792,651,484,1.0,-1,-1,-1
1824,26,1445,815,830,548,1.0,-1,-1,-1
1825,26,1588,817,918,621,1.0,-1,-1,-1
2129,29,1917,565,624,447,1.0,-1,-1,-1
2130,29,1827,609,591,335,1.0,-1,-1,-1
2131,29,1811,618,590,315,1.0,-1,-1,-1
2132,29,1733,596,553,310,1.0,-1,-1,-1
2133,29,1664,605,507,296,1.0,-1,-1,-1
2134,29,1601,608,469,291,1.0,-1,-1,-1
2135,29,1580,611,460,284,1.0,-1,-1,-1
2136,29,1520,621,429,266,1.0,-1,-1,-1
2137,29,1490,643,428,252,1.0,-1,-1,-1
2138,29,1439,645,401,248,1.0,-1,-1,-1
2139,29,1425,623,377,260,1.0,-1,-1,-1
2140,29,1358,631,392,243,1.0,-1,-1,-1
2141,29,1351,635,361,235,1.0,-1,-1,-1
2142,29,1328,632,356,235,1.0,-1,-1,-1
2143,29,1308,654,297,202,1.0,-1,-1,-1
2144,29,1299,651,292,206,1.0,-1,-1,-1
2145,29,1260,650,291,211,1.0,-1,-1,-1
2146,29,1253,653,279,205,1.0,-1,-1,-1
2147,29,1219,656,270,202,1.0,-1,-1,-1
2148,29,1213,659,258,194,1.0,-1,-1,-1
2149,29,1183,659,246,197,1.0,-1,-1,-1
2150,29,1172,660,241,195,1.0,-1,-1,-1
2151,29,1142,661,238,191,1.0,-1,-1,-1
2152,29,1131,665,231,185,1.0,-1,-1,-1
2153,29,1111,669,216,176,1.0,-1,-1,-1
2154,29,1100,670,214,176,1.0,-1,-1,-1
2155,29,1087,670,213,174,1.0,-1,-1,-1
2156,29,1061,675,213,163,1.0,-1,-1,-1
2157,29,1048,677,213,160,1.0,-1,-1,-1
2158,29,1038,680,208,155,1.0,-1,-1,-1
2159,29,1013,683,209,149,1.0,-1,-1,-1
2160,29,1004,690,203,154,1.0,-1,-1,-1
2161,29,992,689,202,154,1.0,-1,-1,-1
2162,29,977,689,193,155,1.0,-1,-1,-1
2163,29,968,689,193,155,1.0,-1,-1,-1
2164,29,957,690,188,153,1.0,-1,-1,-1
2165,29,949,692,185,148,1.0,-1,-1,-1
2166,29,931,691,183,151,1.0,-1,-1,-1
2167,29,920,693,184,147,1.0,-1,-1,-1
2168,29,907,693,183,148,1.0,-1,-1,-1
2169,29,900,693,182,151,1.0,-1,-1,-1
2170,29,879,694,182,150,1.0,-1,-1,-1
2171,29,878,693,178,152,1.0,-1,-1,-1
2172,29,865,696,181,148,1.0,-1,-1,-1
2173,29,856,698,179,147,1.0,-1,-1,-1
2174,29,850,701,182,143,1.0,-1,-1,-1
2175,29,838,702,164,142,1.0,-1,-1,-1
2176,29,830,717,160,120,1.0,-1,-1,-1
2177,29,823,718,155,119,1.0,-1,-1,-1
2178,29,808,721,138,119,1.0,-1,-1,-1
2179,29,798,723,148,116,1.0,-1,-1,-1
2180,29,788,726,155,113,1.0,-1,-1,-1
2181,29,777,727,158,110,1.0,-1,-1,-1
2182,29,769,726,158,110,1.0,-1,-1,-1
2183,29,761,731,134,108,1.0,-1,-1,-1
2184,29,754,733,142,108,1.0,-1,-1,-1
2185,29,750,736,140,102,1.0,-1,-1,-1
2187,29,734,739,142,100,1.0,-1,-1,-1
2258,62,591,776,135,120,1.0,-1,-1,-1
2259,62,599,777,136,119,1.0,-1,-1,-1
2260,62,608,778,137,119,1.0,-1,-1,-1
2261,62,616,780,138,119,1.0,-1,-1,-1
2262,62,625,781,139,119,1.0,-1,-1,-1
2263,62,634,782,140,118,1.0,-1,-1,-1
2264,62,642,784,141,118,1.0,-1,-1,-1
2265,62,651,785,142,118,1.0,-1,-1,-1
2266,62,660,787,143,118,1.0,-1,-1,-1
2267,62,671,788,143,117,1.0,-1,-1,-1
2268,62,682,789,144,117,1.0,-1,-1,-1
2269,62,694,791,145,116,1.0,-1,-1,-1
2270,62,705,792,145,116,1.0,-1,-1,-1
2271,62,716,794,146,115,1.0,-1,-1,-1
2272,62,728,795,147,115,1.0,-1,-1,-1
2273,62,739,797,148,114,1.0,-1,-1,-1
2274,62,746,795,153,119,1.0,-1,-1,-1
2275,62,756,795,146,118,1.0,-1,-1,-1
2276,62,778,807,152,120,1.0,-1,-1,-1
2277,62,777,796,186,141,1.0,-1,-1,-1
2278,62,786,795,184,145,1.0,-1,-1,-1
2279,62,805,796,175,151,1.0,-1,-1,-1
2280,62,815,797,174,156,1.0,-1,-1,-1
2281,62,827,800,179,160,1.0,-1,-1,-1
2282,62,834,803,186,162,1.0,-1,-1,-1
2283,62,853,806,198,165,1.0,-1,-1,-1
2284,62,865,811,202,168,1.0,-1,-1,-1
2285,62,885,808,224,186,1.0,-1,-1,-1
2286,62,899,809,221,189,1.0,-1,-1,-1
2287,62,925,824,244,190,1.0,-1,-1,-1
2288,62,938,823,243,203,1.0,-1,-1,-1
2289,62,968,828,266,213,1.0,-1,-1,-1
2290,62,984,835,258,215,1.0,-1,-1,-1
2291,62,1014,843,284,219,1.0,-1,-1,-1
2292,62,1036,853,363,241,1.0,-1,-1,-1
2293,62,1065,854,362,254,1.0,-1,-1,-1
2294,62,1103,853,418,290,1.0,-1,-1,-1
2295,62,1118,860,442,307,1.0,-1,-1,-1
2296,62,1197,871,462,321,1.0,-1,-1,-1
2297,62,1279,864,535,405,1.0,-1,-1,-1
2298,62,1361,858,608,488,1.0,-1,-1,-1
2299,62,1457,875,809,543,1.0,-1,-1,-1
2300,62,1597,887,911,600,1.0,-1,-1,-1
2365,63,1614,668,520,265,1.0,-1,-1,-1
2366,63,1543,680,540,228,1.0,-1,-1,-1
2367,63,1483,686,465,212,1.0,-1,-1,-1
2368,63,1412,685,426,210,1.0,-1,-1,-1
2369,63,1339,678,406,218,1.0,-1,-1,-1
2370,63,1352,679,303,203,1.0,-1,-1,-1
2370,47,584,774,144,114,1.0,-1,-1,-1
2371,63,1314,681,285,194,1.0,-1,-1,-1
2371,47,590,772,146,115,1.0,-1,-1,-1
2372,63,1273,687,265,185,1.0,-1,-1,-1
2372,47,597,771,148,117,1.0,-1,-1,-1
2373,63,1251,689,291,178,1.0,-1,-1,-1
2373,47,604,769,150,119,1.0,-1,-1,-1
2374,63,1216,690,268,175,1.0,-1,-1,-1
2374,47,611,768,152,121,1.0,-1,-1,-1
2375,63,1182,692,249,169,1.0,-1,-1,-1
2375,47,617,766,154,123,1.0,-1,-1,-1
2376,63,1176,695,236,163,1.0,-1,-1,-1
2376,47,624,765,156,125,1.0,-1,-1,-1
2377,63,1140,694,229,162,1.0,-1,-1,-1
2377,47,631,763,158,127,1.0,-1,-1,-1
2378,63,1128,697,226,155,1.0,-1,-1,-1
2378,47,638,762,160,129,1.0,-1,-1,-1
2379,63,1100,695,213,156,1.0,-1,-1,-1
2379,47,645,761,163,131,1.0,-1,-1,-1
2380,63,1088,698,209,150,1.0,-1,-1,-1
2380,47,655,763,161,129,1.0,-1,-1,-1
2381,63,1061,698,200,150,1.0,-1,-1,-1
2381,47,666,765,159,128,1.0,-1,-1,-1
2382,63,1047,702,198,142,1.0,-1,-1,-1
2382,47,677,767,157,127,1.0,-1,-1,-1
2383,63,1025,701,191,146,1.0,-1,-1,-1
2383,47,688,770,156,125,1.0,-1,-1,-1
2384,63,1013,701,188,142,1.0,-1,-1,-1
2384,47,699,772,154,124,1.0,-1,-1,-1
2385,63,1001,702,184,140,1.0,-1,-1,-1
2385,47,710,774,152,123,1.0,-1,-1,-1
2386,63,979,700,184,142,1.0,-1,-1,-1
2386,47,720,777,150,121,1.0,-1,-1,-1
2387,63,968,701,180,142,1.0,-1,-1,-1
2387,47,731,779,149,120,1.0,-1,-1,-1
2388,63,955,701,179,138,1.0,-1,-1,-1
2388,47,739,777,150,123,1.0,-1,-1,-1
2389,63,939,714,163,124,1.0,-1,-1,-1
2389,47,747,776,147,126,1.0,-1,-1,-1
2390,63,924,712,179,123,1.0,-1,-1,-1
2390,47,752,770,154,134,1.0,-1,-1,-1
2391,63,912,714,182,119,1.0,-1,-1,-1
2391,47,765,776,165,131,1.0,-1,-1,-1
2392,63,910,716,170,113,1.0,-1,-1,-1
2392,47,770,774,174,138,1.0,-1,-1,-1
2393,63,890,719,162,114,1.0,-1,-1,-1
2393,47,781,779,174,137,1.0,-1,-1,-1
2394,63,879,720,167,109,1.0,-1,-1,-1
2394,47,791,778,173,139,1.0,-1,-1,-1
2395,63,882,722,146,102,1.0,-1,-1,-1
2395,47,809,777,184,139,1.0,-1,-1,-1
2396,47,815,772,193,147,1.0,-1,-1,-1
2397,47,822,766,200,157,1.0,-1,-1,-1
2398,47,826,762,204,167,1.0,-1,-1,-1
2399,47,844,771,204,164,1.0,-1,-1,-1
2400,47,854,785,208,169,1.0,-1,-1,-1
2401,63,800,732,143,108,1.0,-1,-1,-1
2401,47,865,785,211,174,1.0,-1,-1,-1
2402,63,792,733,151,108,1.0,-1,-1,-1
2402,47,880,783,223,180,1.0,-1,-1,-1
2403,63,786,735,144,105,1.0,-1,-1,-1
2403,47,887,785,229,182,1.0,-1,-1,-1
2404,63,779,735,140,103,1.0,-1,-1,-1
2404,47,898,786,233,185,1.0,-1,-1,-1
2405,47,919,786,250,194,1.0,-1,-1,-1
2406,63,757,738,135,104,1.0,-1,-1,-1
2406,47,929,789,254,200,1.0,-1,-1,-1
2407,47,941,794,256,203,1.0,-1,-1,-1
2408,47,964,795,274,216,1.0,-1,-1,-1
2409,47,979,796,270,216,1.0,-1,-1,-1
2410,47,1011,803,286,229,1.0,-1,-1,-1
2411,47,1027,800,277,238,1.0,-1,-1,-1
2412,47,1044,801,345,255,1.0,-1,-1,-1
2413,47,1060,799,370,271,1.0,-1,-1,-1
2414,47,1092,800,405,310,1.0,-1,-1,-1
