0,236,1373,324,168,148,1.0,-1,-1,-1
1,236,1378,327,170,161,1.0,-1,-1,-1
2,236,1372,342,183,160,1.0,-1,-1,-1
3,236,1370,345,187,166,1.0,-1,-1,-1
4,236,1368,351,190,168,1.0,-1,-1,-1
5,236,1363,355,207,181,1.0,-1,-1,-1
6,236,1360,362,219,185,1.0,-1,-1,-1
7,236,1358,364,229,191,1.0,-1,-1,-1
8,236,1366,369,232,190,1.0,-1,-1,-1
9,236,1366,368,232,199,1.0,-1,-1,-1
10,280,312,583,105,85,1.0,-1,-1,-1
12,280,320,582,107,85,1.0,-1,-1,-1
13,280,320,582,109,87,1.0,-1,-1,-1
14,280,320,581,112,87,1.0,-1,-1,-1
15,280,321,581,112,88,1.0,-1,-1,-1
16,280,322,582,113,87,1.0,-1,-1,-1
17,280,325,582,112,88,1.0,-1,-1,-1
18,280,327,581,112,89,1.0,-1,-1,-1
19,280,330,581,112,91,1.0,-1,-1,-1
20,280,331,579,114,93,1.0,-1,-1,-1
21,280,335,580,114,93,1.0,-1,-1,-1
22,280,337,580,115,95,1.0,-1,-1,-1
23,280,338,580,117,95,1.0,-1,-1,-1
24,280,341,580,124,96,1.0,-1,-1,-1
25,280,342,580,125,97,1.0,-1,-1,-1
26,280,346,578,121,100,1.0,-1,-1,-1
27,280,348,577,123,101,1.0,-1,-1,-1
28,280,349,575,126,104,1.0,-1,-1,-1
29,280,350,574,130,106,1.0,-1,-1,-1
30,280,352,573,132,108,1.0,-1,-1,-1
31,280,356,574,133,107,1.0,-1,-1,-1
32,280,359,573,132,107,1.0,-1,-1,-1
33,280,361,577,133,112,1.0,-1,-1,-1
34,280,364,579,140,110,1.0,-1,-1,-1
35,280,365,579,141,111,1.0,-1,-1,-1
36,280,367,577,144,113,1.0,-1,-1,-1
37,280,369,576,145,116,1.0,-1,-1,-1
38,280,371,575,149,119,1.0,-1,-1,-1
39,280,374,574,152,121,1.0,-1,-1,-1
40,280,376,574,155,122,1.0,-1,-1,-1
41,280,378,573,156,124,1.0,-1,-1,-1
42,280,382,574,165,124,1.0,-1,-1,-1
43,280,384,574,166,125,1.0,-1,-1,-1
44,280,387,574,168,125,1.0,-1,-1,-1
45,280,391,572,170,128,1.0,-1,-1,-1
46,280,394,570,174,132,1.0,-1,-1,-1
47,280,397,567,176,139,1.0,-1,-1,-1
48,280,400,564,176,144,1.0,-1,-1,-1
49,280,403,562,188,148,1.0,-1,-1,-1
50,280,409,564,183,146,1.0,-1,-1,-1
51,280,416,565,181,145,1.0,-1,-1,-1
51,301,300,582,100,87,1.0,-1,-1,-1
52,280,421,565,184,144,1.0,-1,-1,-1
52,301,302,582,101,88,1.0,-1,-1,-1
53,280,426,564,183,147,1.0,-1,-1,-1
53,301,305,582,102,89,1.0,-1,-1,-1
54,280,432,560,195,155,1.0,-1,-1,-1
54,301,307,581,103,89,1.0,-1,-1,-1
55,280,436,562,198,155,1.0,-1,-1,-1
55,301,310,581,105,90,1.0,-1,-1,-1
56,280,442,564,200,153,1.0,-1,-1,-1
56,301,312,581,106,91,1.0,-1,-1,-1
57,280,446,563,202,155,1.0,-1,-1,-1
57,301,315,580,107,91,1.0,-1,-1,-1
58,280,452,560,215,161,1.0,-1,-1,-1
58,301,317,580,108,92,1.0,-1,-1,-1
59,280,457,561,219,167,1.0,-1,-1,-1
59,301,320,580,109,93,1.0,-1,-1,-1
60,280,462,560,226,172,1.0,-1,-1,-1
60,301,322,579,110,93,1.0,-1,-1,-1
61,280,469,558,235,177,1.0,-1,-1,-1
61,301,325,579,111,94,1.0,-1,-1,-1
62,280,475,558,243,180,1.0,-1,-1,-1
62,301,327,579,112,95,1.0,-1,-1,-1
63,280,481,557,250,181,1.0,-1,-1,-1
63,301,330,578,113,95,1.0,-1,-1,-1
64,280,496,547,265,195,1.0,-1,-1,-1
64,301,332,578,114,96,1.0,-1,-1,-1
65,280,502,540,275,205,1.0,-1,-1,-1
65,301,335,578,115,97,1.0,-1,-1,-1
66,280,510,538,287,210,1.0,-1,-1,-1
66,301,337,577,116,97,1.0,-1,-1,-1
67,280,516,542,297,207,1.0,-1,-1,-1
67,301,340,577,117,98,1.0,-1,-1,-1
68,280,535,540,321,215,1.0,-1,-1,-1
68,301,342,577,118,99,1.0,-1,-1,-1
69,280,548,540,329,221,1.0,-1,-1,-1
69,301,345,577,120,100,1.0,-1,-1,-1
69,302,287,579,100,91,1.0,-1,-1,-1
70,280,574,537,362,231,1.0,-1,-1,-1
70,301,351,576,124,102,1.0,-1,-1,-1
70,302,289,578,101,91,1.0,-1,-1,-1
71,280,577,539,389,253,1.0,-1,-1,-1
71,301,358,575,128,104,1.0,-1,-1,-1
71,302,292,578,102,92,1.0,-1,-1,-1
72,280,612,540,392,268,1.0,-1,-1,-1
72,301,365,575,132,107,1.0,-1,-1,-1
72,302,295,578,104,92,1.0,-1,-1,-1
73,280,620,538,429,273,1.0,-1,-1,-1
73,301,371,574,136,109,1.0,-1,-1,-1
73,302,298,578,105,93,1.0,-1,-1,-1
74,280,647,530,491,288,1.0,-1,-1,-1
74,301,378,573,140,112,1.0,-1,-1,-1
74,302,301,578,106,94,1.0,-1,-1,-1
75,280,667,527,526,303,1.0,-1,-1,-1
75,301,385,573,144,114,1.0,-1,-1,-1
75,302,304,578,108,94,1.0,-1,-1,-1
76,280,727,509,595,344,1.0,-1,-1,-1
76,301,391,572,148,117,1.0,-1,-1,-1
76,302,307,578,109,95,1.0,-1,-1,-1
77,280,755,511,597,348,1.0,-1,-1,-1
77,301,398,571,152,119,1.0,-1,-1,-1
77,302,310,578,110,96,1.0,-1,-1,-1
78,280,831,498,678,385,1.0,-1,-1,-1
78,301,405,571,156,122,1.0,-1,-1,-1
78,302,312,577,112,96,1.0,-1,-1,-1
79,280,861,479,738,442,1.0,-1,-1,-1
79,301,412,570,160,124,1.0,-1,-1,-1
79,302,315,577,113,97,1.0,-1,-1,-1
80,303,913,410,475,242,1.0,-1,-1,-1
80,301,418,569,164,126,1.0,-1,-1,-1
80,302,318,577,114,97,1.0,-1,-1,-1
81,303,881,421,449,232,1.0,-1,-1,-1
81,301,425,569,168,129,1.0,-1,-1,-1
81,302,321,577,116,98,1.0,-1,-1,-1
82,303,850,432,422,222,1.0,-1,-1,-1
82,301,432,568,172,131,1.0,-1,-1,-1
82,302,324,577,117,99,1.0,-1,-1,-1
83,303,830,428,436,240,1.0,-1,-1,-1
83,301,438,567,176,134,1.0,-1,-1,-1
83,302,327,577,118,99,1.0,-1,-1,-1
84,303,812,438,401,215,1.0,-1,-1,-1
84,301,445,567,180,136,1.0,-1,-1,-1
84,302,330,577,120,100,1.0,-1,-1,-1
85,303,771,441,388,210,1.0,-1,-1,-1
85,301,452,566,184,139,1.0,-1,-1,-1
85,302,333,577,121,101,1.0,-1,-1,-1
86,303,764,446,370,205,1.0,-1,-1,-1
86,301,458,565,188,141,1.0,-1,-1,-1
86,302,335,576,122,101,1.0,-1,-1,-1
87,303,741,452,330,200,1.0,-1,-1,-1
87,301,465,565,192,144,1.0,-1,-1,-1
87,302,338,576,124,102,1.0,-1,-1,-1
88,303,726,458,327,193,1.0,-1,-1,-1
88,301,472,564,196,146,1.0,-1,-1,-1
88,302,341,576,125,102,1.0,-1,-1,-1
89,303,698,468,303,184,1.0,-1,-1,-1
89,301,479,564,201,149,1.0,-1,-1,-1
89,302,344,576,126,103,1.0,-1,-1,-1
90,303,687,475,294,176,1.0,-1,-1,-1
90,301,501,560,221,159,1.0,-1,-1,-1
90,302,347,576,128,104,1.0,-1,-1,-1
91,303,676,479,282,168,1.0,-1,-1,-1
91,301,524,557,242,169,1.0,-1,-1,-1
91,302,350,576,129,104,1.0,-1,-1,-1
92,301,547,554,263,179,1.0,-1,-1,-1
92,302,353,576,130,105,1.0,-1,-1,-1
93,301,569,551,284,189,1.0,-1,-1,-1
93,302,356,576,132,106,1.0,-1,-1,-1
94,301,592,548,305,200,1.0,-1,-1,-1
94,302,363,575,136,107,1.0,-1,-1,-1
95,301,615,545,325,210,1.0,-1,-1,-1
95,302,370,575,140,109,1.0,-1,-1,-1
96,301,637,542,346,220,1.0,-1,-1,-1
96,302,377,575,145,111,1.0,-1,-1,-1
96,304,247,597,100,89,1.0,-1,-1,-1
97,305,1003,366,596,285,1.0,-1,-1,-1
97,301,660,539,367,230,1.0,-1,-1,-1
97,302,384,574,149,112,1.0,-1,-1,-1
97,304,247,597,101,89,1.0,-1,-1,-1
98,305,972,375,588,275,1.0,-1,-1,-1
98,301,683,536,388,240,1.0,-1,-1,-1
98,302,392,574,153,114,1.0,-1,-1,-1
98,304,248,597,100,91,1.0,-1,-1,-1
99,305,941,384,560,266,1.0,-1,-1,-1
99,303,568,512,190,136,1.0,-1,-1,-1
99,301,706,533,409,251,1.0,-1,-1,-1
99,302,399,574,158,116,1.0,-1,-1,-1
99,304,250,597,101,93,1.0,-1,-1,-1
100,303,558,513,197,134,1.0,-1,-1,-1
100,301,765,524,476,280,1.0,-1,-1,-1
100,302,406,573,162,117,1.0,-1,-1,-1
100,304,251,597,103,95,1.0,-1,-1,-1
101,303,547,514,182,132,1.0,-1,-1,-1
101,301,824,516,543,309,1.0,-1,-1,-1
101,302,413,573,166,119,1.0,-1,-1,-1
101,304,251,598,104,95,1.0,-1,-1,-1
102,303,543,518,177,126,1.0,-1,-1,-1
102,301,883,507,610,338,1.0,-1,-1,-1
102,302,421,573,171,121,1.0,-1,-1,-1
102,304,252,600,104,94,1.0,-1,-1,-1
103,301,942,499,657,368,1.0,-1,-1,-1
103,302,436,570,178,126,1.0,-1,-1,-1
103,304,252,601,116,98,1.0,-1,-1,-1
104,305,788,432,417,221,1.0,-1,-1,-1
104,302,452,567,185,131,1.0,-1,-1,-1
104,304,252,603,118,98,1.0,-1,-1,-1
105,305,757,441,389,212,1.0,-1,-1,-1
105,302,467,564,192,137,1.0,-1,-1,-1
105,304,253,604,119,99,1.0,-1,-1,-1
106,305,739,447,342,206,1.0,-1,-1,-1
106,302,483,561,199,142,1.0,-1,-1,-1
106,304,257,603,123,104,1.0,-1,-1,-1
107,305,724,456,341,196,1.0,-1,-1,-1
107,302,498,558,206,148,1.0,-1,-1,-1
107,304,259,603,126,105,1.0,-1,-1,-1
108,305,714,466,332,185,1.0,-1,-1,-1
108,302,514,555,213,153,1.0,-1,-1,-1
108,304,263,604,125,105,1.0,-1,-1,-1
109,305,686,477,294,175,1.0,-1,-1,-1
109,302,530,553,220,159,1.0,-1,-1,-1
109,304,268,610,127,110,1.0,-1,-1,-1
110,302,554,551,236,167,1.0,-1,-1,-1
110,304,271,610,126,112,1.0,-1,-1,-1
111,303,473,537,135,107,1.0,-1,-1,-1
111,302,578,549,253,175,1.0,-1,-1,-1
111,304,272,612,128,112,1.0,-1,-1,-1
112,303,468,539,134,104,1.0,-1,-1,-1
112,302,603,548,270,183,1.0,-1,-1,-1
112,304,277,616,132,110,1.0,-1,-1,-1
113,303,462,541,134,101,1.0,-1,-1,-1
113,302,642,541,305,197,1.0,-1,-1,-1
113,304,280,619,137,111,1.0,-1,-1,-1
114,303,450,543,132,101,1.0,-1,-1,-1
114,302,681,534,341,212,1.0,-1,-1,-1
114,304,284,619,144,113,1.0,-1,-1,-1
115,303,444,545,134,100,1.0,-1,-1,-1
115,302,720,527,377,227,1.0,-1,-1,-1
115,304,287,619,151,116,1.0,-1,-1,-1
116,305,588,512,202,135,1.0,-1,-1,-1
116,303,438,545,131,99,1.0,-1,-1,-1
116,302,760,521,413,242,1.0,-1,-1,-1
116,304,294,619,160,121,1.0,-1,-1,-1
117,305,573,515,188,133,1.0,-1,-1,-1
117,303,433,546,129,97,1.0,-1,-1,-1
117,302,839,509,482,272,1.0,-1,-1,-1
117,304,296,617,167,128,1.0,-1,-1,-1
118,305,568,519,191,126,1.0,-1,-1,-1
118,303,426,546,126,97,1.0,-1,-1,-1
118,302,918,498,552,302,1.0,-1,-1,-1
118,304,299,615,174,135,1.0,-1,-1,-1
119,305,569,521,174,122,1.0,-1,-1,-1
119,303,422,546,127,98,1.0,-1,-1,-1
119,302,998,487,601,332,1.0,-1,-1,-1
119,304,304,615,177,139,1.0,-1,-1,-1
120,305,543,521,177,124,1.0,-1,-1,-1
120,303,420,548,116,94,1.0,-1,-1,-1
120,304,317,620,190,154,1.0,-1,-1,-1
121,305,538,521,174,124,1.0,-1,-1,-1
121,303,418,547,113,95,1.0,-1,-1,-1
121,304,322,619,196,160,1.0,-1,-1,-1
122,305,521,521,172,125,1.0,-1,-1,-1
122,303,416,546,110,96,1.0,-1,-1,-1
122,304,335,628,213,157,1.0,-1,-1,-1
123,305,516,522,169,123,1.0,-1,-1,-1
123,303,406,544,118,97,1.0,-1,-1,-1
123,304,337,631,237,165,1.0,-1,-1,-1
124,305,513,526,161,118,1.0,-1,-1,-1
124,303,399,545,113,97,1.0,-1,-1,-1
124,304,344,630,252,174,1.0,-1,-1,-1
125,305,496,532,156,113,1.0,-1,-1,-1
125,303,395,547,114,94,1.0,-1,-1,-1
125,304,350,634,266,190,1.0,-1,-1,-1
126,305,490,533,153,112,1.0,-1,-1,-1
126,303,392,550,109,92,1.0,-1,-1,-1
126,304,372,630,300,214,1.0,-1,-1,-1
127,305,486,535,149,110,1.0,-1,-1,-1
127,303,391,553,105,88,1.0,-1,-1,-1
127,304,403,630,341,243,1.0,-1,-1,-1
128,305,474,539,146,107,1.0,-1,-1,-1
128,303,389,554,103,86,1.0,-1,-1,-1
128,304,418,629,333,250,1.0,-1,-1,-1
129,305,471,541,141,105,1.0,-1,-1,-1
129,304,450,616,413,311,1.0,-1,-1,-1
130,305,466,542,137,104,1.0,-1,-1,-1
130,304,452,641,483,345,1.0,-1,-1,-1
131,305,462,542,134,103,1.0,-1,-1,-1
131,304,517,645,703,457,1.0,-1,-1,-1
131,306,1453,261,96,92,1.0,-1,-1,-1
132,305,450,544,133,101,1.0,-1,-1,-1
132,304,581,648,923,550,1.0,-1,-1,-1
132,306,1452,260,98,94,1.0,-1,-1,-1
133,305,445,546,132,98,1.0,-1,-1,-1
133,306,1451,259,100,97,1.0,-1,-1,-1
134,305,439,546,130,98,1.0,-1,-1,-1
134,307,310,590,103,86,1.0,-1,-1,-1
134,306,1447,257,110,100,1.0,-1,-1,-1
135,305,443,548,117,96,1.0,-1,-1,-1
135,307,312,590,105,87,1.0,-1,-1,-1
135,306,1446,259,111,99,1.0,-1,-1,-1
136,305,448,547,105,94,1.0,-1,-1,-1
136,307,319,590,108,87,1.0,-1,-1,-1
136,306,1445,261,112,97,1.0,-1,-1,-1
137,305,427,549,117,96,1.0,-1,-1,-1
137,307,321,588,111,91,1.0,-1,-1,-1
137,306,1444,264,113,96,1.0,-1,-1,-1
138,305,423,550,112,92,1.0,-1,-1,-1
138,307,325,589,112,92,1.0,-1,-1,-1
138,306,1442,265,114,97,1.0,-1,-1,-1
139,305,420,550,111,92,1.0,-1,-1,-1
139,307,331,589,112,94,1.0,-1,-1,-1
139,306,1441,267,115,97,1.0,-1,-1,-1
140,305,416,550,109,92,1.0,-1,-1,-1
140,307,334,582,117,102,1.0,-1,-1,-1
140,306,1439,267,116,99,1.0,-1,-1,-1
141,305,415,550,106,90,1.0,-1,-1,-1
141,307,337,573,118,107,1.0,-1,-1,-1
141,306,1438,269,117,100,1.0,-1,-1,-1
142,307,345,581,121,107,1.0,-1,-1,-1
142,306,1438,269,117,101,1.0,-1,-1,-1
143,307,349,583,125,108,1.0,-1,-1,-1
143,306,1438,269,117,102,1.0,-1,-1,-1
144,307,355,584,130,109,1.0,-1,-1,-1
144,306,1437,269,117,104,1.0,-1,-1,-1
145,307,359,583,133,111,1.0,-1,-1,-1
145,306,1436,268,118,107,1.0,-1,-1,-1
146,307,373,581,136,111,1.0,-1,-1,-1
146,306,1435,266,119,110,1.0,-1,-1,-1
147,307,378,578,142,117,1.0,-1,-1,-1
147,306,1431,267,124,119,1.0,-1,-1,-1
148,307,382,579,148,119,1.0,-1,-1,-1
148,306,1430,268,125,120,1.0,-1,-1,-1
149,307,393,581,157,117,1.0,-1,-1,-1
149,306,1429,269,125,120,1.0,-1,-1,-1
150,307,400,582,162,117,1.0,-1,-1,-1
150,306,1429,271,125,119,1.0,-1,-1,-1
151,307,415,578,171,123,1.0,-1,-1,-1
151,306,1428,273,125,118,1.0,-1,-1,-1
152,307,422,576,174,127,1.0,-1,-1,-1
152,306,1427,275,124,117,1.0,-1,-1,-1
153,307,439,573,188,134,1.0,-1,-1,-1
153,306,1427,276,124,118,1.0,-1,-1,-1
154,307,447,572,190,138,1.0,-1,-1,-1
154,306,1427,277,124,119,1.0,-1,-1,-1
155,307,465,570,206,146,1.0,-1,-1,-1
155,306,1426,278,124,120,1.0,-1,-1,-1
156,307,471,570,234,157,1.0,-1,-1,-1
156,306,1424,280,126,121,1.0,-1,-1,-1
157,307,502,565,251,164,1.0,-1,-1,-1
157,306,1421,281,129,123,1.0,-1,-1,-1
158,307,518,570,250,164,1.0,-1,-1,-1
158,306,1418,282,131,124,1.0,-1,-1,-1
159,307,519,564,280,173,1.0,-1,-1,-1
159,306,1416,282,132,127,1.0,-1,-1,-1
160,307,567,558,283,187,1.0,-1,-1,-1
160,306,1415,283,131,128,1.0,-1,-1,-1
161,307,598,553,333,197,1.0,-1,-1,-1
161,306,1413,284,134,129,1.0,-1,-1,-1
162,307,608,547,337,200,1.0,-1,-1,-1
162,306,1411,285,136,127,1.0,-1,-1,-1
163,307,667,541,481,271,1.0,-1,-1,-1
163,306,1407,295,147,124,1.0,-1,-1,-1
164,307,674,543,505,263,1.0,-1,-1,-1
164,306,1404,295,151,125,1.0,-1,-1,-1
165,307,782,533,532,282,1.0,-1,-1,-1
165,306,1403,296,153,126,1.0,-1,-1,-1
166,307,852,501,658,347,1.0,-1,-1,-1
166,306,1400,293,150,131,1.0,-1,-1,-1
167,306,1399,293,150,132,1.0,-1,-1,-1
168,306,1398,296,152,131,1.0,-1,-1,-1
169,306,1398,298,153,131,1.0,-1,-1,-1
170,306,1396,300,154,132,1.0,-1,-1,-1
171,306,1395,298,154,135,1.0,-1,-1,-1
172,306,1394,298,154,138,1.0,-1,-1,-1
173,306,1394,297,155,140,1.0,-1,-1,-1
174,306,1393,298,156,140,1.0,-1,-1,-1
175,306,1392,298,156,141,1.0,-1,-1,-1
176,306,1391,299,157,143,1.0,-1,-1,-1
177,306,1390,298,158,146,1.0,-1,-1,-1
178,306,1388,299,160,146,1.0,-1,-1,-1
179,306,1387,300,161,146,1.0,-1,-1,-1
180,306,1386,301,162,147,1.0,-1,-1,-1
181,306,1386,301,162,148,1.0,-1,-1,-1
182,306,1386,300,161,150,1.0,-1,-1,-1
183,306,1385,299,162,152,1.0,-1,-1,-1
184,306,1384,298,161,154,1.0,-1,-1,-1
185,306,1384,297,161,155,1.0,-1,-1,-1
186,306,1384,297,161,156,1.0,-1,-1,-1
187,306,1384,297,161,156,1.0,-1,-1,-1
188,306,1384,297,161,157,1.0,-1,-1,-1
189,306,1384,297,161,156,1.0,-1,-1,-1
190,306,1384,298,161,155,1.0,-1,-1,-1
191,306,1384,298,161,153,1.0,-1,-1,-1
192,306,1385,298,161,153,1.0,-1,-1,-1
193,306,1385,298,161,153,1.0,-1,-1,-1
194,306,1385,298,161,153,1.0,-1,-1,-1
195,306,1385,298,161,153,1.0,-1,-1,-1
196,306,1385,298,161,153,1.0,-1,-1,-1
197,306,1385,299,161,153,1.0,-1,-1,-1
198,306,1385,299,160,153,1.0,-1,-1,-1
199,306,1385,299,161,153,1.0,-1,-1,-1
200,306,1384,299,161,152,1.0,-1,-1,-1
201,306,1384,299,162,152,1.0,-1,-1,-1
202,306,1384,299,162,152,1.0,-1,-1,-1
203,306,1385,299,162,151,1.0,-1,-1,-1
204,306,1385,300,162,151,1.0,-1,-1,-1
205,306,1385,300,162,151,1.0,-1,-1,-1
206,306,1385,300,162,151,1.0,-1,-1,-1
207,306,1385,300,162,151,1.0,-1,-1,-1
208,306,1385,300,162,151,1.0,-1,-1,-1
209,306,1385,300,162,151,1.0,-1,-1,-1
210,306,1385,300,162,151,1.0,-1,-1,-1
211,306,1385,300,162,151,1.0,-1,-1,-1
212,306,1385,300,162,151,1.0,-1,-1,-1
213,306,1384,300,162,151,1.0,-1,-1,-1
214,306,1384,299,161,152,1.0,-1,-1,-1
215,306,1384,300,161,152,1.0,-1,-1,-1
216,306,1384,300,161,152,1.0,-1,-1,-1
217,306,1384,300,161,152,1.0,-1,-1,-1
218,306,1384,300,162,151,1.0,-1,-1,-1
219,306,1384,300,162,151,1.0,-1,-1,-1
220,306,1384,300,162,151,1.0,-1,-1,-1
221,306,1384,300,162,151,1.0,-1,-1,-1
222,306,1384,300,162,151,1.0,-1,-1,-1
223,306,1384,300,162,151,1.0,-1,-1,-1
224,306,1385,300,162,151,1.0,-1,-1,-1
225,306,1385,300,162,151,1.0,-1,-1,-1
226,306,1384,300,162,151,1.0,-1,-1,-1
227,306,1384,300,162,151,1.0,-1,-1,-1
228,306,1384,300,162,151,1.0,-1,-1,-1
229,306,1384,300,162,151,1.0,-1,-1,-1
230,306,1384,300,162,151,1.0,-1,-1,-1
231,306,1384,301,162,151,1.0,-1,-1,-1
232,306,1384,301,162,150,1.0,-1,-1,-1
233,306,1384,301,162,149,1.0,-1,-1,-1
234,306,1384,302,163,148,1.0,-1,-1,-1
235,306,1385,303,163,147,1.0,-1,-1,-1
236,306,1385,303,162,147,1.0,-1,-1,-1
237,306,1385,303,162,147,1.0,-1,-1,-1
238,306,1385,303,162,147,1.0,-1,-1,-1
239,306,1385,302,163,147,1.0,-1,-1,-1
240,306,1385,302,163,148,1.0,-1,-1,-1
241,306,1385,302,163,148,1.0,-1,-1,-1
241,308,308,581,101,87,1.0,-1,-1,-1
242,306,1385,302,163,148,1.0,-1,-1,-1
243,306,1385,302,163,148,1.0,-1,-1,-1
243,308,324,577,107,90,1.0,-1,-1,-1
243,309,251,587,95,91,1.0,-1,-1,-1
244,306,1385,302,163,147,1.0,-1,-1,-1
244,308,325,577,110,92,1.0,-1,-1,-1
244,309,251,587,96,93,1.0,-1,-1,-1
245,306,1384,303,163,146,1.0,-1,-1,-1
245,308,327,578,112,93,1.0,-1,-1,-1
245,309,252,587,97,94,1.0,-1,-1,-1
246,306,1384,303,163,146,1.0,-1,-1,-1
246,308,328,579,118,95,1.0,-1,-1,-1
246,309,252,587,98,95,1.0,-1,-1,-1
247,306,1384,303,163,146,1.0,-1,-1,-1
247,308,332,579,120,95,1.0,-1,-1,-1
247,309,253,587,99,96,1.0,-1,-1,-1
248,306,1385,303,162,146,1.0,-1,-1,-1
248,308,331,574,126,103,1.0,-1,-1,-1
248,309,254,587,100,98,1.0,-1,-1,-1
249,306,1385,303,162,146,1.0,-1,-1,-1
249,308,343,573,125,104,1.0,-1,-1,-1
249,309,255,587,104,101,1.0,-1,-1,-1
250,306,1385,303,162,146,1.0,-1,-1,-1
250,308,344,570,132,107,1.0,-1,-1,-1
250,309,256,587,108,105,1.0,-1,-1,-1
251,306,1385,303,162,146,1.0,-1,-1,-1
251,308,347,567,138,112,1.0,-1,-1,-1
251,309,257,587,112,108,1.0,-1,-1,-1
252,306,1385,303,163,146,1.0,-1,-1,-1
252,308,351,565,142,115,1.0,-1,-1,-1
252,309,258,588,116,112,1.0,-1,-1,-1
253,306,1385,303,163,145,1.0,-1,-1,-1
253,308,355,564,144,118,1.0,-1,-1,-1
253,309,259,588,120,115,1.0,-1,-1,-1
254,306,1385,303,163,145,1.0,-1,-1,-1
254,308,361,561,153,123,1.0,-1,-1,-1
254,309,260,588,124,119,1.0,-1,-1,-1
255,306,1385,304,162,145,1.0,-1,-1,-1
255,308,366,558,160,128,1.0,-1,-1,-1
255,309,261,589,128,122,1.0,-1,-1,-1
256,306,1385,304,162,144,1.0,-1,-1,-1
256,308,371,554,165,134,1.0,-1,-1,-1
256,309,262,589,133,126,1.0,-1,-1,-1
257,306,1385,305,162,143,1.0,-1,-1,-1
257,308,379,554,180,139,1.0,-1,-1,-1
257,309,263,589,137,130,1.0,-1,-1,-1
258,306,1386,305,162,142,1.0,-1,-1,-1
258,308,385,552,183,144,1.0,-1,-1,-1
258,309,264,590,141,133,1.0,-1,-1,-1
259,306,1386,305,162,142,1.0,-1,-1,-1
259,308,391,551,186,144,1.0,-1,-1,-1
259,309,265,590,145,137,1.0,-1,-1,-1
260,306,1386,305,163,142,1.0,-1,-1,-1
260,308,401,550,202,147,1.0,-1,-1,-1
260,309,266,590,149,140,1.0,-1,-1,-1
261,306,1386,305,163,142,1.0,-1,-1,-1
261,308,410,549,201,148,1.0,-1,-1,-1
261,309,267,591,153,144,1.0,-1,-1,-1
262,306,1386,305,163,142,1.0,-1,-1,-1
262,308,426,547,213,154,1.0,-1,-1,-1
262,309,268,591,157,147,1.0,-1,-1,-1
263,306,1386,305,163,143,1.0,-1,-1,-1
263,308,426,547,231,164,1.0,-1,-1,-1
263,309,269,591,161,151,1.0,-1,-1,-1
264,306,1385,305,163,144,1.0,-1,-1,-1
264,308,448,547,235,166,1.0,-1,-1,-1
264,309,271,592,166,155,1.0,-1,-1,-1
265,306,1385,304,163,144,1.0,-1,-1,-1
265,308,460,544,247,173,1.0,-1,-1,-1
265,309,276,596,173,157,1.0,-1,-1,-1
266,306,1385,304,163,145,1.0,-1,-1,-1
266,308,469,537,263,185,1.0,-1,-1,-1
266,309,282,600,180,160,1.0,-1,-1,-1
267,306,1385,303,162,146,1.0,-1,-1,-1
267,308,500,527,271,203,1.0,-1,-1,-1
267,309,287,604,187,163,1.0,-1,-1,-1
268,306,1385,303,162,146,1.0,-1,-1,-1
268,308,506,520,298,215,1.0,-1,-1,-1
268,309,293,609,194,166,1.0,-1,-1,-1
269,306,1385,303,162,147,1.0,-1,-1,-1
269,308,540,514,327,226,1.0,-1,-1,-1
269,309,302,609,216,184,1.0,-1,-1,-1
270,306,1385,303,162,147,1.0,-1,-1,-1
270,308,582,509,352,236,1.0,-1,-1,-1
270,309,312,610,239,203,1.0,-1,-1,-1
270,310,245,600,101,89,1.0,-1,-1,-1
271,306,1385,303,162,147,1.0,-1,-1,-1
271,308,599,504,389,278,1.0,-1,-1,-1
271,309,322,611,261,221,1.0,-1,-1,-1
271,310,246,600,102,92,1.0,-1,-1,-1
272,306,1385,303,162,147,1.0,-1,-1,-1
272,308,603,499,452,281,1.0,-1,-1,-1
272,309,332,612,284,240,1.0,-1,-1,-1
272,310,247,600,102,93,1.0,-1,-1,-1
273,306,1385,302,162,149,1.0,-1,-1,-1
273,308,673,489,485,306,1.0,-1,-1,-1
273,309,342,613,306,258,1.0,-1,-1,-1
273,310,247,599,104,95,1.0,-1,-1,-1
274,306,1385,301,162,151,1.0,-1,-1,-1
274,308,641,485,606,306,1.0,-1,-1,-1
274,309,352,614,329,277,1.0,-1,-1,-1
274,310,247,600,107,95,1.0,-1,-1,-1
275,306,1385,300,161,153,1.0,-1,-1,-1
275,308,794,432,805,434,1.0,-1,-1,-1
275,309,381,618,386,325,1.0,-1,-1,-1
275,310,246,600,109,95,1.0,-1,-1,-1
276,306,1385,300,161,151,1.0,-1,-1,-1
276,308,823,436,716,399,1.0,-1,-1,-1
276,309,410,623,443,374,1.0,-1,-1,-1
276,310,247,602,107,92,1.0,-1,-1,-1
277,306,1386,301,161,143,1.0,-1,-1,-1
277,309,455,622,593,486,1.0,-1,-1,-1
277,310,253,607,118,97,1.0,-1,-1,-1
278,306,1385,301,161,143,1.0,-1,-1,-1
278,309,501,622,743,577,1.0,-1,-1,-1
278,310,253,604,125,104,1.0,-1,-1,-1
279,306,1385,302,161,145,1.0,-1,-1,-1
279,310,253,604,128,105,1.0,-1,-1,-1
280,306,1384,302,162,150,1.0,-1,-1,-1
280,310,254,603,132,108,1.0,-1,-1,-1
281,306,1385,303,162,148,1.0,-1,-1,-1
281,310,258,607,136,117,1.0,-1,-1,-1
282,306,1385,303,161,146,1.0,-1,-1,-1
282,310,260,607,138,121,1.0,-1,-1,-1
283,306,1385,304,161,144,1.0,-1,-1,-1
283,310,261,606,143,126,1.0,-1,-1,-1
284,306,1386,305,161,144,1.0,-1,-1,-1
284,310,260,606,148,130,1.0,-1,-1,-1
285,306,1386,305,161,143,1.0,-1,-1,-1
285,310,266,607,158,137,1.0,-1,-1,-1
286,306,1386,305,161,143,1.0,-1,-1,-1
286,310,268,605,163,144,1.0,-1,-1,-1
287,306,1387,304,161,143,1.0,-1,-1,-1
287,310,270,604,170,152,1.0,-1,-1,-1
288,306,1387,304,161,143,1.0,-1,-1,-1
288,310,272,605,177,156,1.0,-1,-1,-1
289,306,1387,304,161,144,1.0,-1,-1,-1
289,310,279,608,195,156,1.0,-1,-1,-1
290,306,1387,304,161,144,1.0,-1,-1,-1
290,310,284,612,203,171,1.0,-1,-1,-1
291,306,1387,304,162,144,1.0,-1,-1,-1
291,310,287,609,224,185,1.0,-1,-1,-1
292,306,1387,304,162,144,1.0,-1,-1,-1
292,310,296,611,235,198,1.0,-1,-1,-1
293,306,1387,304,162,144,1.0,-1,-1,-1
293,310,315,610,252,213,1.0,-1,-1,-1
294,306,1387,304,162,144,1.0,-1,-1,-1
294,310,319,621,278,228,1.0,-1,-1,-1
295,306,1387,302,161,148,1.0,-1,-1,-1
295,310,330,616,291,252,1.0,-1,-1,-1
296,306,1382,299,163,149,1.0,-1,-1,-1
296,310,360,613,352,299,1.0,-1,-1,-1
297,310,375,629,390,344,1.0,-1,-1,-1
298,310,413,624,503,400,1.0,-1,-1,-1
299,310,433,617,650,505,1.0,-1,-1,-1
300,311,987,263,587,387,1.0,-1,-1,-1
300,310,453,610,798,589,1.0,-1,-1,-1
301,311,897,299,552,349,1.0,-1,-1,-1
302,311,808,335,517,311,1.0,-1,-1,-1
302,306,1385,302,161,149,1.0,-1,-1,-1
303,311,823,357,432,294,1.0,-1,-1,-1
303,306,1384,302,162,149,1.0,-1,-1,-1
304,311,784,390,332,250,1.0,-1,-1,-1
304,306,1385,303,162,148,1.0,-1,-1,-1
305,311,734,392,321,256,1.0,-1,-1,-1
305,306,1385,303,162,148,1.0,-1,-1,-1
306,311,680,398,322,247,1.0,-1,-1,-1
306,306,1385,302,162,149,1.0,-1,-1,-1
307,311,681,403,292,247,1.0,-1,-1,-1
307,306,1384,301,163,151,1.0,-1,-1,-1
308,311,642,419,277,223,1.0,-1,-1,-1
308,306,1384,300,163,152,1.0,-1,-1,-1
309,311,635,447,256,204,1.0,-1,-1,-1
309,306,1384,301,163,151,1.0,-1,-1,-1
310,311,600,459,240,184,1.0,-1,-1,-1
310,306,1384,301,163,151,1.0,-1,-1,-1
311,311,589,466,225,176,1.0,-1,-1,-1
311,306,1384,301,163,150,1.0,-1,-1,-1
312,311,546,472,229,166,1.0,-1,-1,-1
312,306,1384,301,162,150,1.0,-1,-1,-1
313,311,538,477,217,163,1.0,-1,-1,-1
313,306,1384,301,162,150,1.0,-1,-1,-1
314,311,531,483,199,165,1.0,-1,-1,-1
314,306,1384,301,162,150,1.0,-1,-1,-1
315,311,512,481,201,165,1.0,-1,-1,-1
315,306,1384,301,162,150,1.0,-1,-1,-1
316,311,494,482,201,165,1.0,-1,-1,-1
316,306,1384,302,162,150,1.0,-1,-1,-1
317,311,476,483,201,165,1.0,-1,-1,-1
317,306,1384,302,162,149,1.0,-1,-1,-1
318,311,487,504,165,142,1.0,-1,-1,-1
318,306,1384,302,162,148,1.0,-1,-1,-1
319,311,483,507,157,137,1.0,-1,-1,-1
319,306,1384,302,162,148,1.0,-1,-1,-1
320,311,466,510,151,136,1.0,-1,-1,-1
320,306,1384,302,162,148,1.0,-1,-1,-1
321,311,461,512,146,134,1.0,-1,-1,-1
321,306,1384,302,162,148,1.0,-1,-1,-1
322,311,457,513,144,132,1.0,-1,-1,-1
322,306,1384,302,162,148,1.0,-1,-1,-1
323,311,443,515,137,131,1.0,-1,-1,-1
323,306,1384,302,162,148,1.0,-1,-1,-1
324,311,436,517,137,129,1.0,-1,-1,-1
324,306,1384,302,162,148,1.0,-1,-1,-1
325,311,421,518,133,129,1.0,-1,-1,-1
325,306,1384,302,162,148,1.0,-1,-1,-1
326,311,419,522,129,125,1.0,-1,-1,-1
326,306,1384,302,162,148,1.0,-1,-1,-1
327,311,414,524,128,123,1.0,-1,-1,-1
327,306,1384,302,161,148,1.0,-1,-1,-1
328,311,411,524,121,121,1.0,-1,-1,-1
328,306,1384,302,161,149,1.0,-1,-1,-1
329,311,407,525,117,120,1.0,-1,-1,-1
329,306,1384,302,161,149,1.0,-1,-1,-1
330,311,393,529,121,118,1.0,-1,-1,-1
330,306,1384,302,161,149,1.0,-1,-1,-1
331,311,389,536,118,110,1.0,-1,-1,-1
331,306,1384,302,161,150,1.0,-1,-1,-1
332,311,385,539,114,107,1.0,-1,-1,-1
332,306,1384,302,161,150,1.0,-1,-1,-1
333,311,381,540,110,105,1.0,-1,-1,-1
333,306,1384,302,161,150,1.0,-1,-1,-1
334,311,373,544,111,102,1.0,-1,-1,-1
334,306,1384,302,161,150,1.0,-1,-1,-1
335,311,370,547,110,99,1.0,-1,-1,-1
335,306,1384,302,161,150,1.0,-1,-1,-1
336,311,366,548,108,98,1.0,-1,-1,-1
336,306,1384,302,161,149,1.0,-1,-1,-1
337,311,361,547,107,99,1.0,-1,-1,-1
337,306,1384,302,162,148,1.0,-1,-1,-1
338,311,358,546,105,100,1.0,-1,-1,-1
338,306,1384,302,162,148,1.0,-1,-1,-1
339,311,355,547,105,98,1.0,-1,-1,-1
339,306,1384,302,161,148,1.0,-1,-1,-1
340,311,354,549,102,94,1.0,-1,-1,-1
340,306,1384,302,161,148,1.0,-1,-1,-1
341,311,343,548,104,97,1.0,-1,-1,-1
341,306,1384,302,161,149,1.0,-1,-1,-1
342,311,340,548,104,97,1.0,-1,-1,-1
342,306,1384,302,161,149,1.0,-1,-1,-1
343,311,338,550,101,95,1.0,-1,-1,-1
343,306,1384,302,161,149,1.0,-1,-1,-1
344,311,336,552,97,91,1.0,-1,-1,-1
344,306,1384,302,161,149,1.0,-1,-1,-1
345,306,1384,302,161,149,1.0,-1,-1,-1
346,306,1384,302,161,149,1.0,-1,-1,-1
347,306,1384,302,161,149,1.0,-1,-1,-1
348,306,1384,302,161,149,1.0,-1,-1,-1
349,306,1384,302,162,149,1.0,-1,-1,-1
350,306,1384,301,162,149,1.0,-1,-1,-1
351,306,1384,301,161,149,1.0,-1,-1,-1
352,306,1384,301,161,149,1.0,-1,-1,-1
353,306,1384,301,161,149,1.0,-1,-1,-1
354,306,1384,301,162,150,1.0,-1,-1,-1
355,306,1384,301,162,150,1.0,-1,-1,-1
356,306,1384,301,162,150,1.0,-1,-1,-1
357,306,1384,301,162,150,1.0,-1,-1,-1
358,306,1384,301,162,150,1.0,-1,-1,-1
359,306,1384,301,161,150,1.0,-1,-1,-1
360,306,1384,301,161,150,1.0,-1,-1,-1
361,306,1384,301,162,150,1.0,-1,-1,-1
362,306,1384,301,162,150,1.0,-1,-1,-1
363,306,1384,301,162,150,1.0,-1,-1,-1
364,306,1384,301,162,150,1.0,-1,-1,-1
365,306,1384,301,162,150,1.0,-1,-1,-1
366,306,1384,301,162,150,1.0,-1,-1,-1
367,306,1384,301,161,150,1.0,-1,-1,-1
368,306,1384,301,161,149,1.0,-1,-1,-1
369,306,1384,302,161,149,1.0,-1,-1,-1
370,306,1384,302,161,149,1.0,-1,-1,-1
371,306,1384,302,161,148,1.0,-1,-1,-1
372,306,1384,302,161,148,1.0,-1,-1,-1
373,306,1384,301,161,150,1.0,-1,-1,-1
374,306,1384,301,162,151,1.0,-1,-1,-1
375,306,1384,300,162,152,1.0,-1,-1,-1
376,306,1384,300,162,152,1.0,-1,-1,-1
377,306,1384,300,162,152,1.0,-1,-1,-1
378,306,1384,300,162,152,1.0,-1,-1,-1
379,306,1384,300,162,152,1.0,-1,-1,-1
380,306,1384,300,162,151,1.0,-1,-1,-1
381,306,1384,301,162,151,1.0,-1,-1,-1
382,306,1384,301,162,151,1.0,-1,-1,-1
383,306,1384,301,162,150,1.0,-1,-1,-1
384,306,1384,301,162,151,1.0,-1,-1,-1
385,306,1384,301,162,151,1.0,-1,-1,-1
386,306,1384,300,162,151,1.0,-1,-1,-1
387,306,1384,300,162,151,1.0,-1,-1,-1
388,306,1384,300,162,151,1.0,-1,-1,-1
389,306,1384,301,162,151,1.0,-1,-1,-1
390,306,1384,301,162,151,1.0,-1,-1,-1
391,306,1384,301,161,151,1.0,-1,-1,-1
392,306,1384,301,161,151,1.0,-1,-1,-1
393,306,1384,301,161,151,1.0,-1,-1,-1
394,306,1384,302,161,151,1.0,-1,-1,-1
395,306,1384,301,160,152,1.0,-1,-1,-1
396,306,1384,301,160,152,1.0,-1,-1,-1
397,306,1384,302,161,152,1.0,-1,-1,-1
398,306,1383,302,161,152,1.0,-1,-1,-1
399,306,1382,302,162,153,1.0,-1,-1,-1
400,306,1380,302,162,155,1.0,-1,-1,-1
401,306,1379,303,162,154,1.0,-1,-1,-1
402,306,1376,315,167,146,1.0,-1,-1,-1
403,306,1372,313,168,151,1.0,-1,-1,-1
404,306,1369,311,169,156,1.0,-1,-1,-1
405,306,1366,310,170,161,1.0,-1,-1,-1
406,306,1365,312,170,162,1.0,-1,-1,-1
407,306,1360,315,164,161,1.0,-1,-1,-1
408,306,1358,318,166,163,1.0,-1,-1,-1
409,306,1354,321,169,165,1.0,-1,-1,-1
410,306,1348,323,174,167,1.0,-1,-1,-1
411,306,1339,336,182,167,1.0,-1,-1,-1
412,306,1331,335,186,173,1.0,-1,-1,-1
413,306,1325,337,194,180,1.0,-1,-1,-1
414,306,1320,339,197,185,1.0,-1,-1,-1
415,306,1307,349,206,182,1.0,-1,-1,-1
416,306,1299,354,215,184,1.0,-1,-1,-1
417,306,1290,357,223,187,1.0,-1,-1,-1
418,306,1279,359,231,191,1.0,-1,-1,-1
419,306,1268,362,238,195,1.0,-1,-1,-1
420,306,1257,366,245,198,1.0,-1,-1,-1
421,306,1250,368,248,202,1.0,-1,-1,-1
422,306,1242,376,249,211,1.0,-1,-1,-1
423,306,1237,375,251,222,1.0,-1,-1,-1
424,306,1233,375,253,232,1.0,-1,-1,-1
425,306,1222,379,255,234,1.0,-1,-1,-1
426,306,1220,382,260,241,1.0,-1,-1,-1
427,306,1225,379,270,262,1.0,-1,-1,-1
428,306,1224,379,285,274,1.0,-1,-1,-1
429,306,1225,379,302,288,1.0,-1,-1,-1
430,306,1227,382,322,293,1.0,-1,-1,-1
431,306,1221,368,353,316,1.0,-1,-1,-1
432,306,1225,390,373,333,1.0,-1,-1,-1
