951,79,820,715,467,362,1.0,-1,-1,-1
952,79,831,699,440,364,1.0,-1,-1,-1
953,79,850,694,396,340,1.0,-1,-1,-1
954,79,858,679,389,339,1.0,-1,-1,-1
955,79,853,638,424,382,1.0,-1,-1,-1
956,79,877,659,401,304,1.0,-1,-1,-1
957,79,883,617,442,358,1.0,-1,-1,-1
958,79,911,631,453,296,1.0,-1,-1,-1
959,79,945,631,420,279,1.0,-1,-1,-1
960,79,1005,613,425,275,1.0,-1,-1,-1
961,79,1053,578,433,329,1.0,-1,-1,-1
962,79,1088,600,420,261,1.0,-1,-1,-1
963,79,1163,553,462,331,1.0,-1,-1,-1
964,79,1211,581,454,247,1.0,-1,-1,-1
965,79,1271,530,520,306,1.0,-1,-1,-1
966,79,1351,543,466,248,1.0,-1,-1,-1
967,79,1434,529,454,243,1.0,-1,-1,-1
