53,16,2072,412,332,132,1.0,-1,-1,-1
54,16,2034,410,322,132,1.0,-1,-1,-1
55,16,2023,407,325,133,1.0,-1,-1,-1
56,16,1975,407,335,130,1.0,-1,-1,-1
57,16,1906,392,375,139,1.0,-1,-1,-1
58,16,1909,390,357,142,1.0,-1,-1,-1
59,16,1904,387,352,146,1.0,-1,-1,-1
60,16,1878,388,351,142,1.0,-1,-1,-1
61,16,1869,388,347,142,1.0,-1,-1,-1
62,16,1862,386,340,142,1.0,-1,-1,-1
63,16,1836,385,334,143,1.0,-1,-1,-1
64,16,1828,380,327,146,1.0,-1,-1,-1
65,16,1791,378,321,142,1.0,-1,-1,-1
66,16,1780,377,325,142,1.0,-1,-1,-1
67,16,1771,375,324,143,1.0,-1,-1,-1
68,16,1756,374,321,141,1.0,-1,-1,-1
69,16,1740,373,318,139,1.0,-1,-1,-1
70,16,1725,372,315,137,1.0,-1,-1,-1
71,16,1709,372,312,135,1.0,-1,-1,-1
72,16,1694,371,309,133,1.0,-1,-1,-1
73,16,1678,370,306,131,1.0,-1,-1,-1
74,16,1663,369,303,129,1.0,-1,-1,-1
75,16,1647,368,300,127,1.0,-1,-1,-1
76,16,1640,366,305,127,1.0,-1,-1,-1
77,16,1636,366,303,126,1.0,-1,-1,-1
78,16,1596,364,317,128,1.0,-1,-1,-1
79,16,1592,363,318,130,1.0,-1,-1,-1
80,16,1583,362,324,131,1.0,-1,-1,-1
81,16,1575,361,328,132,1.0,-1,-1,-1
82,16,1557,356,294,134,1.0,-1,-1,-1
83,16,1549,356,302,136,1.0,-1,-1,-1
84,16,1540,359,310,133,1.0,-1,-1,-1
85,16,1531,361,317,130,1.0,-1,-1,-1
86,16,1525,361,324,129,1.0,-1,-1,-1
87,16,1512,359,303,128,1.0,-1,-1,-1
88,16,1506,358,311,129,1.0,-1,-1,-1
89,16,1500,357,315,131,1.0,-1,-1,-1
90,16,1495,356,314,133,1.0,-1,-1,-1
91,16,1488,357,316,132,1.0,-1,-1,-1
92,16,1479,355,325,135,1.0,-1,-1,-1
93,16,1470,354,332,137,1.0,-1,-1,-1
94,16,1465,353,335,139,1.0,-1,-1,-1
95,16,1455,353,317,141,1.0,-1,-1,-1
96,16,1451,353,317,141,1.0,-1,-1,-1
97,16,1445,354,314,140,1.0,-1,-1,-1
98,16,1440,355,312,138,1.0,-1,-1,-1
99,16,1436,356,308,137,1.0,-1,-1,-1
100,16,1431,356,310,137,1.0,-1,-1,-1
101,16,1406,355,313,139,1.0,-1,-1,-1
102,16,1396,355,319,139,1.0,-1,-1,-1
103,16,1386,357,324,137,1.0,-1,-1,-1
104,16,1382,356,319,139,1.0,-1,-1,-1
105,16,1389,357,296,137,1.0,-1,-1,-1
106,16,1379,356,269,141,1.0,-1,-1,-1
107,16,1374,358,266,140,1.0,-1,-1,-1
108,16,1368,359,269,141,1.0,-1,-1,-1
109,16,1364,359,267,143,1.0,-1,-1,-1
110,16,1366,360,258,142,1.0,-1,-1,-1
111,16,1369,361,244,142,1.0,-1,-1,-1
112,16,1372,362,233,142,1.0,-1,-1,-1
113,16,1375,363,221,143,1.0,-1,-1,-1
114,16,1351,366,222,142,1.0,-1,-1,-1
115,16,1350,367,218,141,1.0,-1,-1,-1
116,16,1353,368,209,141,1.0,-1,-1,-1
117,16,1352,368,208,143,1.0,-1,-1,-1
118,16,1350,368,207,146,1.0,-1,-1,-1
119,16,1350,370,199,148,1.0,-1,-1,-1
120,16,1350,372,193,150,1.0,-1,-1,-1
121,16,1349,373,187,152,1.0,-1,-1,-1
122,16,1350,374,182,156,1.0,-1,-1,-1
123,16,1352,376,176,157,1.0,-1,-1,-1
124,16,1353,376,171,160,1.0,-1,-1,-1
125,16,1352,383,173,153,1.0,-1,-1,-1
126,16,1352,383,173,155,1.0,-1,-1,-1
127,16,1353,384,171,156,1.0,-1,-1,-1
128,16,1355,384,170,158,1.0,-1,-1,-1
129,16,1356,383,169,162,1.0,-1,-1,-1
130,16,1358,388,168,170,1.0,-1,-1,-1
131,16,1360,390,169,169,1.0,-1,-1,-1
132,19,0,1051,1752,868,1.0,-1,-1,-1
132,16,1362,395,170,164,1.0,-1,-1,-1
133,19,178,1124,2010,795,1.0,-1,-1,-1
133,16,1362,394,175,171,1.0,-1,-1,-1
134,19,722,1072,1837,847,1.0,-1,-1,-1
134,16,1363,398,178,170,1.0,-1,-1,-1
135,16,1363,398,183,174,1.0,-1,-1,-1
136,16,1365,399,187,178,1.0,-1,-1,-1
137,16,1367,400,190,180,1.0,-1,-1,-1
138,16,1368,403,194,181,1.0,-1,-1,-1
139,16,1369,403,195,185,1.0,-1,-1,-1
140,16,1371,404,195,189,1.0,-1,-1,-1
141,16,1372,403,195,195,1.0,-1,-1,-1
142,16,1373,404,196,198,1.0,-1,-1,-1
143,16,1372,405,198,202,1.0,-1,-1,-1
144,16,1371,404,200,207,1.0,-1,-1,-1
145,16,1372,424,201,197,1.0,-1,-1,-1
146,16,1370,421,207,206,1.0,-1,-1,-1
147,16,1369,421,222,212,1.0,-1,-1,-1
148,16,1368,423,226,214,1.0,-1,-1,-1
149,16,1370,429,227,212,1.0,-1,-1,-1
150,16,1374,430,227,218,1.0,-1,-1,-1
151,16,1378,432,225,224,1.0,-1,-1,-1
152,16,1380,432,226,230,1.0,-1,-1,-1
153,16,1381,436,229,230,1.0,-1,-1,-1
154,16,1381,437,232,231,1.0,-1,-1,-1
155,16,1382,438,236,236,1.0,-1,-1,-1
156,16,1384,457,241,232,1.0,-1,-1,-1
157,16,1386,458,242,236,1.0,-1,-1,-1
158,16,1389,460,245,238,1.0,-1,-1,-1
159,16,1391,459,246,244,1.0,-1,-1,-1
160,16,1394,459,247,251,1.0,-1,-1,-1
161,16,1395,459,248,258,1.0,-1,-1,-1
162,22,800,731,1759,813,1.0,-1,-1,-1
162,16,1394,464,252,255,1.0,-1,-1,-1
163,22,439,724,1846,813,1.0,-1,-1,-1
163,16,1378,464,282,276,1.0,-1,-1,-1
164,22,79,718,1912,813,1.0,-1,-1,-1
164,16,1381,468,281,277,1.0,-1,-1,-1
165,16,1384,471,286,278,1.0,-1,-1,-1
166,16,1387,475,291,279,1.0,-1,-1,-1
167,16,1390,478,299,280,1.0,-1,-1,-1
168,16,1391,480,305,284,1.0,-1,-1,-1
169,16,1392,482,314,288,1.0,-1,-1,-1
170,16,1393,487,320,291,1.0,-1,-1,-1
171,16,1395,490,325,296,1.0,-1,-1,-1
172,16,1395,492,329,303,1.0,-1,-1,-1
173,16,1395,493,335,309,1.0,-1,-1,-1
174,16,1395,493,341,316,1.0,-1,-1,-1
175,16,1395,493,346,323,1.0,-1,-1,-1
176,16,1416,488,333,336,1.0,-1,-1,-1
177,16,1415,485,339,345,1.0,-1,-1,-1
178,16,1413,482,349,354,1.0,-1,-1,-1
179,16,1413,504,362,343,1.0,-1,-1,-1
180,16,1411,506,374,344,1.0,-1,-1,-1
181,16,1414,510,377,343,1.0,-1,-1,-1
182,16,1417,515,383,341,1.0,-1,-1,-1
183,16,1422,521,383,339,1.0,-1,-1,-1
184,16,1422,524,392,343,1.0,-1,-1,-1
185,16,1422,524,401,352,1.0,-1,-1,-1
186,16,1424,521,408,363,1.0,-1,-1,-1
187,16,1429,522,411,370,1.0,-1,-1,-1
188,16,1434,523,412,376,1.0,-1,-1,-1
189,16,1439,527,416,381,1.0,-1,-1,-1
190,23,708,1099,1569,806,1.0,-1,-1,-1
190,16,1443,529,420,387,1.0,-1,-1,-1
191,23,568,1070,1460,822,1.0,-1,-1,-1
191,16,1445,533,426,390,1.0,-1,-1,-1
192,23,498,1020,1527,770,1.0,-1,-1,-1
192,16,1446,535,432,396,1.0,-1,-1,-1
193,23,314,997,1500,737,1.0,-1,-1,-1
193,16,1445,540,440,399,1.0,-1,-1,-1
194,23,167,960,1426,729,1.0,-1,-1,-1
194,16,1444,543,446,404,1.0,-1,-1,-1
195,23,38,938,1319,721,1.0,-1,-1,-1
195,16,1452,546,455,407,1.0,-1,-1,-1
196,16,1453,545,453,415,1.0,-1,-1,-1
197,16,1455,544,451,420,1.0,-1,-1,-1
198,16,1456,541,452,427,1.0,-1,-1,-1
199,16,1456,541,455,428,1.0,-1,-1,-1
200,16,1455,541,459,430,1.0,-1,-1,-1
201,16,1456,567,469,406,1.0,-1,-1,-1
202,16,1454,565,474,410,1.0,-1,-1,-1
203,16,1451,563,480,414,1.0,-1,-1,-1
204,16,1452,561,482,418,1.0,-1,-1,-1
205,16,1455,564,482,415,1.0,-1,-1,-1
206,16,1459,566,481,413,1.0,-1,-1,-1
207,16,1459,564,481,415,1.0,-1,-1,-1
208,16,1460,562,481,419,1.0,-1,-1,-1
209,16,1461,562,480,419,1.0,-1,-1,-1
210,16,1462,563,480,418,1.0,-1,-1,-1
211,16,1462,565,481,415,1.0,-1,-1,-1
212,16,1461,565,483,414,1.0,-1,-1,-1
213,16,1461,565,482,412,1.0,-1,-1,-1
214,16,1461,565,481,412,1.0,-1,-1,-1
215,16,1461,566,481,412,1.0,-1,-1,-1
216,16,1461,566,481,411,1.0,-1,-1,-1
217,16,1461,566,481,411,1.0,-1,-1,-1
218,16,1460,566,482,411,1.0,-1,-1,-1
219,16,1460,566,483,411,1.0,-1,-1,-1
220,16,1460,566,484,411,1.0,-1,-1,-1
221,16,1460,566,485,411,1.0,-1,-1,-1
222,16,1459,566,486,411,1.0,-1,-1,-1
223,16,1459,566,486,412,1.0,-1,-1,-1
224,16,1459,565,485,412,1.0,-1,-1,-1
225,16,1459,565,485,412,1.0,-1,-1,-1
226,16,1459,566,486,412,1.0,-1,-1,-1
227,16,1459,565,486,412,1.0,-1,-1,-1
228,16,1459,565,486,413,1.0,-1,-1,-1
229,16,1460,565,484,413,1.0,-1,-1,-1
230,16,1462,565,483,413,1.0,-1,-1,-1
231,16,1464,566,481,412,1.0,-1,-1,-1
232,16,1464,566,481,412,1.0,-1,-1,-1
233,16,1464,566,481,412,1.0,-1,-1,-1
234,16,1465,566,481,411,1.0,-1,-1,-1
235,16,1465,566,481,411,1.0,-1,-1,-1
236,16,1464,566,481,411,1.0,-1,-1,-1
237,16,1464,566,481,412,1.0,-1,-1,-1
238,16,1464,566,481,412,1.0,-1,-1,-1
239,16,1462,567,482,411,1.0,-1,-1,-1
240,16,1461,567,483,410,1.0,-1,-1,-1
241,16,1460,568,483,409,1.0,-1,-1,-1
242,16,1460,568,484,408,1.0,-1,-1,-1
243,16,1460,568,484,408,1.0,-1,-1,-1
244,16,1460,568,484,408,1.0,-1,-1,-1
245,16,1460,568,484,409,1.0,-1,-1,-1
246,16,1460,567,484,409,1.0,-1,-1,-1
247,16,1459,567,485,410,1.0,-1,-1,-1
248,16,1459,567,485,409,1.0,-1,-1,-1
249,16,1459,567,486,409,1.0,-1,-1,-1
250,16,1459,568,486,408,1.0,-1,-1,-1
251,16,1458,568,487,408,1.0,-1,-1,-1
252,16,1458,568,486,408,1.0,-1,-1,-1
253,16,1458,568,486,408,1.0,-1,-1,-1
254,16,1458,568,486,408,1.0,-1,-1,-1
255,16,1458,568,486,408,1.0,-1,-1,-1
256,16,1459,568,485,408,1.0,-1,-1,-1
257,16,1459,569,485,407,1.0,-1,-1,-1
258,16,1459,569,485,407,1.0,-1,-1,-1
259,16,1459,569,485,406,1.0,-1,-1,-1
260,16,1459,569,485,406,1.0,-1,-1,-1
261,16,1460,569,484,406,1.0,-1,-1,-1
262,16,1461,567,483,409,1.0,-1,-1,-1
263,16,1461,569,481,407,1.0,-1,-1,-1
264,24,1394,863,1165,591,1.0,-1,-1,-1
264,16,1470,551,459,399,1.0,-1,-1,-1
265,24,1070,836,1267,598,1.0,-1,-1,-1
266,24,746,809,1349,606,1.0,-1,-1,-1
267,24,419,780,1352,607,1.0,-1,-1,-1
268,24,92,751,1355,608,1.0,-1,-1,-1
268,16,1468,568,479,411,1.0,-1,-1,-1
269,16,1467,567,477,411,1.0,-1,-1,-1
270,16,1466,567,478,411,1.0,-1,-1,-1
271,16,1467,569,478,408,1.0,-1,-1,-1
272,16,1467,570,478,407,1.0,-1,-1,-1
273,16,1468,571,478,405,1.0,-1,-1,-1
274,16,1467,570,479,405,1.0,-1,-1,-1
275,16,1467,570,478,405,1.0,-1,-1,-1
276,16,1468,570,478,405,1.0,-1,-1,-1
277,16,1468,570,477,405,1.0,-1,-1,-1
278,16,1468,571,477,405,1.0,-1,-1,-1
279,16,1468,571,478,405,1.0,-1,-1,-1
280,16,1468,570,478,405,1.0,-1,-1,-1
281,16,1467,570,478,407,1.0,-1,-1,-1
282,16,1465,569,479,408,1.0,-1,-1,-1
283,16,1464,568,479,409,1.0,-1,-1,-1
284,16,1465,567,479,410,1.0,-1,-1,-1
285,16,1465,567,479,410,1.0,-1,-1,-1
286,16,1465,567,479,410,1.0,-1,-1,-1
287,16,1464,567,480,410,1.0,-1,-1,-1
288,16,1464,567,480,410,1.0,-1,-1,-1
289,16,1463,567,481,410,1.0,-1,-1,-1
290,16,1463,568,480,410,1.0,-1,-1,-1
291,16,1464,568,480,409,1.0,-1,-1,-1
292,16,1464,568,480,409,1.0,-1,-1,-1
293,16,1464,568,479,409,1.0,-1,-1,-1
294,16,1464,568,480,409,1.0,-1,-1,-1
295,16,1464,568,480,408,1.0,-1,-1,-1
296,16,1464,568,480,408,1.0,-1,-1,-1
297,16,1464,568,480,408,1.0,-1,-1,-1
298,16,1464,568,480,408,1.0,-1,-1,-1
299,16,1464,568,479,409,1.0,-1,-1,-1
300,16,1464,568,479,409,1.0,-1,-1,-1
301,16,1464,568,479,408,1.0,-1,-1,-1
302,16,1464,569,480,408,1.0,-1,-1,-1
303,16,1464,569,480,408,1.0,-1,-1,-1
304,16,1463,569,480,408,1.0,-1,-1,-1
305,16,1463,569,480,408,1.0,-1,-1,-1
306,16,1464,569,479,408,1.0,-1,-1,-1
307,16,1464,569,479,408,1.0,-1,-1,-1
308,16,1464,569,479,408,1.0,-1,-1,-1
309,16,1464,569,479,408,1.0,-1,-1,-1
310,16,1464,569,479,407,1.0,-1,-1,-1
311,16,1465,569,479,407,1.0,-1,-1,-1
312,16,1465,569,479,407,1.0,-1,-1,-1
313,16,1465,570,478,407,1.0,-1,-1,-1
314,16,1465,570,478,406,1.0,-1,-1,-1
315,16,1464,569,480,408,1.0,-1,-1,-1
316,16,1462,567,483,410,1.0,-1,-1,-1
317,16,1459,566,487,411,1.0,-1,-1,-1
318,16,1458,565,488,412,1.0,-1,-1,-1
319,25,0,1083,2216,836,1.0,-1,-1,-1
319,16,1457,564,489,414,1.0,-1,-1,-1
320,25,483,1096,2076,823,1.0,-1,-1,-1
320,16,1457,564,488,415,1.0,-1,-1,-1
321,16,1458,565,487,413,1.0,-1,-1,-1
322,16,1460,567,486,409,1.0,-1,-1,-1
323,16,1461,570,484,405,1.0,-1,-1,-1
324,16,1463,571,482,403,1.0,-1,-1,-1
325,16,1463,570,483,404,1.0,-1,-1,-1
326,16,1463,570,483,405,1.0,-1,-1,-1
327,16,1463,569,485,405,1.0,-1,-1,-1
328,16,1462,569,485,406,1.0,-1,-1,-1
329,16,1461,569,485,406,1.0,-1,-1,-1
330,16,1461,569,484,406,1.0,-1,-1,-1
331,16,1464,570,481,404,1.0,-1,-1,-1
332,16,1466,570,479,404,1.0,-1,-1,-1
333,16,1468,571,476,403,1.0,-1,-1,-1
334,16,1469,570,474,405,1.0,-1,-1,-1
335,16,1468,568,475,408,1.0,-1,-1,-1
336,16,1466,566,477,412,1.0,-1,-1,-1
337,16,1464,566,479,414,1.0,-1,-1,-1
338,16,1464,565,479,414,1.0,-1,-1,-1
339,16,1464,566,479,414,1.0,-1,-1,-1
340,16,1464,566,479,413,1.0,-1,-1,-1
341,16,1464,566,479,413,1.0,-1,-1,-1
342,16,1465,567,479,412,1.0,-1,-1,-1
343,16,1465,567,478,412,1.0,-1,-1,-1
344,16,1465,567,477,412,1.0,-1,-1,-1
345,16,1464,566,479,413,1.0,-1,-1,-1
346,16,1463,565,480,415,1.0,-1,-1,-1
347,16,1461,564,483,417,1.0,-1,-1,-1
348,16,1460,564,485,417,1.0,-1,-1,-1
349,16,1459,564,486,416,1.0,-1,-1,-1
350,16,1459,565,486,416,1.0,-1,-1,-1
351,16,1459,565,486,415,1.0,-1,-1,-1
352,16,1460,566,485,414,1.0,-1,-1,-1
353,16,1459,565,486,415,1.0,-1,-1,-1
354,16,1459,565,487,416,1.0,-1,-1,-1
355,16,1458,569,491,409,1.0,-1,-1,-1
356,26,1118,904,1374,524,1.0,-1,-1,-1
356,16,1460,570,491,407,1.0,-1,-1,-1
357,26,820,891,1389,515,1.0,-1,-1,-1
357,16,1461,572,488,403,1.0,-1,-1,-1
358,26,498,860,1401,524,1.0,-1,-1,-1
359,26,176,830,1413,533,1.0,-1,-1,-1
359,16,1460,566,482,411,1.0,-1,-1,-1
360,26,0,796,1309,532,1.0,-1,-1,-1
360,16,1461,565,481,413,1.0,-1,-1,-1
361,16,1463,566,479,411,1.0,-1,-1,-1
362,16,1463,567,479,410,1.0,-1,-1,-1
363,16,1463,567,479,410,1.0,-1,-1,-1
364,16,1463,567,479,410,1.0,-1,-1,-1
365,16,1462,566,481,411,1.0,-1,-1,-1
366,16,1460,566,483,412,1.0,-1,-1,-1
367,16,1459,566,485,413,1.0,-1,-1,-1
368,16,1459,565,485,413,1.0,-1,-1,-1
369,16,1459,565,485,413,1.0,-1,-1,-1
370,16,1459,566,485,412,1.0,-1,-1,-1
371,16,1459,566,485,412,1.0,-1,-1,-1
372,16,1459,567,485,411,1.0,-1,-1,-1
373,16,1460,567,485,411,1.0,-1,-1,-1
374,16,1460,567,485,411,1.0,-1,-1,-1
375,16,1460,566,484,412,1.0,-1,-1,-1
376,16,1460,565,484,413,1.0,-1,-1,-1
377,16,1460,565,483,414,1.0,-1,-1,-1
378,16,1460,565,484,413,1.0,-1,-1,-1
379,16,1460,565,484,413,1.0,-1,-1,-1
380,16,1460,565,485,414,1.0,-1,-1,-1
381,16,1459,565,490,413,1.0,-1,-1,-1
382,16,1458,568,491,409,1.0,-1,-1,-1
383,27,1146,930,1288,534,1.0,-1,-1,-1
383,16,1460,569,492,409,1.0,-1,-1,-1
384,27,778,896,1290,536,1.0,-1,-1,-1
384,16,1462,568,486,413,1.0,-1,-1,-1
385,27,411,862,1292,538,1.0,-1,-1,-1
385,16,1460,565,490,420,1.0,-1,-1,-1
386,27,44,828,1295,541,1.0,-1,-1,-1
386,16,1460,563,494,420,1.0,-1,-1,-1
387,16,1459,566,506,418,1.0,-1,-1,-1
388,16,1461,566,513,421,1.0,-1,-1,-1
389,16,1462,572,519,419,1.0,-1,-1,-1
390,16,1465,575,527,422,1.0,-1,-1,-1
391,16,1471,580,534,423,1.0,-1,-1,-1
392,16,1478,579,540,433,1.0,-1,-1,-1
393,16,1484,578,544,441,1.0,-1,-1,-1
394,16,1508,577,500,478,1.0,-1,-1,-1
395,16,1524,589,525,475,1.0,-1,-1,-1
396,16,1532,607,544,465,1.0,-1,-1,-1
397,16,1543,617,578,458,1.0,-1,-1,-1
398,16,1561,618,614,461,1.0,-1,-1,-1
399,16,1545,641,709,466,1.0,-1,-1,-1
400,16,1551,650,761,466,1.0,-1,-1,-1
401,16,1613,656,759,479,1.0,-1,-1,-1
402,16,1615,661,819,493,1.0,-1,-1,-1
403,16,1642,665,855,508,1.0,-1,-1,-1
404,16,1670,672,882,530,1.0,-1,-1,-1
