53,17,2072,412,332,132,1.0,-1,-1,-1
54,17,2034,410,322,132,1.0,-1,-1,-1
55,17,2023,407,325,133,1.0,-1,-1,-1
56,17,1975,407,335,130,1.0,-1,-1,-1
57,17,1906,392,375,139,1.0,-1,-1,-1
58,17,1909,390,357,142,1.0,-1,-1,-1
59,17,1904,387,352,146,1.0,-1,-1,-1
60,17,1878,388,351,142,1.0,-1,-1,-1
61,17,1869,388,347,142,1.0,-1,-1,-1
62,17,1862,386,340,142,1.0,-1,-1,-1
63,17,1836,385,334,143,1.0,-1,-1,-1
64,17,1828,380,327,146,1.0,-1,-1,-1
65,17,1791,378,321,142,1.0,-1,-1,-1
66,17,1780,377,325,142,1.0,-1,-1,-1
67,17,1771,375,324,143,1.0,-1,-1,-1
68,17,1756,374,321,141,1.0,-1,-1,-1
69,17,1740,373,318,139,1.0,-1,-1,-1
70,17,1725,372,315,137,1.0,-1,-1,-1
71,17,1709,372,312,135,1.0,-1,-1,-1
72,17,1694,371,309,133,1.0,-1,-1,-1
73,17,1678,370,306,131,1.0,-1,-1,-1
74,17,1663,369,303,129,1.0,-1,-1,-1
75,17,1647,368,300,127,1.0,-1,-1,-1
76,17,1640,366,305,127,1.0,-1,-1,-1
77,17,1636,366,303,126,1.0,-1,-1,-1
78,17,1596,364,317,128,1.0,-1,-1,-1
79,17,1592,363,318,130,1.0,-1,-1,-1
80,17,1583,362,324,131,1.0,-1,-1,-1
81,17,1575,361,328,132,1.0,-1,-1,-1
82,17,1557,356,294,134,1.0,-1,-1,-1
83,17,1549,356,302,136,1.0,-1,-1,-1
84,17,1540,359,310,133,1.0,-1,-1,-1
85,17,1531,361,317,130,1.0,-1,-1,-1
86,17,1525,361,324,129,1.0,-1,-1,-1
87,17,1512,359,303,128,1.0,-1,-1,-1
88,17,1506,358,311,129,1.0,-1,-1,-1
89,17,1500,357,315,131,1.0,-1,-1,-1
90,17,1495,356,314,133,1.0,-1,-1,-1
91,17,1488,357,316,132,1.0,-1,-1,-1
92,17,1479,355,325,135,1.0,-1,-1,-1
93,17,1470,354,332,137,1.0,-1,-1,-1
94,17,1465,353,335,139,1.0,-1,-1,-1
95,17,1455,353,317,141,1.0,-1,-1,-1
96,17,1451,353,317,141,1.0,-1,-1,-1
97,17,1445,354,314,140,1.0,-1,-1,-1
98,17,1440,355,312,138,1.0,-1,-1,-1
99,17,1436,356,308,137,1.0,-1,-1,-1
100,17,1431,356,310,137,1.0,-1,-1,-1
101,17,1406,355,313,139,1.0,-1,-1,-1
102,17,1396,355,319,139,1.0,-1,-1,-1
103,17,1386,357,324,137,1.0,-1,-1,-1
104,17,1382,356,319,139,1.0,-1,-1,-1
105,17,1389,357,296,137,1.0,-1,-1,-1
106,17,1379,356,269,141,1.0,-1,-1,-1
107,17,1374,358,266,140,1.0,-1,-1,-1
108,17,1368,359,269,141,1.0,-1,-1,-1
109,17,1364,359,267,143,1.0,-1,-1,-1
110,17,1366,360,258,142,1.0,-1,-1,-1
111,17,1369,361,244,142,1.0,-1,-1,-1
112,17,1372,362,233,142,1.0,-1,-1,-1
113,17,1375,363,221,143,1.0,-1,-1,-1
114,17,1351,366,222,142,1.0,-1,-1,-1
115,17,1350,367,218,141,1.0,-1,-1,-1
116,17,1353,368,209,141,1.0,-1,-1,-1
117,17,1352,368,208,143,1.0,-1,-1,-1
118,17,1350,368,207,146,1.0,-1,-1,-1
119,17,1350,370,199,148,1.0,-1,-1,-1
120,17,1350,372,193,150,1.0,-1,-1,-1
121,17,1349,373,187,152,1.0,-1,-1,-1
122,17,1350,374,182,156,1.0,-1,-1,-1
123,17,1352,376,176,157,1.0,-1,-1,-1
124,17,1353,376,171,160,1.0,-1,-1,-1
125,17,1352,383,173,153,1.0,-1,-1,-1
126,17,1352,383,173,155,1.0,-1,-1,-1
127,17,1353,384,171,156,1.0,-1,-1,-1
128,17,1355,384,170,158,1.0,-1,-1,-1
129,17,1356,383,169,162,1.0,-1,-1,-1
130,17,1358,388,168,170,1.0,-1,-1,-1
131,17,1360,390,169,169,1.0,-1,-1,-1
132,19,0,1051,1752,868,1.0,-1,-1,-1
132,17,1362,395,170,164,1.0,-1,-1,-1
133,19,178,1124,2010,795,1.0,-1,-1,-1
133,17,1362,394,175,171,1.0,-1,-1,-1
134,19,722,1072,1837,847,1.0,-1,-1,-1
134,17,1363,398,178,170,1.0,-1,-1,-1
135,17,1363,398,183,174,1.0,-1,-1,-1
136,17,1365,399,187,178,1.0,-1,-1,-1
137,17,1367,400,190,180,1.0,-1,-1,-1
138,17,1368,403,194,181,1.0,-1,-1,-1
139,17,1369,403,195,185,1.0,-1,-1,-1
140,17,1371,404,195,189,1.0,-1,-1,-1
141,17,1372,403,195,195,1.0,-1,-1,-1
142,17,1373,404,196,198,1.0,-1,-1,-1
143,17,1372,405,198,202,1.0,-1,-1,-1
144,17,1371,404,200,207,1.0,-1,-1,-1
145,17,1372,424,201,197,1.0,-1,-1,-1
146,17,1370,421,207,206,1.0,-1,-1,-1
147,17,1369,421,222,212,1.0,-1,-1,-1
148,17,1368,423,226,214,1.0,-1,-1,-1
149,17,1370,429,227,212,1.0,-1,-1,-1
150,17,1374,430,227,218,1.0,-1,-1,-1
151,17,1378,432,225,224,1.0,-1,-1,-1
152,17,1380,432,226,230,1.0,-1,-1,-1
153,17,1381,436,229,230,1.0,-1,-1,-1
154,17,1381,437,232,231,1.0,-1,-1,-1
155,17,1382,438,236,236,1.0,-1,-1,-1
156,17,1384,457,241,232,1.0,-1,-1,-1
157,17,1386,458,242,236,1.0,-1,-1,-1
158,17,1389,460,245,238,1.0,-1,-1,-1
159,17,1391,459,246,244,1.0,-1,-1,-1
160,17,1394,459,247,251,1.0,-1,-1,-1
161,17,1395,459,248,258,1.0,-1,-1,-1
162,22,800,731,1759,813,1.0,-1,-1,-1
162,17,1394,464,252,255,1.0,-1,-1,-1
163,22,439,724,1846,813,1.0,-1,-1,-1
163,17,1378,464,282,276,1.0,-1,-1,-1
164,22,79,718,1912,813,1.0,-1,-1,-1
164,17,1381,468,281,277,1.0,-1,-1,-1
165,17,1384,471,286,278,1.0,-1,-1,-1
166,17,1387,475,291,279,1.0,-1,-1,-1
167,17,1390,478,299,280,1.0,-1,-1,-1
168,17,1391,480,305,284,1.0,-1,-1,-1
169,17,1392,482,314,288,1.0,-1,-1,-1
170,17,1393,487,320,291,1.0,-1,-1,-1
171,17,1395,490,325,296,1.0,-1,-1,-1
172,17,1395,492,329,303,1.0,-1,-1,-1
173,17,1395,493,335,309,1.0,-1,-1,-1
174,17,1395,493,341,316,1.0,-1,-1,-1
175,17,1395,493,346,323,1.0,-1,-1,-1
176,17,1416,488,333,336,1.0,-1,-1,-1
177,17,1415,485,339,345,1.0,-1,-1,-1
178,17,1413,482,349,354,1.0,-1,-1,-1
179,17,1413,504,362,343,1.0,-1,-1,-1
180,17,1411,506,374,344,1.0,-1,-1,-1
181,17,1414,510,377,343,1.0,-1,-1,-1
182,17,1417,515,383,341,1.0,-1,-1,-1
183,17,1422,521,383,339,1.0,-1,-1,-1
184,17,1422,524,392,343,1.0,-1,-1,-1
185,17,1422,524,401,352,1.0,-1,-1,-1
186,17,1424,521,408,363,1.0,-1,-1,-1
187,17,1429,522,411,370,1.0,-1,-1,-1
188,17,1434,523,412,376,1.0,-1,-1,-1
189,17,1439,527,416,381,1.0,-1,-1,-1
190,23,708,1099,1569,806,1.0,-1,-1,-1
190,17,1443,529,420,387,1.0,-1,-1,-1
191,23,568,1070,1460,822,1.0,-1,-1,-1
191,17,1445,533,426,390,1.0,-1,-1,-1
192,23,498,1020,1527,770,1.0,-1,-1,-1
192,17,1446,535,432,396,1.0,-1,-1,-1
193,23,314,997,1500,737,1.0,-1,-1,-1
193,17,1445,540,440,399,1.0,-1,-1,-1
194,23,167,960,1426,729,1.0,-1,-1,-1
194,17,1444,543,446,404,1.0,-1,-1,-1
195,23,38,938,1319,721,1.0,-1,-1,-1
195,17,1452,546,455,407,1.0,-1,-1,-1
196,17,1453,545,453,415,1.0,-1,-1,-1
197,17,1455,544,451,420,1.0,-1,-1,-1
198,17,1456,541,452,427,1.0,-1,-1,-1
199,17,1456,541,455,428,1.0,-1,-1,-1
200,17,1455,541,459,430,1.0,-1,-1,-1
201,17,1456,567,469,406,1.0,-1,-1,-1
202,17,1454,565,474,410,1.0,-1,-1,-1
203,17,1451,563,480,414,1.0,-1,-1,-1
204,17,1452,561,482,418,1.0,-1,-1,-1
205,17,1455,564,482,415,1.0,-1,-1,-1
206,17,1459,566,481,413,1.0,-1,-1,-1
207,17,1459,564,481,415,1.0,-1,-1,-1
208,17,1460,562,481,419,1.0,-1,-1,-1
209,17,1461,562,480,419,1.0,-1,-1,-1
210,17,1462,563,480,418,1.0,-1,-1,-1
211,17,1462,565,481,415,1.0,-1,-1,-1
212,17,1461,565,483,414,1.0,-1,-1,-1
213,17,1461,565,482,412,1.0,-1,-1,-1
214,17,1461,565,481,412,1.0,-1,-1,-1
215,17,1461,566,481,412,1.0,-1,-1,-1
216,17,1461,566,481,411,1.0,-1,-1,-1
217,17,1461,566,481,411,1.0,-1,-1,-1
218,17,1460,566,482,411,1.0,-1,-1,-1
219,17,1460,566,483,411,1.0,-1,-1,-1
220,17,1460,566,484,411,1.0,-1,-1,-1
221,17,1460,566,485,411,1.0,-1,-1,-1
222,17,1459,566,486,411,1.0,-1,-1,-1
223,17,1459,566,486,412,1.0,-1,-1,-1
224,17,1459,565,485,412,1.0,-1,-1,-1
225,17,1459,565,485,412,1.0,-1,-1,-1
226,17,1459,566,486,412,1.0,-1,-1,-1
227,17,1459,565,486,412,1.0,-1,-1,-1
228,17,1459,565,486,413,1.0,-1,-1,-1
229,17,1460,565,484,413,1.0,-1,-1,-1
230,17,1462,565,483,413,1.0,-1,-1,-1
231,17,1464,566,481,412,1.0,-1,-1,-1
232,17,1464,566,481,412,1.0,-1,-1,-1
233,17,1464,566,481,412,1.0,-1,-1,-1
234,17,1465,566,481,411,1.0,-1,-1,-1
235,17,1465,566,481,411,1.0,-1,-1,-1
236,17,1464,566,481,411,1.0,-1,-1,-1
237,17,1464,566,481,412,1.0,-1,-1,-1
238,17,1464,566,481,412,1.0,-1,-1,-1
239,17,1462,567,482,411,1.0,-1,-1,-1
240,17,1461,567,483,410,1.0,-1,-1,-1
241,17,1460,568,483,409,1.0,-1,-1,-1
242,17,1460,568,484,408,1.0,-1,-1,-1
243,17,1460,568,484,408,1.0,-1,-1,-1
244,17,1460,568,484,408,1.0,-1,-1,-1
245,17,1460,568,484,409,1.0,-1,-1,-1
246,17,1460,567,484,409,1.0,-1,-1,-1
247,17,1459,567,485,410,1.0,-1,-1,-1
248,17,1459,567,485,409,1.0,-1,-1,-1
249,17,1459,567,486,409,1.0,-1,-1,-1
250,17,1459,568,486,408,1.0,-1,-1,-1
251,17,1458,568,487,408,1.0,-1,-1,-1
252,17,1458,568,486,408,1.0,-1,-1,-1
253,17,1458,568,486,408,1.0,-1,-1,-1
254,17,1458,568,486,408,1.0,-1,-1,-1
255,17,1458,568,486,408,1.0,-1,-1,-1
256,17,1459,568,485,408,1.0,-1,-1,-1
257,17,1459,569,485,407,1.0,-1,-1,-1
258,17,1459,569,485,407,1.0,-1,-1,-1
259,17,1459,569,485,406,1.0,-1,-1,-1
260,17,1459,569,485,406,1.0,-1,-1,-1
261,17,1460,569,484,406,1.0,-1,-1,-1
262,17,1461,567,483,409,1.0,-1,-1,-1
263,17,1461,569,481,407,1.0,-1,-1,-1
264,24,1394,863,1165,591,1.0,-1,-1,-1
264,17,1470,551,459,399,1.0,-1,-1,-1
265,24,1070,836,1267,598,1.0,-1,-1,-1
266,24,746,809,1349,606,1.0,-1,-1,-1
267,24,419,780,1352,607,1.0,-1,-1,-1
268,24,92,751,1355,608,1.0,-1,-1,-1
268,17,1468,568,479,411,1.0,-1,-1,-1
269,17,1467,567,477,411,1.0,-1,-1,-1
270,17,1466,567,478,411,1.0,-1,-1,-1
271,17,1467,569,478,408,1.0,-1,-1,-1
272,17,1467,570,478,407,1.0,-1,-1,-1
273,17,1468,571,478,405,1.0,-1,-1,-1
274,17,1467,570,479,405,1.0,-1,-1,-1
275,17,1467,570,478,405,1.0,-1,-1,-1
276,17,1468,570,478,405,1.0,-1,-1,-1
277,17,1468,570,477,405,1.0,-1,-1,-1
278,17,1468,571,477,405,1.0,-1,-1,-1
279,17,1468,571,478,405,1.0,-1,-1,-1
280,17,1468,570,478,405,1.0,-1,-1,-1
281,17,1467,570,478,407,1.0,-1,-1,-1
282,17,1465,569,479,408,1.0,-1,-1,-1
283,17,1464,568,479,409,1.0,-1,-1,-1
284,17,1465,567,479,410,1.0,-1,-1,-1
285,17,1465,567,479,410,1.0,-1,-1,-1
286,17,1465,567,479,410,1.0,-1,-1,-1
287,17,1464,567,480,410,1.0,-1,-1,-1
288,17,1464,567,480,410,1.0,-1,-1,-1
289,17,1463,567,481,410,1.0,-1,-1,-1
290,17,1463,568,480,410,1.0,-1,-1,-1
291,17,1464,568,480,409,1.0,-1,-1,-1
292,17,1464,568,480,409,1.0,-1,-1,-1
293,17,1464,568,479,409,1.0,-1,-1,-1
294,17,1464,568,480,409,1.0,-1,-1,-1
295,17,1464,568,480,408,1.0,-1,-1,-1
296,17,1464,568,480,408,1.0,-1,-1,-1
297,17,1464,568,480,408,1.0,-1,-1,-1
298,17,1464,568,480,408,1.0,-1,-1,-1
299,17,1464,568,479,409,1.0,-1,-1,-1
300,17,1464,568,479,409,1.0,-1,-1,-1
301,17,1464,568,479,408,1.0,-1,-1,-1
302,17,1464,569,480,408,1.0,-1,-1,-1
303,17,1464,569,480,408,1.0,-1,-1,-1
304,17,1463,569,480,408,1.0,-1,-1,-1
305,17,1463,569,480,408,1.0,-1,-1,-1
306,17,1464,569,479,408,1.0,-1,-1,-1
307,17,1464,569,479,408,1.0,-1,-1,-1
308,17,1464,569,479,408,1.0,-1,-1,-1
309,17,1464,569,479,408,1.0,-1,-1,-1
310,17,1464,569,479,407,1.0,-1,-1,-1
311,17,1465,569,479,407,1.0,-1,-1,-1
312,17,1465,569,479,407,1.0,-1,-1,-1
313,17,1465,570,478,407,1.0,-1,-1,-1
314,17,1465,570,478,406,1.0,-1,-1,-1
315,17,1464,569,480,408,1.0,-1,-1,-1
316,17,1462,567,483,410,1.0,-1,-1,-1
317,17,1459,566,487,411,1.0,-1,-1,-1
318,17,1458,565,488,412,1.0,-1,-1,-1
319,25,0,1083,2216,836,1.0,-1,-1,-1
319,17,1457,564,489,414,1.0,-1,-1,-1
320,25,483,1096,2076,823,1.0,-1,-1,-1
320,17,1457,564,488,415,1.0,-1,-1,-1
321,17,1458,565,487,413,1.0,-1,-1,-1
322,17,1460,567,486,409,1.0,-1,-1,-1
323,17,1461,570,484,405,1.0,-1,-1,-1
324,17,1463,571,482,403,1.0,-1,-1,-1
325,17,1463,570,483,404,1.0,-1,-1,-1
326,17,1463,570,483,405,1.0,-1,-1,-1
327,17,1463,569,485,405,1.0,-1,-1,-1
328,17,1462,569,485,406,1.0,-1,-1,-1
329,17,1461,569,485,406,1.0,-1,-1,-1
330,17,1461,569,484,406,1.0,-1,-1,-1
331,17,1464,570,481,404,1.0,-1,-1,-1
332,17,1466,570,479,404,1.0,-1,-1,-1
333,17,1468,571,476,403,1.0,-1,-1,-1
334,17,1469,570,474,405,1.0,-1,-1,-1
335,17,1468,568,475,408,1.0,-1,-1,-1
336,17,1466,566,477,412,1.0,-1,-1,-1
337,17,1464,566,479,414,1.0,-1,-1,-1
338,17,1464,565,479,414,1.0,-1,-1,-1
339,17,1464,566,479,414,1.0,-1,-1,-1
340,17,1464,566,479,413,1.0,-1,-1,-1
341,17,1464,566,479,413,1.0,-1,-1,-1
342,17,1465,567,479,412,1.0,-1,-1,-1
343,17,1465,567,478,412,1.0,-1,-1,-1
344,17,1465,567,477,412,1.0,-1,-1,-1
345,17,1464,566,479,413,1.0,-1,-1,-1
346,17,1463,565,480,415,1.0,-1,-1,-1
347,17,1461,564,483,417,1.0,-1,-1,-1
348,17,1460,564,485,417,1.0,-1,-1,-1
349,17,1459,564,486,416,1.0,-1,-1,-1
350,17,1459,565,486,416,1.0,-1,-1,-1
351,17,1459,565,486,415,1.0,-1,-1,-1
352,17,1460,566,485,414,1.0,-1,-1,-1
353,17,1459,565,486,415,1.0,-1,-1,-1
354,17,1459,565,487,416,1.0,-1,-1,-1
355,17,1458,569,491,409,1.0,-1,-1,-1
356,26,1118,904,1374,524,1.0,-1,-1,-1
356,17,1460,570,491,407,1.0,-1,-1,-1
357,26,820,891,1389,515,1.0,-1,-1,-1
357,17,1461,572,488,403,1.0,-1,-1,-1
358,26,498,860,1401,524,1.0,-1,-1,-1
359,26,176,830,1413,533,1.0,-1,-1,-1
359,17,1460,566,482,411,1.0,-1,-1,-1
360,26,0,796,1309,532,1.0,-1,-1,-1
360,17,1461,565,481,413,1.0,-1,-1,-1
361,17,1463,566,479,411,1.0,-1,-1,-1
362,17,1463,567,479,410,1.0,-1,-1,-1
363,17,1463,567,479,410,1.0,-1,-1,-1
364,17,1463,567,479,410,1.0,-1,-1,-1
365,17,1462,566,481,411,1.0,-1,-1,-1
366,17,1460,566,483,412,1.0,-1,-1,-1
367,17,1459,566,485,413,1.0,-1,-1,-1
368,17,1459,565,485,413,1.0,-1,-1,-1
369,17,1459,565,485,413,1.0,-1,-1,-1
370,17,1459,566,485,412,1.0,-1,-1,-1
371,17,1459,566,485,412,1.0,-1,-1,-1
372,17,1459,567,485,411,1.0,-1,-1,-1
373,17,1460,567,485,411,1.0,-1,-1,-1
374,17,1460,567,485,411,1.0,-1,-1,-1
375,17,1460,566,484,412,1.0,-1,-1,-1
376,17,1460,565,484,413,1.0,-1,-1,-1
377,17,1460,565,483,414,1.0,-1,-1,-1
378,17,1460,565,484,413,1.0,-1,-1,-1
379,17,1460,565,484,413,1.0,-1,-1,-1
380,17,1460,565,485,414,1.0,-1,-1,-1
381,17,1459,565,490,413,1.0,-1,-1,-1
382,17,1458,568,491,409,1.0,-1,-1,-1
383,27,1146,930,1288,534,1.0,-1,-1,-1
383,17,1460,569,492,409,1.0,-1,-1,-1
384,27,778,896,1290,536,1.0,-1,-1,-1
384,17,1462,568,486,413,1.0,-1,-1,-1
385,27,411,862,1292,538,1.0,-1,-1,-1
385,17,1460,565,490,420,1.0,-1,-1,-1
386,27,44,828,1295,541,1.0,-1,-1,-1
386,17,1460,563,494,420,1.0,-1,-1,-1
387,17,1459,566,506,418,1.0,-1,-1,-1
388,17,1461,566,513,421,1.0,-1,-1,-1
389,17,1462,572,519,419,1.0,-1,-1,-1
390,17,1465,575,527,422,1.0,-1,-1,-1
391,17,1471,580,534,423,1.0,-1,-1,-1
392,17,1478,579,540,433,1.0,-1,-1,-1
393,17,1484,578,544,441,1.0,-1,-1,-1
394,17,1508,577,500,478,1.0,-1,-1,-1
395,17,1524,589,525,475,1.0,-1,-1,-1
396,17,1532,607,544,465,1.0,-1,-1,-1
397,17,1543,617,578,458,1.0,-1,-1,-1
398,17,1561,618,614,461,1.0,-1,-1,-1
399,17,1545,641,709,466,1.0,-1,-1,-1
400,17,1551,650,761,466,1.0,-1,-1,-1
401,17,1613,656,759,479,1.0,-1,-1,-1
402,17,1615,661,819,493,1.0,-1,-1,-1
403,17,1642,665,855,508,1.0,-1,-1,-1
404,17,1670,672,882,530,1.0,-1,-1,-1
