0,213,1402,201,327,262,1.0,-1,-1,-1
0,185,656,171,233,208,1.0,-1,-1,-1
0,227,1218,153,170,148,1.0,-1,-1,-1
1,213,1412,205,328,265,1.0,-1,-1,-1
1,185,660,194,211,190,1.0,-1,-1,-1
1,227,1229,163,160,149,1.0,-1,-1,-1
2,213,1417,203,328,261,1.0,-1,-1,-1
2,185,655,192,217,193,1.0,-1,-1,-1
2,227,1229,163,161,148,1.0,-1,-1,-1
3,213,1423,204,325,256,1.0,-1,-1,-1
3,185,648,193,223,192,1.0,-1,-1,-1
3,227,1229,163,160,148,1.0,-1,-1,-1
4,213,1427,203,324,253,1.0,-1,-1,-1
4,185,640,194,232,193,1.0,-1,-1,-1
4,227,1230,163,159,147,1.0,-1,-1,-1
5,213,1432,202,323,251,1.0,-1,-1,-1
5,185,633,193,239,194,1.0,-1,-1,-1
5,227,1231,163,158,148,1.0,-1,-1,-1
6,213,1439,202,318,247,1.0,-1,-1,-1
6,185,628,194,239,194,1.0,-1,-1,-1
6,227,1231,163,158,147,1.0,-1,-1,-1
7,213,1449,202,312,243,1.0,-1,-1,-1
7,185,625,196,239,194,1.0,-1,-1,-1
7,227,1232,163,158,148,1.0,-1,-1,-1
8,213,1461,192,302,237,1.0,-1,-1,-1
8,185,625,197,250,198,1.0,-1,-1,-1
8,227,1232,163,158,147,1.0,-1,-1,-1
9,213,1469,194,294,230,1.0,-1,-1,-1
9,185,600,196,256,209,1.0,-1,-1,-1
9,227,1232,163,158,147,1.0,-1,-1,-1
10,213,1475,194,287,225,1.0,-1,-1,-1
10,185,594,195,260,214,1.0,-1,-1,-1
10,227,1233,165,156,143,1.0,-1,-1,-1
11,213,1478,191,284,223,1.0,-1,-1,-1
11,185,590,194,259,220,1.0,-1,-1,-1
11,227,1234,167,154,138,1.0,-1,-1,-1
12,213,1498,181,266,237,1.0,-1,-1,-1
12,185,588,194,253,222,1.0,-1,-1,-1
12,227,1235,168,152,133,1.0,-1,-1,-1
13,213,1501,179,263,233,1.0,-1,-1,-1
13,185,584,194,247,226,1.0,-1,-1,-1
13,227,1235,168,152,132,1.0,-1,-1,-1
14,213,1504,181,260,228,1.0,-1,-1,-1
14,185,575,193,248,228,1.0,-1,-1,-1
14,227,1235,168,153,133,1.0,-1,-1,-1
15,213,1506,181,260,222,1.0,-1,-1,-1
15,185,567,194,254,230,1.0,-1,-1,-1
15,227,1234,167,154,134,1.0,-1,-1,-1
16,213,1508,178,261,221,1.0,-1,-1,-1
16,185,559,195,259,231,1.0,-1,-1,-1
16,227,1234,166,156,135,1.0,-1,-1,-1
17,213,1511,177,257,219,1.0,-1,-1,-1
17,185,556,197,258,230,1.0,-1,-1,-1
17,227,1235,166,156,134,1.0,-1,-1,-1
18,213,1512,175,254,220,1.0,-1,-1,-1
18,185,550,210,255,224,1.0,-1,-1,-1
18,227,1235,166,156,135,1.0,-1,-1,-1
18,232,988,157,183,103,1.0,-1,-1,-1
18,233,746,184,193,179,1.0,-1,-1,-1
19,213,1513,175,251,218,1.0,-1,-1,-1
19,185,543,211,259,223,1.0,-1,-1,-1
19,227,1235,165,156,136,1.0,-1,-1,-1
19,232,997,156,179,103,1.0,-1,-1,-1
19,233,743,183,195,181,1.0,-1,-1,-1
20,213,1513,174,248,218,1.0,-1,-1,-1
20,185,528,208,261,228,1.0,-1,-1,-1
20,227,1235,164,155,137,1.0,-1,-1,-1
20,232,1006,155,176,103,1.0,-1,-1,-1
20,233,740,184,196,181,1.0,-1,-1,-1
21,213,1514,174,247,215,1.0,-1,-1,-1
21,185,523,206,262,233,1.0,-1,-1,-1
21,227,1236,164,155,137,1.0,-1,-1,-1
21,232,1015,154,172,103,1.0,-1,-1,-1
21,233,738,184,196,181,1.0,-1,-1,-1
22,213,1514,173,246,212,1.0,-1,-1,-1
22,185,518,205,261,237,1.0,-1,-1,-1
22,227,1236,164,155,137,1.0,-1,-1,-1
22,232,1024,153,168,103,1.0,-1,-1,-1
22,233,735,185,194,178,1.0,-1,-1,-1
23,213,1514,172,248,209,1.0,-1,-1,-1
23,185,509,204,264,241,1.0,-1,-1,-1
23,227,1235,164,157,138,1.0,-1,-1,-1
23,232,1033,152,165,103,1.0,-1,-1,-1
23,233,731,187,194,177,1.0,-1,-1,-1
24,213,1515,169,245,208,1.0,-1,-1,-1
24,185,499,203,268,246,1.0,-1,-1,-1
24,227,1235,164,156,138,1.0,-1,-1,-1
24,232,1042,151,161,103,1.0,-1,-1,-1
24,233,724,188,198,174,1.0,-1,-1,-1
25,213,1516,167,240,207,1.0,-1,-1,-1
25,185,487,204,274,249,1.0,-1,-1,-1
25,227,1235,164,156,138,1.0,-1,-1,-1
25,232,1051,150,158,103,1.0,-1,-1,-1
25,233,719,187,201,177,1.0,-1,-1,-1
26,213,1517,164,235,207,1.0,-1,-1,-1
26,185,476,205,281,255,1.0,-1,-1,-1
26,227,1235,163,155,137,1.0,-1,-1,-1
26,232,1057,150,153,102,1.0,-1,-1,-1
26,233,699,182,215,187,1.0,-1,-1,-1
26,234,860,190,183,145,1.0,-1,-1,-1
27,213,1517,163,228,205,1.0,-1,-1,-1
27,185,465,208,288,258,1.0,-1,-1,-1
27,227,1235,164,155,135,1.0,-1,-1,-1
27,232,1064,150,148,101,1.0,-1,-1,-1
27,233,700,198,213,179,1.0,-1,-1,-1
27,234,858,190,184,145,1.0,-1,-1,-1
28,213,1517,162,225,203,1.0,-1,-1,-1
28,185,454,207,297,265,1.0,-1,-1,-1
28,227,1235,164,154,135,1.0,-1,-1,-1
28,232,1070,151,144,100,1.0,-1,-1,-1
28,233,698,197,211,180,1.0,-1,-1,-1
28,234,856,190,185,145,1.0,-1,-1,-1
29,213,1499,168,261,192,1.0,-1,-1,-1
29,185,448,208,301,267,1.0,-1,-1,-1
29,227,1235,163,155,135,1.0,-1,-1,-1
29,232,1077,151,139,99,1.0,-1,-1,-1
29,233,694,196,215,184,1.0,-1,-1,-1
29,234,854,190,186,145,1.0,-1,-1,-1
30,213,1500,167,257,193,1.0,-1,-1,-1
30,185,430,214,299,261,1.0,-1,-1,-1
30,227,1235,163,155,137,1.0,-1,-1,-1
30,232,1083,152,135,98,1.0,-1,-1,-1
30,233,688,194,221,187,1.0,-1,-1,-1
31,213,1500,166,255,193,1.0,-1,-1,-1
31,185,421,219,302,261,1.0,-1,-1,-1
31,227,1235,163,156,137,1.0,-1,-1,-1
31,232,1090,152,130,97,1.0,-1,-1,-1
31,233,679,191,230,192,1.0,-1,-1,-1
32,213,1506,169,228,190,1.0,-1,-1,-1
32,185,409,220,310,263,1.0,-1,-1,-1
32,227,1235,163,155,136,1.0,-1,-1,-1
32,232,1096,153,125,97,1.0,-1,-1,-1
32,233,661,184,245,213,1.0,-1,-1,-1
33,213,1505,168,224,189,1.0,-1,-1,-1
33,185,397,218,313,268,1.0,-1,-1,-1
33,227,1235,164,154,134,1.0,-1,-1,-1
33,232,1103,153,121,96,1.0,-1,-1,-1
33,233,666,186,237,201,1.0,-1,-1,-1
34,213,1505,168,220,185,1.0,-1,-1,-1
34,185,388,217,313,274,1.0,-1,-1,-1
34,227,1235,163,152,133,1.0,-1,-1,-1
34,232,1109,154,116,95,1.0,-1,-1,-1
34,233,660,178,233,222,1.0,-1,-1,-1
34,234,838,191,191,149,1.0,-1,-1,-1
35,213,1501,170,221,179,1.0,-1,-1,-1
35,185,380,217,312,280,1.0,-1,-1,-1
35,227,1236,163,151,133,1.0,-1,-1,-1
35,232,1116,154,112,94,1.0,-1,-1,-1
35,233,658,176,230,224,1.0,-1,-1,-1
35,234,834,191,192,150,1.0,-1,-1,-1
36,213,1497,170,220,177,1.0,-1,-1,-1
36,185,371,221,317,281,1.0,-1,-1,-1
36,227,1236,163,151,133,1.0,-1,-1,-1
36,232,1117,154,112,94,1.0,-1,-1,-1
36,233,657,176,230,225,1.0,-1,-1,-1
37,213,1492,169,222,178,1.0,-1,-1,-1
37,185,362,225,325,280,1.0,-1,-1,-1
37,227,1236,163,151,134,1.0,-1,-1,-1
37,232,1119,153,111,95,1.0,-1,-1,-1
37,233,654,178,231,224,1.0,-1,-1,-1
38,213,1487,167,223,181,1.0,-1,-1,-1
38,185,336,235,334,276,1.0,-1,-1,-1
38,227,1236,162,151,135,1.0,-1,-1,-1
38,232,1122,153,108,94,1.0,-1,-1,-1
38,233,650,180,232,223,1.0,-1,-1,-1
39,213,1484,166,223,181,1.0,-1,-1,-1
39,185,326,232,337,285,1.0,-1,-1,-1
39,227,1236,162,150,135,1.0,-1,-1,-1
39,232,1123,152,106,93,1.0,-1,-1,-1
39,233,646,181,233,223,1.0,-1,-1,-1
40,213,1482,166,221,180,1.0,-1,-1,-1
40,185,315,228,339,297,1.0,-1,-1,-1
40,227,1236,162,149,134,1.0,-1,-1,-1
40,232,1124,153,104,91,1.0,-1,-1,-1
40,233,641,181,236,224,1.0,-1,-1,-1
41,213,1481,165,221,180,1.0,-1,-1,-1
41,185,302,224,343,310,1.0,-1,-1,-1
41,227,1236,163,147,133,1.0,-1,-1,-1
41,233,636,181,238,222,1.0,-1,-1,-1
42,213,1478,168,209,172,1.0,-1,-1,-1
42,185,286,221,348,323,1.0,-1,-1,-1
42,227,1237,163,147,132,1.0,-1,-1,-1
42,233,630,183,238,221,1.0,-1,-1,-1
43,213,1476,170,210,168,1.0,-1,-1,-1
43,185,277,218,350,332,1.0,-1,-1,-1
43,227,1237,162,147,132,1.0,-1,-1,-1
43,233,626,185,239,218,1.0,-1,-1,-1
44,213,1473,172,210,165,1.0,-1,-1,-1
44,185,252,215,363,341,1.0,-1,-1,-1
44,227,1237,161,147,133,1.0,-1,-1,-1
44,233,605,187,257,225,1.0,-1,-1,-1
45,213,1471,173,209,164,1.0,-1,-1,-1
45,185,246,235,363,326,1.0,-1,-1,-1
45,227,1237,160,146,134,1.0,-1,-1,-1
45,232,1123,152,106,89,1.0,-1,-1,-1
45,233,602,189,259,226,1.0,-1,-1,-1
46,213,1468,173,208,163,1.0,-1,-1,-1
46,185,233,233,367,333,1.0,-1,-1,-1
46,227,1237,159,146,135,1.0,-1,-1,-1
46,235,1033,488,793,590,1.0,-1,-1,-1
46,232,1123,152,106,91,1.0,-1,-1,-1
46,233,597,191,263,227,1.0,-1,-1,-1
47,213,1465,173,204,163,1.0,-1,-1,-1
47,185,217,231,372,338,1.0,-1,-1,-1
47,227,1238,159,145,135,1.0,-1,-1,-1
47,235,1119,481,750,597,1.0,-1,-1,-1
47,232,1122,152,107,91,1.0,-1,-1,-1
47,233,591,193,268,227,1.0,-1,-1,-1
48,213,1462,173,201,162,1.0,-1,-1,-1
48,185,201,232,379,344,1.0,-1,-1,-1
48,227,1239,158,144,135,1.0,-1,-1,-1
48,235,1158,415,716,640,1.0,-1,-1,-1
48,232,1122,153,107,91,1.0,-1,-1,-1
48,233,586,193,270,228,1.0,-1,-1,-1
49,213,1460,172,199,162,1.0,-1,-1,-1
49,185,185,233,392,349,1.0,-1,-1,-1
49,227,1239,157,143,135,1.0,-1,-1,-1
49,235,1219,426,661,576,1.0,-1,-1,-1
49,232,1121,153,108,91,1.0,-1,-1,-1
49,233,583,193,269,230,1.0,-1,-1,-1
50,213,1458,172,198,160,1.0,-1,-1,-1
50,185,157,240,404,353,1.0,-1,-1,-1
50,227,1239,157,142,136,1.0,-1,-1,-1
50,235,1263,402,631,563,1.0,-1,-1,-1
50,232,1120,154,109,91,1.0,-1,-1,-1
50,233,577,192,269,234,1.0,-1,-1,-1
51,213,1457,171,197,160,1.0,-1,-1,-1
51,185,150,246,399,349,1.0,-1,-1,-1
51,227,1238,157,142,136,1.0,-1,-1,-1
51,235,1304,379,595,560,1.0,-1,-1,-1
51,232,1119,154,109,92,1.0,-1,-1,-1
51,233,568,192,271,237,1.0,-1,-1,-1
52,213,1456,170,196,160,1.0,-1,-1,-1
52,185,139,254,398,343,1.0,-1,-1,-1
52,227,1238,157,142,136,1.0,-1,-1,-1
52,235,1348,358,570,550,1.0,-1,-1,-1
52,232,1119,155,110,92,1.0,-1,-1,-1
52,233,559,192,274,240,1.0,-1,-1,-1
53,213,1455,170,195,159,1.0,-1,-1,-1
53,185,128,252,384,366,1.0,-1,-1,-1
53,227,1238,157,142,136,1.0,-1,-1,-1
53,235,1378,328,536,518,1.0,-1,-1,-1
53,232,1118,155,110,92,1.0,-1,-1,-1
53,233,552,191,272,244,1.0,-1,-1,-1
53,234,766,191,211,167,1.0,-1,-1,-1
54,213,1454,170,194,158,1.0,-1,-1,-1
54,185,117,251,386,372,1.0,-1,-1,-1
54,227,1238,158,142,135,1.0,-1,-1,-1
54,235,1408,320,509,502,1.0,-1,-1,-1
54,232,1117,156,111,92,1.0,-1,-1,-1
54,233,548,188,271,251,1.0,-1,-1,-1
54,234,763,191,212,168,1.0,-1,-1,-1
55,213,1453,170,193,157,1.0,-1,-1,-1
55,185,105,251,398,376,1.0,-1,-1,-1
55,227,1238,158,141,135,1.0,-1,-1,-1
55,235,1439,305,479,487,1.0,-1,-1,-1
55,232,1116,157,112,92,1.0,-1,-1,-1
55,233,546,197,269,252,1.0,-1,-1,-1
55,234,759,191,213,169,1.0,-1,-1,-1
56,213,1452,170,191,156,1.0,-1,-1,-1
56,185,76,257,408,373,1.0,-1,-1,-1
56,227,1238,158,141,134,1.0,-1,-1,-1
56,235,1460,288,458,480,1.0,-1,-1,-1
56,232,1116,157,112,92,1.0,-1,-1,-1
56,233,540,197,272,255,1.0,-1,-1,-1
56,234,755,191,214,170,1.0,-1,-1,-1
57,213,1451,171,190,155,1.0,-1,-1,-1
57,185,61,262,414,369,1.0,-1,-1,-1
57,227,1238,159,143,133,1.0,-1,-1,-1
57,235,1472,272,446,471,1.0,-1,-1,-1
57,232,1115,158,113,92,1.0,-1,-1,-1
57,233,536,200,271,251,1.0,-1,-1,-1
57,234,751,191,215,171,1.0,-1,-1,-1
58,185,44,267,420,368,1.0,-1,-1,-1
58,227,1237,159,144,131,1.0,-1,-1,-1
58,235,1483,259,435,467,1.0,-1,-1,-1
58,232,1114,158,113,92,1.0,-1,-1,-1
58,233,535,202,267,250,1.0,-1,-1,-1
58,234,748,191,216,172,1.0,-1,-1,-1
59,185,30,269,425,373,1.0,-1,-1,-1
59,227,1236,160,145,130,1.0,-1,-1,-1
59,235,1491,222,427,456,1.0,-1,-1,-1
59,232,1113,159,114,93,1.0,-1,-1,-1
59,233,522,207,273,243,1.0,-1,-1,-1
59,234,744,191,217,173,1.0,-1,-1,-1
60,185,4,278,454,401,1.0,-1,-1,-1
60,227,1236,161,144,131,1.0,-1,-1,-1
60,235,1508,222,410,442,1.0,-1,-1,-1
60,232,1113,159,115,93,1.0,-1,-1,-1
60,233,518,205,272,249,1.0,-1,-1,-1
60,234,740,191,218,174,1.0,-1,-1,-1
61,185,0,274,451,416,1.0,-1,-1,-1
61,227,1236,160,144,131,1.0,-1,-1,-1
61,235,1520,217,398,430,1.0,-1,-1,-1
61,232,1112,160,115,93,1.0,-1,-1,-1
61,233,508,210,280,251,1.0,-1,-1,-1
61,234,736,191,219,175,1.0,-1,-1,-1
62,185,0,277,434,421,1.0,-1,-1,-1
62,227,1232,160,154,130,1.0,-1,-1,-1
62,235,1539,217,379,413,1.0,-1,-1,-1
62,232,1111,160,116,93,1.0,-1,-1,-1
62,233,497,212,287,256,1.0,-1,-1,-1
62,234,733,191,221,176,1.0,-1,-1,-1
63,227,1230,159,156,131,1.0,-1,-1,-1
63,235,1544,213,374,398,1.0,-1,-1,-1
63,232,1110,161,116,93,1.0,-1,-1,-1
63,233,485,217,294,254,1.0,-1,-1,-1
63,234,729,191,222,176,1.0,-1,-1,-1
64,227,1230,159,156,131,1.0,-1,-1,-1
64,235,1548,225,370,359,1.0,-1,-1,-1
64,232,1110,162,117,93,1.0,-1,-1,-1
64,233,476,216,297,259,1.0,-1,-1,-1
64,234,725,191,223,177,1.0,-1,-1,-1
65,213,1443,171,180,147,1.0,-1,-1,-1
65,227,1233,159,147,132,1.0,-1,-1,-1
65,235,1561,210,357,344,1.0,-1,-1,-1
65,232,1109,162,118,93,1.0,-1,-1,-1
65,233,470,217,294,261,1.0,-1,-1,-1
65,234,721,191,224,178,1.0,-1,-1,-1
66,213,1442,171,179,145,1.0,-1,-1,-1
66,227,1235,159,144,131,1.0,-1,-1,-1
66,235,1569,207,349,348,1.0,-1,-1,-1
66,232,1108,163,118,93,1.0,-1,-1,-1
66,233,464,219,293,263,1.0,-1,-1,-1
66,234,718,191,225,179,1.0,-1,-1,-1
67,213,1441,172,178,144,1.0,-1,-1,-1
67,227,1235,159,143,132,1.0,-1,-1,-1
67,235,1576,205,342,348,1.0,-1,-1,-1
67,232,1108,163,119,94,1.0,-1,-1,-1
67,233,457,222,295,265,1.0,-1,-1,-1
67,234,714,191,226,180,1.0,-1,-1,-1
68,213,1440,172,176,143,1.0,-1,-1,-1
68,227,1235,159,143,132,1.0,-1,-1,-1
68,235,1582,202,336,344,1.0,-1,-1,-1
68,232,1107,164,119,94,1.0,-1,-1,-1
68,233,449,225,302,268,1.0,-1,-1,-1
68,234,710,191,227,181,1.0,-1,-1,-1
69,213,1439,172,175,142,1.0,-1,-1,-1
69,227,1235,158,143,133,1.0,-1,-1,-1
69,235,1584,197,334,338,1.0,-1,-1,-1
69,236,1106,169,166,115,1.0,-1,-1,-1
69,233,422,227,321,266,1.0,-1,-1,-1
69,234,706,191,228,182,1.0,-1,-1,-1
70,213,1438,172,174,141,1.0,-1,-1,-1
70,227,1234,157,144,133,1.0,-1,-1,-1
70,235,1585,191,333,335,1.0,-1,-1,-1
70,236,1089,170,167,115,1.0,-1,-1,-1
70,233,414,224,325,271,1.0,-1,-1,-1
70,234,703,191,229,183,1.0,-1,-1,-1
71,213,1437,172,173,140,1.0,-1,-1,-1
71,227,1235,156,143,134,1.0,-1,-1,-1
71,235,1584,187,334,333,1.0,-1,-1,-1
71,236,1082,171,166,116,1.0,-1,-1,-1
71,233,404,222,330,276,1.0,-1,-1,-1
71,234,699,191,230,184,1.0,-1,-1,-1
72,213,1436,172,171,139,1.0,-1,-1,-1
72,227,1236,156,141,134,1.0,-1,-1,-1
72,235,1583,186,335,327,1.0,-1,-1,-1
72,236,1076,172,162,117,1.0,-1,-1,-1
72,233,395,221,331,283,1.0,-1,-1,-1
72,234,695,191,231,185,1.0,-1,-1,-1
73,213,1435,172,170,138,1.0,-1,-1,-1
73,227,1237,157,139,134,1.0,-1,-1,-1
73,235,1583,188,335,317,1.0,-1,-1,-1
73,236,1050,181,169,111,1.0,-1,-1,-1
73,233,383,220,337,294,1.0,-1,-1,-1
73,234,691,191,232,186,1.0,-1,-1,-1
74,213,1434,172,169,137,1.0,-1,-1,-1
74,227,1238,157,138,134,1.0,-1,-1,-1
74,235,1584,188,334,308,1.0,-1,-1,-1
74,236,1039,183,170,110,1.0,-1,-1,-1
74,233,372,220,340,302,1.0,-1,-1,-1
74,234,688,191,233,187,1.0,-1,-1,-1
75,213,1433,172,168,136,1.0,-1,-1,-1
75,227,1238,157,138,134,1.0,-1,-1,-1
75,235,1584,187,334,300,1.0,-1,-1,-1
75,236,1028,182,174,109,1.0,-1,-1,-1
75,233,363,220,342,311,1.0,-1,-1,-1
75,234,684,191,234,188,1.0,-1,-1,-1
76,213,1432,172,167,135,1.0,-1,-1,-1
76,227,1238,157,138,134,1.0,-1,-1,-1
76,235,1584,185,334,294,1.0,-1,-1,-1
76,236,1012,180,164,117,1.0,-1,-1,-1
76,233,356,221,343,317,1.0,-1,-1,-1
76,234,680,191,235,189,1.0,-1,-1,-1
77,213,1431,173,165,134,1.0,-1,-1,-1
77,227,1238,157,139,134,1.0,-1,-1,-1
77,235,1582,185,337,286,1.0,-1,-1,-1
77,236,1005,178,160,119,1.0,-1,-1,-1
77,233,332,227,357,309,1.0,-1,-1,-1
77,234,676,191,236,190,1.0,-1,-1,-1
78,213,1430,173,164,133,1.0,-1,-1,-1
78,227,1238,157,139,133,1.0,-1,-1,-1
78,235,1581,184,329,283,1.0,-1,-1,-1
78,236,1000,176,155,119,1.0,-1,-1,-1
78,233,328,227,357,312,1.0,-1,-1,-1
78,234,673,192,238,191,1.0,-1,-1,-1
79,213,1429,173,163,132,1.0,-1,-1,-1
79,227,1237,157,140,134,1.0,-1,-1,-1
79,235,1581,185,319,278,1.0,-1,-1,-1
79,236,982,190,151,116,1.0,-1,-1,-1
79,232,1099,170,126,94,1.0,-1,-1,-1
79,233,321,227,357,314,1.0,-1,-1,-1
79,234,667,192,239,192,1.0,-1,-1,-1
80,213,1428,173,162,131,1.0,-1,-1,-1
80,227,1237,157,139,133,1.0,-1,-1,-1
80,235,1581,185,310,277,1.0,-1,-1,-1
80,236,975,192,149,114,1.0,-1,-1,-1
80,232,1101,170,124,94,1.0,-1,-1,-1
80,233,310,243,356,312,1.0,-1,-1,-1
80,234,661,193,241,194,1.0,-1,-1,-1
81,213,1427,173,160,130,1.0,-1,-1,-1
81,227,1237,157,139,133,1.0,-1,-1,-1
81,235,1581,180,298,267,1.0,-1,-1,-1
81,236,969,194,147,112,1.0,-1,-1,-1
81,232,1102,169,122,95,1.0,-1,-1,-1
81,233,299,241,355,319,1.0,-1,-1,-1
81,234,655,194,243,195,1.0,-1,-1,-1
82,213,1426,173,159,128,1.0,-1,-1,-1
82,227,1236,158,139,132,1.0,-1,-1,-1
82,235,1580,181,292,265,1.0,-1,-1,-1
82,236,965,195,145,112,1.0,-1,-1,-1
82,232,1101,169,124,97,1.0,-1,-1,-1
82,233,284,241,362,323,1.0,-1,-1,-1
82,234,649,195,245,197,1.0,-1,-1,-1
83,213,1425,173,158,127,1.0,-1,-1,-1
83,227,1236,158,139,132,1.0,-1,-1,-1
83,235,1577,181,288,261,1.0,-1,-1,-1
83,236,954,197,146,117,1.0,-1,-1,-1
83,232,1100,169,125,97,1.0,-1,-1,-1
83,233,268,241,376,330,1.0,-1,-1,-1
83,234,643,196,247,198,1.0,-1,-1,-1
84,213,1422,173,159,128,1.0,-1,-1,-1
84,227,1236,157,140,133,1.0,-1,-1,-1
84,235,1574,177,281,262,1.0,-1,-1,-1
84,236,951,197,145,119,1.0,-1,-1,-1
84,232,1111,163,122,101,1.0,-1,-1,-1
84,233,242,244,382,335,1.0,-1,-1,-1
84,234,638,197,249,200,1.0,-1,-1,-1
85,213,1421,173,156,130,1.0,-1,-1,-1
85,227,1236,157,139,133,1.0,-1,-1,-1
85,235,1571,175,278,261,1.0,-1,-1,-1
85,236,944,198,145,119,1.0,-1,-1,-1
85,232,1110,164,122,101,1.0,-1,-1,-1
85,233,236,246,383,340,1.0,-1,-1,-1
85,234,632,198,251,201,1.0,-1,-1,-1
86,213,1418,173,159,129,1.0,-1,-1,-1
86,227,1236,157,139,133,1.0,-1,-1,-1
86,235,1571,172,273,258,1.0,-1,-1,-1
86,236,939,198,146,119,1.0,-1,-1,-1
86,232,1110,164,120,101,1.0,-1,-1,-1
86,233,227,252,385,336,1.0,-1,-1,-1
86,234,626,199,253,203,1.0,-1,-1,-1
87,213,1416,172,158,130,1.0,-1,-1,-1
87,227,1237,157,139,133,1.0,-1,-1,-1
87,235,1570,169,271,256,1.0,-1,-1,-1
87,236,936,199,143,119,1.0,-1,-1,-1
87,232,1109,164,121,101,1.0,-1,-1,-1
87,233,215,258,391,332,1.0,-1,-1,-1
87,234,620,200,255,204,1.0,-1,-1,-1
88,213,1414,172,160,128,1.0,-1,-1,-1
88,227,1237,157,139,133,1.0,-1,-1,-1
88,235,1572,167,264,253,1.0,-1,-1,-1
88,236,936,201,138,114,1.0,-1,-1,-1
88,232,1107,165,120,101,1.0,-1,-1,-1
88,233,198,263,403,330,1.0,-1,-1,-1
88,234,614,201,257,206,1.0,-1,-1,-1
89,213,1414,173,158,128,1.0,-1,-1,-1
89,227,1237,157,139,133,1.0,-1,-1,-1
89,235,1558,169,273,242,1.0,-1,-1,-1
89,236,934,201,138,114,1.0,-1,-1,-1
89,232,1106,165,121,100,1.0,-1,-1,-1
89,233,182,265,415,333,1.0,-1,-1,-1
89,234,608,202,259,207,1.0,-1,-1,-1
90,213,1412,175,158,125,1.0,-1,-1,-1
90,227,1237,157,139,134,1.0,-1,-1,-1
90,235,1559,166,267,240,1.0,-1,-1,-1
90,236,933,201,136,113,1.0,-1,-1,-1
90,232,1105,164,122,101,1.0,-1,-1,-1
90,233,162,260,417,354,1.0,-1,-1,-1
90,234,603,203,261,209,1.0,-1,-1,-1
91,213,1410,177,157,123,1.0,-1,-1,-1
91,227,1236,156,139,134,1.0,-1,-1,-1
91,235,1558,164,263,238,1.0,-1,-1,-1
91,236,933,200,134,114,1.0,-1,-1,-1
91,232,1104,164,123,101,1.0,-1,-1,-1
91,233,145,261,420,359,1.0,-1,-1,-1
91,234,597,204,263,210,1.0,-1,-1,-1
92,213,1406,178,157,120,1.0,-1,-1,-1
92,227,1236,156,140,134,1.0,-1,-1,-1
92,235,1554,163,262,236,1.0,-1,-1,-1
92,236,927,203,128,112,1.0,-1,-1,-1
92,232,1103,164,123,101,1.0,-1,-1,-1
92,233,133,262,413,365,1.0,-1,-1,-1
92,234,591,205,265,212,1.0,-1,-1,-1
93,213,1404,179,157,118,1.0,-1,-1,-1
93,227,1236,156,140,134,1.0,-1,-1,-1
93,235,1552,161,259,235,1.0,-1,-1,-1
93,236,925,204,130,113,1.0,-1,-1,-1
93,232,1103,163,123,102,1.0,-1,-1,-1
93,233,124,264,406,369,1.0,-1,-1,-1
93,234,585,206,266,213,1.0,-1,-1,-1
94,213,1401,180,158,116,1.0,-1,-1,-1
94,227,1236,156,141,135,1.0,-1,-1,-1
94,235,1549,159,255,233,1.0,-1,-1,-1
94,236,921,205,132,113,1.0,-1,-1,-1
94,232,1103,164,125,102,1.0,-1,-1,-1
94,233,113,267,406,369,1.0,-1,-1,-1
94,234,579,207,268,215,1.0,-1,-1,-1
95,213,1401,182,157,115,1.0,-1,-1,-1
95,227,1236,156,141,135,1.0,-1,-1,-1
95,235,1547,159,251,230,1.0,-1,-1,-1
95,236,918,204,134,114,1.0,-1,-1,-1
95,232,1102,164,126,102,1.0,-1,-1,-1
95,233,99,268,418,370,1.0,-1,-1,-1
95,234,574,208,270,216,1.0,-1,-1,-1
96,213,1401,181,156,116,1.0,-1,-1,-1
96,227,1235,156,141,135,1.0,-1,-1,-1
96,235,1544,159,249,227,1.0,-1,-1,-1
96,236,915,204,134,114,1.0,-1,-1,-1
96,232,1101,164,126,102,1.0,-1,-1,-1
96,233,89,267,431,372,1.0,-1,-1,-1
96,234,568,209,272,218,1.0,-1,-1,-1
97,213,1400,172,147,123,1.0,-1,-1,-1
97,227,1236,156,140,135,1.0,-1,-1,-1
97,235,1542,159,243,224,1.0,-1,-1,-1
97,236,915,204,133,113,1.0,-1,-1,-1
97,232,1101,163,125,103,1.0,-1,-1,-1
97,233,71,275,433,364,1.0,-1,-1,-1
97,234,562,210,274,219,1.0,-1,-1,-1
98,213,1400,173,144,124,1.0,-1,-1,-1
98,227,1236,156,140,134,1.0,-1,-1,-1
98,235,1538,155,239,223,1.0,-1,-1,-1
98,236,914,205,133,113,1.0,-1,-1,-1
98,232,1099,163,125,104,1.0,-1,-1,-1
98,233,50,289,459,379,1.0,-1,-1,-1
98,234,556,211,276,221,1.0,-1,-1,-1
99,213,1400,174,143,123,1.0,-1,-1,-1
99,227,1236,157,139,133,1.0,-1,-1,-1
99,235,1533,151,235,222,1.0,-1,-1,-1
99,236,913,205,134,113,1.0,-1,-1,-1
99,232,1101,163,124,104,1.0,-1,-1,-1
99,233,35,286,465,391,1.0,-1,-1,-1
99,234,550,212,278,222,1.0,-1,-1,-1
100,213,1400,175,142,121,1.0,-1,-1,-1
100,227,1236,157,139,133,1.0,-1,-1,-1
100,235,1529,150,232,218,1.0,-1,-1,-1
100,236,910,205,135,114,1.0,-1,-1,-1
100,232,1098,164,126,104,1.0,-1,-1,-1
100,233,18,284,471,404,1.0,-1,-1,-1
100,234,544,213,280,224,1.0,-1,-1,-1
101,213,1400,174,142,121,1.0,-1,-1,-1
101,227,1236,157,139,132,1.0,-1,-1,-1
101,235,1526,151,226,214,1.0,-1,-1,-1
101,236,904,203,144,119,1.0,-1,-1,-1
101,232,1098,164,126,103,1.0,-1,-1,-1
101,233,6,285,468,414,1.0,-1,-1,-1
101,234,539,214,282,225,1.0,-1,-1,-1
102,213,1399,174,143,122,1.0,-1,-1,-1
102,227,1236,157,139,133,1.0,-1,-1,-1
102,235,1525,153,223,211,1.0,-1,-1,-1
102,236,903,204,144,118,1.0,-1,-1,-1
102,232,1096,163,129,103,1.0,-1,-1,-1
102,233,0,288,465,419,1.0,-1,-1,-1
102,234,533,215,284,227,1.0,-1,-1,-1
103,213,1398,172,144,122,1.0,-1,-1,-1
103,227,1236,157,138,133,1.0,-1,-1,-1
103,235,1524,153,220,207,1.0,-1,-1,-1
103,236,902,206,144,117,1.0,-1,-1,-1
103,232,1095,161,131,105,1.0,-1,-1,-1
103,233,0,293,459,425,1.0,-1,-1,-1
103,234,527,216,286,228,1.0,-1,-1,-1
104,213,1396,171,145,124,1.0,-1,-1,-1
104,227,1235,157,138,132,1.0,-1,-1,-1
104,235,1511,156,241,201,1.0,-1,-1,-1
104,236,901,208,144,116,1.0,-1,-1,-1
104,232,1096,162,129,106,1.0,-1,-1,-1
104,233,0,299,451,431,1.0,-1,-1,-1
104,234,521,217,288,230,1.0,-1,-1,-1
105,213,1396,171,146,124,1.0,-1,-1,-1
105,227,1235,158,138,132,1.0,-1,-1,-1
105,235,1510,153,236,202,1.0,-1,-1,-1
105,236,900,210,144,114,1.0,-1,-1,-1
105,232,1096,162,129,106,1.0,-1,-1,-1
105,234,515,218,290,231,1.0,-1,-1,-1
106,213,1395,170,147,124,1.0,-1,-1,-1
106,227,1235,157,138,132,1.0,-1,-1,-1
106,235,1510,152,233,202,1.0,-1,-1,-1
106,236,900,212,143,112,1.0,-1,-1,-1
106,232,1090,164,131,105,1.0,-1,-1,-1
106,234,510,219,292,233,1.0,-1,-1,-1
107,213,1395,170,145,122,1.0,-1,-1,-1
107,227,1235,157,138,133,1.0,-1,-1,-1
107,235,1507,157,223,191,1.0,-1,-1,-1
107,236,900,212,143,111,1.0,-1,-1,-1
107,232,1090,164,132,105,1.0,-1,-1,-1
107,234,500,220,295,235,1.0,-1,-1,-1
108,213,1396,171,143,121,1.0,-1,-1,-1
108,227,1235,157,137,133,1.0,-1,-1,-1
108,235,1505,159,221,188,1.0,-1,-1,-1
108,236,899,211,143,112,1.0,-1,-1,-1
108,232,1087,164,135,105,1.0,-1,-1,-1
108,234,491,222,298,238,1.0,-1,-1,-1
109,213,1397,172,141,120,1.0,-1,-1,-1
109,227,1235,156,137,132,1.0,-1,-1,-1
109,235,1501,157,221,188,1.0,-1,-1,-1
109,236,897,212,143,111,1.0,-1,-1,-1
109,232,1087,163,135,106,1.0,-1,-1,-1
109,234,481,224,301,240,1.0,-1,-1,-1
110,213,1396,174,140,119,1.0,-1,-1,-1
110,227,1234,156,137,132,1.0,-1,-1,-1
110,235,1499,156,220,188,1.0,-1,-1,-1
110,236,895,213,144,111,1.0,-1,-1,-1
110,232,1085,162,136,105,1.0,-1,-1,-1
110,234,472,226,304,243,1.0,-1,-1,-1
111,213,1395,173,141,121,1.0,-1,-1,-1
111,227,1234,156,137,132,1.0,-1,-1,-1
111,235,1496,154,219,191,1.0,-1,-1,-1
111,236,895,214,143,110,1.0,-1,-1,-1
111,232,1083,161,137,105,1.0,-1,-1,-1
111,234,462,227,307,245,1.0,-1,-1,-1
112,213,1394,172,141,122,1.0,-1,-1,-1
112,227,1234,156,137,132,1.0,-1,-1,-1
112,235,1492,153,220,193,1.0,-1,-1,-1
112,236,896,214,142,111,1.0,-1,-1,-1
112,232,1085,162,139,105,1.0,-1,-1,-1
112,234,453,229,311,248,1.0,-1,-1,-1
113,213,1393,171,142,122,1.0,-1,-1,-1
113,227,1235,156,136,132,1.0,-1,-1,-1
113,235,1490,151,216,194,1.0,-1,-1,-1
113,236,896,215,143,110,1.0,-1,-1,-1
113,232,1084,167,135,108,1.0,-1,-1,-1
113,234,443,231,314,251,1.0,-1,-1,-1
114,213,1393,172,142,119,1.0,-1,-1,-1
114,227,1235,157,136,131,1.0,-1,-1,-1
114,235,1488,153,212,192,1.0,-1,-1,-1
114,236,895,216,143,109,1.0,-1,-1,-1
114,232,1083,168,135,108,1.0,-1,-1,-1
114,234,434,233,317,253,1.0,-1,-1,-1
115,213,1392,172,142,119,1.0,-1,-1,-1
115,227,1235,156,135,132,1.0,-1,-1,-1
115,235,1486,154,210,190,1.0,-1,-1,-1
115,236,895,217,143,108,1.0,-1,-1,-1
115,232,1081,167,135,107,1.0,-1,-1,-1
115,234,424,234,320,256,1.0,-1,-1,-1
116,213,1391,173,140,118,1.0,-1,-1,-1
116,227,1235,155,135,134,1.0,-1,-1,-1
116,235,1485,155,211,189,1.0,-1,-1,-1
116,236,895,216,143,109,1.0,-1,-1,-1
116,232,1081,167,136,107,1.0,-1,-1,-1
116,234,415,236,323,258,1.0,-1,-1,-1
117,213,1389,171,139,119,1.0,-1,-1,-1
117,227,1236,153,135,136,1.0,-1,-1,-1
117,235,1483,159,200,179,1.0,-1,-1,-1
117,236,895,215,143,111,1.0,-1,-1,-1
117,232,1084,162,143,109,1.0,-1,-1,-1
117,234,405,238,326,261,1.0,-1,-1,-1
118,213,1388,169,138,121,1.0,-1,-1,-1
118,227,1230,156,143,128,1.0,-1,-1,-1
118,235,1483,160,198,179,1.0,-1,-1,-1
118,236,894,214,143,112,1.0,-1,-1,-1
118,232,1083,162,145,110,1.0,-1,-1,-1
118,234,396,240,330,264,1.0,-1,-1,-1
119,213,1388,164,135,123,1.0,-1,-1,-1
119,227,1230,157,143,128,1.0,-1,-1,-1
119,235,1481,161,197,177,1.0,-1,-1,-1
119,236,893,213,145,113,1.0,-1,-1,-1
119,232,1082,159,145,111,1.0,-1,-1,-1
119,234,386,241,333,266,1.0,-1,-1,-1
120,213,1387,165,133,122,1.0,-1,-1,-1
120,227,1229,157,143,127,1.0,-1,-1,-1
120,235,1479,161,197,175,1.0,-1,-1,-1
120,236,892,214,146,112,1.0,-1,-1,-1
120,232,1078,160,153,109,1.0,-1,-1,-1
120,234,377,243,336,269,1.0,-1,-1,-1
121,213,1386,165,132,121,1.0,-1,-1,-1
121,227,1228,157,143,128,1.0,-1,-1,-1
121,235,1475,164,195,171,1.0,-1,-1,-1
121,236,892,215,146,111,1.0,-1,-1,-1
121,232,1081,160,149,109,1.0,-1,-1,-1
121,234,367,245,339,271,1.0,-1,-1,-1
122,213,1385,166,132,118,1.0,-1,-1,-1
122,227,1228,157,143,127,1.0,-1,-1,-1
122,235,1470,164,196,170,1.0,-1,-1,-1
122,236,893,217,145,110,1.0,-1,-1,-1
122,232,1075,167,141,108,1.0,-1,-1,-1
122,234,358,247,342,274,1.0,-1,-1,-1
123,227,1229,157,142,127,1.0,-1,-1,-1
123,235,1464,164,196,169,1.0,-1,-1,-1
123,236,892,216,145,111,1.0,-1,-1,-1
123,232,1074,166,141,110,1.0,-1,-1,-1
123,234,348,248,345,276,1.0,-1,-1,-1
124,227,1229,156,141,127,1.0,-1,-1,-1
124,235,1461,164,194,169,1.0,-1,-1,-1
124,236,891,214,147,112,1.0,-1,-1,-1
124,232,1076,165,138,110,1.0,-1,-1,-1
124,234,339,250,349,279,1.0,-1,-1,-1
125,227,1230,156,141,127,1.0,-1,-1,-1
125,235,1461,162,190,171,1.0,-1,-1,-1
125,236,891,213,147,113,1.0,-1,-1,-1
125,232,1082,160,143,110,1.0,-1,-1,-1
125,234,329,252,352,282,1.0,-1,-1,-1
126,227,1230,155,141,127,1.0,-1,-1,-1
126,235,1464,155,183,170,1.0,-1,-1,-1
126,236,892,212,146,114,1.0,-1,-1,-1
126,232,1074,164,141,112,1.0,-1,-1,-1
126,234,320,254,355,284,1.0,-1,-1,-1
127,213,1381,164,131,120,1.0,-1,-1,-1
127,227,1230,155,141,128,1.0,-1,-1,-1
127,235,1464,155,182,169,1.0,-1,-1,-1
127,236,894,214,145,113,1.0,-1,-1,-1
127,232,1071,166,147,112,1.0,-1,-1,-1
127,234,310,255,358,287,1.0,-1,-1,-1
128,237,1110,617,664,461,1.0,-1,-1,-1
128,227,1229,155,140,127,1.0,-1,-1,-1
128,235,1463,155,181,168,1.0,-1,-1,-1
128,236,892,215,146,113,1.0,-1,-1,-1
128,232,1071,166,145,113,1.0,-1,-1,-1
128,234,301,257,361,289,1.0,-1,-1,-1
129,237,1150,590,623,477,1.0,-1,-1,-1
129,213,1379,164,131,120,1.0,-1,-1,-1
129,227,1229,155,140,126,1.0,-1,-1,-1
129,235,1463,156,180,166,1.0,-1,-1,-1
129,236,890,217,148,112,1.0,-1,-1,-1
129,232,1071,166,144,113,1.0,-1,-1,-1
129,234,291,259,364,292,1.0,-1,-1,-1
130,237,1191,561,607,469,1.0,-1,-1,-1
130,227,1228,156,141,126,1.0,-1,-1,-1
130,235,1460,157,174,159,1.0,-1,-1,-1
130,236,888,217,150,111,1.0,-1,-1,-1
130,232,1069,165,149,114,1.0,-1,-1,-1
130,234,282,261,368,295,1.0,-1,-1,-1
131,237,1215,550,578,454,1.0,-1,-1,-1
131,213,1378,159,130,122,1.0,-1,-1,-1
131,227,1227,155,141,126,1.0,-1,-1,-1
131,235,1462,157,169,159,1.0,-1,-1,-1
131,236,887,216,152,111,1.0,-1,-1,-1
131,232,1070,166,147,113,1.0,-1,-1,-1
131,234,270,262,372,298,1.0,-1,-1,-1
132,237,1245,508,531,444,1.0,-1,-1,-1
132,213,1377,158,131,123,1.0,-1,-1,-1
132,227,1226,154,141,127,1.0,-1,-1,-1
132,235,1461,156,168,158,1.0,-1,-1,-1
132,236,874,215,162,113,1.0,-1,-1,-1
132,232,1071,164,148,116,1.0,-1,-1,-1
132,234,259,264,377,302,1.0,-1,-1,-1
133,237,1263,486,508,436,1.0,-1,-1,-1
133,227,1226,153,142,128,1.0,-1,-1,-1
133,235,1460,156,168,159,1.0,-1,-1,-1
133,236,874,215,162,113,1.0,-1,-1,-1
133,232,1071,165,149,115,1.0,-1,-1,-1
133,234,247,266,381,305,1.0,-1,-1,-1
134,237,1271,462,496,426,1.0,-1,-1,-1
134,227,1226,152,142,128,1.0,-1,-1,-1
134,235,1458,156,170,158,1.0,-1,-1,-1
134,236,874,215,163,114,1.0,-1,-1,-1
134,232,1071,168,147,114,1.0,-1,-1,-1
134,234,236,268,386,309,1.0,-1,-1,-1
135,237,1273,447,488,408,1.0,-1,-1,-1
135,227,1225,153,141,127,1.0,-1,-1,-1
135,235,1455,157,171,156,1.0,-1,-1,-1
135,236,873,215,164,116,1.0,-1,-1,-1
135,232,1067,170,153,111,1.0,-1,-1,-1
135,234,224,269,390,312,1.0,-1,-1,-1
136,237,1273,438,474,390,1.0,-1,-1,-1
136,227,1226,153,140,126,1.0,-1,-1,-1
136,235,1453,160,170,150,1.0,-1,-1,-1
136,236,871,214,165,117,1.0,-1,-1,-1
136,232,1066,171,153,112,1.0,-1,-1,-1
136,234,213,271,395,316,1.0,-1,-1,-1
137,237,1275,407,460,393,1.0,-1,-1,-1
137,227,1227,153,139,124,1.0,-1,-1,-1
137,235,1451,163,171,145,1.0,-1,-1,-1
137,236,868,214,167,118,1.0,-1,-1,-1
137,232,1064,174,149,111,1.0,-1,-1,-1
137,234,201,273,399,319,1.0,-1,-1,-1
138,237,1275,394,445,390,1.0,-1,-1,-1
138,227,1228,154,138,123,1.0,-1,-1,-1
138,235,1448,167,172,139,1.0,-1,-1,-1
138,236,865,212,168,119,1.0,-1,-1,-1
138,232,1062,173,146,113,1.0,-1,-1,-1
138,234,190,275,404,323,1.0,-1,-1,-1
139,238,1632,165,286,322,1.0,-1,-1,-1
139,237,1275,374,437,393,1.0,-1,-1,-1
139,227,1228,154,138,123,1.0,-1,-1,-1
139,235,1445,167,173,139,1.0,-1,-1,-1
139,236,862,213,170,118,1.0,-1,-1,-1
139,232,1062,174,147,112,1.0,-1,-1,-1
139,234,179,277,409,327,1.0,-1,-1,-1
140,238,1626,163,292,298,1.0,-1,-1,-1
140,237,1275,351,429,392,1.0,-1,-1,-1
140,227,1228,155,138,122,1.0,-1,-1,-1
140,235,1442,167,174,140,1.0,-1,-1,-1
140,236,859,212,170,119,1.0,-1,-1,-1
140,232,1061,175,151,112,1.0,-1,-1,-1
140,234,166,280,414,330,1.0,-1,-1,-1
141,238,1622,164,296,293,1.0,-1,-1,-1
141,237,1273,338,427,382,1.0,-1,-1,-1
141,227,1228,155,138,122,1.0,-1,-1,-1
141,235,1439,166,173,142,1.0,-1,-1,-1
141,236,858,214,168,119,1.0,-1,-1,-1
141,232,1059,178,153,110,1.0,-1,-1,-1
141,234,153,283,419,334,1.0,-1,-1,-1
142,238,1621,164,297,290,1.0,-1,-1,-1
142,237,1268,313,403,387,1.0,-1,-1,-1
142,227,1228,155,138,121,1.0,-1,-1,-1
142,235,1438,166,173,141,1.0,-1,-1,-1
142,236,857,213,168,122,1.0,-1,-1,-1
142,232,1055,176,153,112,1.0,-1,-1,-1
142,234,140,287,424,338,1.0,-1,-1,-1
143,238,1599,167,319,284,1.0,-1,-1,-1
143,237,1268,303,400,380,1.0,-1,-1,-1
143,227,1228,155,137,121,1.0,-1,-1,-1
143,235,1435,167,173,138,1.0,-1,-1,-1
143,236,856,214,166,122,1.0,-1,-1,-1
143,232,1057,177,153,111,1.0,-1,-1,-1
143,234,127,290,430,342,1.0,-1,-1,-1
144,238,1593,169,322,277,1.0,-1,-1,-1
144,237,1260,319,408,342,1.0,-1,-1,-1
144,227,1228,155,137,121,1.0,-1,-1,-1
144,235,1435,168,173,135,1.0,-1,-1,-1
144,236,853,215,164,122,1.0,-1,-1,-1
144,232,1055,177,153,112,1.0,-1,-1,-1
144,234,115,294,435,346,1.0,-1,-1,-1
145,238,1587,170,316,268,1.0,-1,-1,-1
145,237,1260,309,402,339,1.0,-1,-1,-1
145,227,1229,155,136,120,1.0,-1,-1,-1
145,235,1434,169,169,131,1.0,-1,-1,-1
145,236,850,215,162,120,1.0,-1,-1,-1
145,232,1056,178,151,112,1.0,-1,-1,-1
145,234,102,297,440,349,1.0,-1,-1,-1
146,238,1584,168,305,264,1.0,-1,-1,-1
146,237,1260,301,376,305,1.0,-1,-1,-1
146,227,1229,154,136,120,1.0,-1,-1,-1
146,235,1433,169,168,130,1.0,-1,-1,-1
146,236,847,216,162,119,1.0,-1,-1,-1
146,232,1057,179,153,111,1.0,-1,-1,-1
146,234,89,300,446,353,1.0,-1,-1,-1
147,238,1579,164,297,263,1.0,-1,-1,-1
147,237,1257,296,375,307,1.0,-1,-1,-1
147,227,1229,154,135,119,1.0,-1,-1,-1
147,235,1423,165,170,132,1.0,-1,-1,-1
147,236,844,215,165,121,1.0,-1,-1,-1
147,232,1050,176,158,116,1.0,-1,-1,-1
147,234,76,304,451,357,1.0,-1,-1,-1
148,238,1575,159,287,262,1.0,-1,-1,-1
148,237,1256,291,369,301,1.0,-1,-1,-1
148,227,1228,154,136,119,1.0,-1,-1,-1
148,235,1421,164,170,134,1.0,-1,-1,-1
148,236,834,213,166,127,1.0,-1,-1,-1
148,232,1052,177,155,115,1.0,-1,-1,-1
148,234,63,307,456,361,1.0,-1,-1,-1
149,238,1570,155,282,263,1.0,-1,-1,-1
149,237,1254,284,369,302,1.0,-1,-1,-1
149,227,1228,154,136,118,1.0,-1,-1,-1
149,235,1415,164,174,135,1.0,-1,-1,-1
149,236,830,213,170,129,1.0,-1,-1,-1
149,232,1051,176,158,116,1.0,-1,-1,-1
149,234,51,311,462,365,1.0,-1,-1,-1
150,238,1570,154,273,261,1.0,-1,-1,-1
150,237,1254,276,364,304,1.0,-1,-1,-1
150,227,1228,155,136,118,1.0,-1,-1,-1
150,235,1412,165,176,133,1.0,-1,-1,-1
150,236,825,212,173,131,1.0,-1,-1,-1
150,232,1050,181,159,114,1.0,-1,-1,-1
150,234,42,315,461,369,1.0,-1,-1,-1
151,238,1567,153,271,257,1.0,-1,-1,-1
151,237,1252,269,359,301,1.0,-1,-1,-1
151,227,1228,154,135,118,1.0,-1,-1,-1
151,235,1413,166,172,133,1.0,-1,-1,-1
151,236,817,212,179,132,1.0,-1,-1,-1
151,232,1052,181,155,114,1.0,-1,-1,-1
151,234,33,319,461,373,1.0,-1,-1,-1
152,238,1554,156,273,245,1.0,-1,-1,-1
152,237,1251,265,352,295,1.0,-1,-1,-1
152,227,1229,154,134,118,1.0,-1,-1,-1
152,235,1417,167,165,130,1.0,-1,-1,-1
152,236,809,212,180,132,1.0,-1,-1,-1
152,232,1050,180,155,117,1.0,-1,-1,-1
152,234,24,323,460,377,1.0,-1,-1,-1
153,238,1549,154,269,242,1.0,-1,-1,-1
153,237,1247,262,347,286,1.0,-1,-1,-1
153,227,1230,153,134,118,1.0,-1,-1,-1
153,235,1416,167,162,131,1.0,-1,-1,-1
153,236,802,212,184,131,1.0,-1,-1,-1
153,234,15,327,460,382,1.0,-1,-1,-1
154,238,1544,154,263,239,1.0,-1,-1,-1
154,237,1244,262,345,279,1.0,-1,-1,-1
154,227,1230,152,134,118,1.0,-1,-1,-1
154,235,1417,167,161,132,1.0,-1,-1,-1
154,236,791,212,174,131,1.0,-1,-1,-1
154,232,1043,177,163,120,1.0,-1,-1,-1
154,234,6,331,460,386,1.0,-1,-1,-1
155,238,1538,155,258,238,1.0,-1,-1,-1
155,237,1237,264,352,269,1.0,-1,-1,-1
155,227,1230,153,133,117,1.0,-1,-1,-1
155,235,1415,168,163,133,1.0,-1,-1,-1
155,236,782,213,184,130,1.0,-1,-1,-1
155,232,1042,182,161,116,1.0,-1,-1,-1
155,234,0,335,459,390,1.0,-1,-1,-1
156,238,1533,154,252,235,1.0,-1,-1,-1
156,237,1229,258,360,255,1.0,-1,-1,-1
156,227,1230,153,133,117,1.0,-1,-1,-1
156,235,1417,171,161,129,1.0,-1,-1,-1
156,236,766,221,197,126,1.0,-1,-1,-1
156,232,1039,183,166,117,1.0,-1,-1,-1
156,234,0,339,459,394,1.0,-1,-1,-1
157,238,1529,152,249,233,1.0,-1,-1,-1
157,237,1217,260,358,248,1.0,-1,-1,-1
157,227,1230,153,132,117,1.0,-1,-1,-1
157,235,1416,173,159,126,1.0,-1,-1,-1
157,236,758,222,207,125,1.0,-1,-1,-1
157,232,1038,183,167,119,1.0,-1,-1,-1
157,234,0,343,459,399,1.0,-1,-1,-1
158,238,1525,152,245,229,1.0,-1,-1,-1
158,237,1219,260,349,241,1.0,-1,-1,-1
158,227,1231,152,132,118,1.0,-1,-1,-1
158,235,1417,174,155,123,1.0,-1,-1,-1
158,236,760,215,199,124,1.0,-1,-1,-1
158,232,1039,183,162,118,1.0,-1,-1,-1
158,239,324,255,321,267,1.0,-1,-1,-1
159,238,1522,150,240,225,1.0,-1,-1,-1
159,237,1223,260,336,234,1.0,-1,-1,-1
159,227,1231,153,132,117,1.0,-1,-1,-1
159,235,1416,172,152,123,1.0,-1,-1,-1
159,236,728,224,209,125,1.0,-1,-1,-1
159,232,1032,183,170,117,1.0,-1,-1,-1
159,239,315,257,323,270,1.0,-1,-1,-1
160,238,1519,152,234,219,1.0,-1,-1,-1
160,237,1224,258,327,231,1.0,-1,-1,-1
160,227,1230,153,132,117,1.0,-1,-1,-1
160,235,1415,173,150,122,1.0,-1,-1,-1
160,236,721,218,217,120,1.0,-1,-1,-1
160,232,1026,183,175,117,1.0,-1,-1,-1
160,239,307,258,325,272,1.0,-1,-1,-1
161,238,1518,151,226,216,1.0,-1,-1,-1
161,237,1227,255,318,230,1.0,-1,-1,-1
161,227,1230,153,131,115,1.0,-1,-1,-1
161,235,1413,173,147,121,1.0,-1,-1,-1
161,236,715,222,215,126,1.0,-1,-1,-1
161,232,1029,185,167,117,1.0,-1,-1,-1
161,239,299,260,328,275,1.0,-1,-1,-1
162,238,1519,152,219,212,1.0,-1,-1,-1
162,237,1227,250,311,229,1.0,-1,-1,-1
162,227,1230,153,131,114,1.0,-1,-1,-1
162,235,1410,171,146,120,1.0,-1,-1,-1
162,232,1027,184,164,118,1.0,-1,-1,-1
162,239,287,262,332,276,1.0,-1,-1,-1
163,238,1504,154,228,208,1.0,-1,-1,-1
163,237,1228,246,303,229,1.0,-1,-1,-1
163,227,1230,154,130,115,1.0,-1,-1,-1
163,232,1030,185,160,118,1.0,-1,-1,-1
163,239,276,265,336,278,1.0,-1,-1,-1
164,238,1505,151,222,210,1.0,-1,-1,-1
164,237,1228,241,295,229,1.0,-1,-1,-1
164,227,1231,154,129,115,1.0,-1,-1,-1
164,235,1401,163,144,123,1.0,-1,-1,-1
164,232,1029,186,164,117,1.0,-1,-1,-1
164,239,265,268,340,280,1.0,-1,-1,-1
165,238,1503,147,220,213,1.0,-1,-1,-1
165,237,1230,237,285,227,1.0,-1,-1,-1
165,227,1231,154,128,116,1.0,-1,-1,-1
165,232,1026,187,166,116,1.0,-1,-1,-1
165,239,254,271,345,282,1.0,-1,-1,-1
166,238,1499,146,220,213,1.0,-1,-1,-1
166,237,1231,233,278,225,1.0,-1,-1,-1
166,227,1234,150,125,112,1.0,-1,-1,-1
166,232,1023,186,172,118,1.0,-1,-1,-1
166,239,243,274,349,284,1.0,-1,-1,-1
167,238,1494,146,219,212,1.0,-1,-1,-1
167,237,1233,230,271,220,1.0,-1,-1,-1
167,227,1234,150,124,111,1.0,-1,-1,-1
167,232,1021,184,174,119,1.0,-1,-1,-1
167,239,231,276,353,286,1.0,-1,-1,-1
168,238,1489,148,221,203,1.0,-1,-1,-1
168,237,1232,227,269,216,1.0,-1,-1,-1
168,227,1234,150,124,111,1.0,-1,-1,-1
168,232,1021,183,172,120,1.0,-1,-1,-1
168,239,220,279,358,288,1.0,-1,-1,-1
169,238,1484,148,223,202,1.0,-1,-1,-1
169,237,1234,227,265,213,1.0,-1,-1,-1
169,227,1234,150,125,111,1.0,-1,-1,-1
169,232,1019,182,177,122,1.0,-1,-1,-1
169,239,209,282,362,290,1.0,-1,-1,-1
170,238,1480,149,225,201,1.0,-1,-1,-1
170,237,1235,226,262,211,1.0,-1,-1,-1
170,227,1234,150,125,111,1.0,-1,-1,-1
170,232,1010,184,192,120,1.0,-1,-1,-1
170,239,198,285,366,292,1.0,-1,-1,-1
171,238,1478,153,209,191,1.0,-1,-1,-1
171,237,1238,223,257,211,1.0,-1,-1,-1
171,232,1010,185,189,119,1.0,-1,-1,-1
171,239,187,288,371,294,1.0,-1,-1,-1
172,238,1476,152,208,194,1.0,-1,-1,-1
172,237,1240,223,254,205,1.0,-1,-1,-1
172,232,1008,185,193,120,1.0,-1,-1,-1
172,239,177,290,373,295,1.0,-1,-1,-1
173,238,1472,152,210,194,1.0,-1,-1,-1
173,237,1242,223,249,201,1.0,-1,-1,-1
173,227,1234,149,124,111,1.0,-1,-1,-1
173,232,1006,186,194,119,1.0,-1,-1,-1
173,239,168,293,375,297,1.0,-1,-1,-1
174,238,1468,151,210,195,1.0,-1,-1,-1
174,237,1243,208,239,203,1.0,-1,-1,-1
174,232,1000,186,193,125,1.0,-1,-1,-1
174,239,159,296,377,299,1.0,-1,-1,-1
175,238,1465,150,206,195,1.0,-1,-1,-1
175,237,1247,213,250,184,1.0,-1,-1,-1
175,227,1234,149,127,110,1.0,-1,-1,-1
175,232,999,185,191,125,1.0,-1,-1,-1
175,239,149,299,379,300,1.0,-1,-1,-1
176,238,1464,144,201,189,1.0,-1,-1,-1
176,237,1246,209,251,190,1.0,-1,-1,-1
176,232,1000,185,186,126,1.0,-1,-1,-1
176,239,140,302,381,302,1.0,-1,-1,-1
177,238,1460,150,199,196,1.0,-1,-1,-1
177,237,1248,206,249,190,1.0,-1,-1,-1
177,232,1001,185,187,126,1.0,-1,-1,-1
177,239,131,304,383,304,1.0,-1,-1,-1
178,238,1457,152,200,195,1.0,-1,-1,-1
178,237,1253,205,239,190,1.0,-1,-1,-1
178,232,1000,185,188,126,1.0,-1,-1,-1
178,239,121,307,385,305,1.0,-1,-1,-1
179,238,1455,153,201,192,1.0,-1,-1,-1
179,237,1259,204,230,187,1.0,-1,-1,-1
179,232,993,186,193,126,1.0,-1,-1,-1
179,239,112,310,387,307,1.0,-1,-1,-1
180,238,1451,153,205,192,1.0,-1,-1,-1
180,237,1264,203,222,184,1.0,-1,-1,-1
180,232,993,185,191,126,1.0,-1,-1,-1
180,239,103,313,389,309,1.0,-1,-1,-1
181,238,1451,150,205,176,1.0,-1,-1,-1
181,237,1267,200,218,183,1.0,-1,-1,-1
181,232,992,184,191,128,1.0,-1,-1,-1
181,239,94,316,391,311,1.0,-1,-1,-1
182,238,1451,153,189,169,1.0,-1,-1,-1
182,237,1270,198,215,181,1.0,-1,-1,-1
182,232,992,183,192,129,1.0,-1,-1,-1
182,239,82,316,394,313,1.0,-1,-1,-1
183,238,1453,154,184,162,1.0,-1,-1,-1
183,237,1274,197,214,180,1.0,-1,-1,-1
183,232,990,183,194,130,1.0,-1,-1,-1
183,239,70,317,397,316,1.0,-1,-1,-1
184,238,1452,154,181,155,1.0,-1,-1,-1
184,237,1278,197,212,178,1.0,-1,-1,-1
184,232,989,182,195,130,1.0,-1,-1,-1
184,239,58,318,400,319,1.0,-1,-1,-1
185,238,1451,155,180,146,1.0,-1,-1,-1
185,237,1282,199,211,173,1.0,-1,-1,-1
185,232,996,183,189,133,1.0,-1,-1,-1
185,239,46,319,403,322,1.0,-1,-1,-1
186,238,1445,154,182,146,1.0,-1,-1,-1
186,237,1282,200,211,170,1.0,-1,-1,-1
186,232,992,183,190,134,1.0,-1,-1,-1
186,239,35,320,406,325,1.0,-1,-1,-1
187,238,1439,153,184,147,1.0,-1,-1,-1
187,237,1284,192,206,164,1.0,-1,-1,-1
187,232,995,183,187,133,1.0,-1,-1,-1
187,239,27,324,408,328,1.0,-1,-1,-1
188,238,1436,154,182,145,1.0,-1,-1,-1
188,237,1286,190,207,167,1.0,-1,-1,-1
188,232,991,181,190,135,1.0,-1,-1,-1
188,239,19,328,411,331,1.0,-1,-1,-1
189,238,1435,153,179,145,1.0,-1,-1,-1
189,237,1290,190,206,166,1.0,-1,-1,-1
189,232,992,182,189,134,1.0,-1,-1,-1
189,239,11,333,414,335,1.0,-1,-1,-1
190,237,1295,188,202,166,1.0,-1,-1,-1
190,232,993,180,190,139,1.0,-1,-1,-1
190,239,3,337,416,338,1.0,-1,-1,-1
191,237,1300,187,197,168,1.0,-1,-1,-1
191,232,995,178,192,144,1.0,-1,-1,-1
191,239,0,342,419,342,1.0,-1,-1,-1
192,237,1309,181,195,177,1.0,-1,-1,-1
192,227,1231,144,128,110,1.0,-1,-1,-1
192,232,992,179,191,142,1.0,-1,-1,-1
192,240,1137,92,101,95,1.0,-1,-1,-1
192,239,0,346,422,345,1.0,-1,-1,-1
193,237,1310,181,195,175,1.0,-1,-1,-1
193,227,1231,144,127,111,1.0,-1,-1,-1
193,232,988,178,191,142,1.0,-1,-1,-1
193,240,1137,90,104,99,1.0,-1,-1,-1
193,239,0,351,425,349,1.0,-1,-1,-1
194,241,1017,283,786,795,1.0,-1,-1,-1
194,227,1232,145,127,109,1.0,-1,-1,-1
194,232,988,177,196,145,1.0,-1,-1,-1
194,242,208,245,375,321,1.0,-1,-1,-1
194,240,1137,91,104,99,1.0,-1,-1,-1
195,241,1071,267,724,811,1.0,-1,-1,-1
195,227,1234,144,124,107,1.0,-1,-1,-1
195,232,989,178,191,146,1.0,-1,-1,-1
195,242,199,246,379,323,1.0,-1,-1,-1
195,240,1137,91,103,99,1.0,-1,-1,-1
196,241,1113,261,675,803,1.0,-1,-1,-1
196,227,1236,144,121,103,1.0,-1,-1,-1
196,232,983,176,201,146,1.0,-1,-1,-1
196,242,189,248,382,325,1.0,-1,-1,-1
196,240,1137,91,102,99,1.0,-1,-1,-1
197,241,1167,262,680,805,1.0,-1,-1,-1
197,227,1237,144,118,101,1.0,-1,-1,-1
197,232,979,175,204,147,1.0,-1,-1,-1
197,242,180,249,386,327,1.0,-1,-1,-1
197,240,1136,92,103,99,1.0,-1,-1,-1
198,241,1180,232,636,777,1.0,-1,-1,-1
198,227,1237,145,118,100,1.0,-1,-1,-1
198,232,975,175,206,149,1.0,-1,-1,-1
198,242,170,251,390,329,1.0,-1,-1,-1
198,240,1135,93,105,99,1.0,-1,-1,-1
199,241,1192,202,592,750,1.0,-1,-1,-1
199,227,1237,144,118,98,1.0,-1,-1,-1
199,232,975,173,208,153,1.0,-1,-1,-1
199,242,160,252,394,331,1.0,-1,-1,-1
199,240,1134,93,107,99,1.0,-1,-1,-1
200,241,1204,201,573,716,1.0,-1,-1,-1
200,227,1238,143,115,95,1.0,-1,-1,-1
200,232,975,177,202,149,1.0,-1,-1,-1
200,242,151,254,398,333,1.0,-1,-1,-1
200,240,1133,93,107,99,1.0,-1,-1,-1
201,241,1215,201,553,683,1.0,-1,-1,-1
201,227,1238,143,116,95,1.0,-1,-1,-1
201,232,972,172,204,157,1.0,-1,-1,-1
201,242,141,255,401,335,1.0,-1,-1,-1
201,240,1133,93,106,100,1.0,-1,-1,-1
202,241,1227,200,533,649,1.0,-1,-1,-1
202,227,1238,143,115,97,1.0,-1,-1,-1
202,232,972,172,206,159,1.0,-1,-1,-1
202,242,132,257,405,337,1.0,-1,-1,-1
202,240,1135,94,103,99,1.0,-1,-1,-1
203,241,1234,189,520,635,1.0,-1,-1,-1
203,232,973,172,207,161,1.0,-1,-1,-1
203,242,122,258,409,339,1.0,-1,-1,-1
203,240,1137,95,101,99,1.0,-1,-1,-1
204,241,1239,179,510,625,1.0,-1,-1,-1
204,232,968,173,214,160,1.0,-1,-1,-1
204,242,113,260,413,341,1.0,-1,-1,-1
204,240,1139,98,100,96,1.0,-1,-1,-1
205,241,1249,147,488,606,1.0,-1,-1,-1
205,232,969,174,212,161,1.0,-1,-1,-1
205,242,103,261,417,343,1.0,-1,-1,-1
205,240,1139,100,100,96,1.0,-1,-1,-1
206,241,1248,148,487,595,1.0,-1,-1,-1
206,232,971,174,210,163,1.0,-1,-1,-1
206,242,94,263,421,346,1.0,-1,-1,-1
206,240,1138,102,101,94,1.0,-1,-1,-1
207,241,1252,149,478,575,1.0,-1,-1,-1
207,242,88,265,421,347,1.0,-1,-1,-1
207,240,1136,100,102,96,1.0,-1,-1,-1
208,241,1256,148,469,553,1.0,-1,-1,-1
208,232,980,173,202,166,1.0,-1,-1,-1
208,242,83,268,421,348,1.0,-1,-1,-1
208,240,1135,100,103,96,1.0,-1,-1,-1
209,241,1263,145,456,528,1.0,-1,-1,-1
209,232,977,174,206,163,1.0,-1,-1,-1
209,242,77,270,422,350,1.0,-1,-1,-1
209,240,1134,98,104,98,1.0,-1,-1,-1
210,241,1266,139,449,513,1.0,-1,-1,-1
210,232,973,175,210,160,1.0,-1,-1,-1
210,242,72,273,422,351,1.0,-1,-1,-1
210,240,1135,100,103,96,1.0,-1,-1,-1
211,241,1266,138,444,493,1.0,-1,-1,-1
211,232,969,175,213,161,1.0,-1,-1,-1
211,242,67,275,422,352,1.0,-1,-1,-1
211,240,1135,103,103,93,1.0,-1,-1,-1
212,241,1245,122,439,500,1.0,-1,-1,-1
212,232,964,175,216,162,1.0,-1,-1,-1
212,242,61,278,423,354,1.0,-1,-1,-1
212,240,1135,104,102,94,1.0,-1,-1,-1
213,241,1247,116,432,487,1.0,-1,-1,-1
213,232,966,174,215,165,1.0,-1,-1,-1
213,242,56,280,423,355,1.0,-1,-1,-1
213,240,1134,104,103,94,1.0,-1,-1,-1
214,241,1248,109,425,483,1.0,-1,-1,-1
214,232,951,174,228,167,1.0,-1,-1,-1
214,242,51,283,424,357,1.0,-1,-1,-1
214,240,1133,104,104,95,1.0,-1,-1,-1
215,241,1248,103,418,475,1.0,-1,-1,-1
215,232,957,172,224,175,1.0,-1,-1,-1
215,242,44,283,425,359,1.0,-1,-1,-1
215,240,1126,108,102,96,1.0,-1,-1,-1
216,241,1247,102,406,483,1.0,-1,-1,-1
216,232,964,170,220,184,1.0,-1,-1,-1
216,242,38,284,426,361,1.0,-1,-1,-1
216,240,1126,108,101,96,1.0,-1,-1,-1
217,241,1247,103,401,469,1.0,-1,-1,-1
217,232,960,170,221,187,1.0,-1,-1,-1
217,242,31,285,427,363,1.0,-1,-1,-1
217,240,1127,109,100,96,1.0,-1,-1,-1
218,241,1244,103,399,463,1.0,-1,-1,-1
218,232,949,170,223,188,1.0,-1,-1,-1
218,242,25,285,428,366,1.0,-1,-1,-1
218,240,1127,108,101,99,1.0,-1,-1,-1
219,241,1245,108,394,446,1.0,-1,-1,-1
219,232,952,170,217,193,1.0,-1,-1,-1
219,242,18,286,429,368,1.0,-1,-1,-1
219,240,1127,108,101,98,1.0,-1,-1,-1
220,241,1245,111,389,433,1.0,-1,-1,-1
220,232,948,171,223,190,1.0,-1,-1,-1
220,242,12,287,430,370,1.0,-1,-1,-1
220,240,1126,111,101,94,1.0,-1,-1,-1
221,241,1245,114,386,421,1.0,-1,-1,-1
221,232,942,168,227,198,1.0,-1,-1,-1
221,242,5,288,431,372,1.0,-1,-1,-1
221,240,1126,113,101,94,1.0,-1,-1,-1
222,241,1244,97,383,422,1.0,-1,-1,-1
222,232,934,171,238,201,1.0,-1,-1,-1
222,242,0,288,432,375,1.0,-1,-1,-1
222,240,1127,114,101,94,1.0,-1,-1,-1
223,241,1243,98,381,419,1.0,-1,-1,-1
223,232,936,174,228,197,1.0,-1,-1,-1
223,242,0,289,433,377,1.0,-1,-1,-1
223,240,1127,116,100,93,1.0,-1,-1,-1
224,241,1244,98,375,414,1.0,-1,-1,-1
224,232,926,172,239,205,1.0,-1,-1,-1
224,242,0,290,434,379,1.0,-1,-1,-1
224,240,1127,118,100,93,1.0,-1,-1,-1
225,241,1244,100,367,406,1.0,-1,-1,-1
225,232,920,175,238,205,1.0,-1,-1,-1
225,242,0,291,435,382,1.0,-1,-1,-1
225,240,1127,120,99,93,1.0,-1,-1,-1
226,241,1245,103,361,396,1.0,-1,-1,-1
226,232,914,177,241,205,1.0,-1,-1,-1
226,240,1127,122,99,92,1.0,-1,-1,-1
227,241,1246,105,355,387,1.0,-1,-1,-1
227,232,908,179,245,205,1.0,-1,-1,-1
228,241,1247,104,350,381,1.0,-1,-1,-1
228,232,896,181,254,204,1.0,-1,-1,-1
229,241,1247,103,343,378,1.0,-1,-1,-1
229,232,896,185,249,201,1.0,-1,-1,-1
230,241,1247,100,338,376,1.0,-1,-1,-1
230,232,889,188,239,206,1.0,-1,-1,-1
231,241,1249,97,334,374,1.0,-1,-1,-1
231,232,895,188,242,208,1.0,-1,-1,-1
232,241,1253,94,323,372,1.0,-1,-1,-1
232,232,881,190,237,207,1.0,-1,-1,-1
233,241,1256,91,313,369,1.0,-1,-1,-1
233,232,872,187,267,213,1.0,-1,-1,-1
234,241,1264,89,296,369,1.0,-1,-1,-1
234,232,866,189,274,216,1.0,-1,-1,-1
235,241,1266,87,290,366,1.0,-1,-1,-1
235,232,866,191,271,218,1.0,-1,-1,-1
236,241,1267,85,285,363,1.0,-1,-1,-1
236,232,865,191,276,226,1.0,-1,-1,-1
237,241,1268,82,282,361,1.0,-1,-1,-1
237,232,862,192,276,227,1.0,-1,-1,-1
238,241,1269,82,278,357,1.0,-1,-1,-1
238,232,859,192,280,230,1.0,-1,-1,-1
238,240,1127,132,98,95,1.0,-1,-1,-1
239,241,1272,82,271,351,1.0,-1,-1,-1
239,232,857,192,280,234,1.0,-1,-1,-1
239,240,1128,132,96,95,1.0,-1,-1,-1
240,241,1267,92,260,328,1.0,-1,-1,-1
240,232,853,193,281,237,1.0,-1,-1,-1
240,240,1128,132,96,96,1.0,-1,-1,-1
241,241,1269,91,255,324,1.0,-1,-1,-1
241,232,850,195,282,242,1.0,-1,-1,-1
242,241,1268,93,253,318,1.0,-1,-1,-1
242,232,846,196,285,249,1.0,-1,-1,-1
242,240,1126,136,100,94,1.0,-1,-1,-1
243,241,1269,94,251,313,1.0,-1,-1,-1
243,232,842,200,276,252,1.0,-1,-1,-1
243,240,1125,138,102,93,1.0,-1,-1,-1
244,241,1268,96,249,308,1.0,-1,-1,-1
244,232,833,201,283,251,1.0,-1,-1,-1
244,240,1124,139,104,91,1.0,-1,-1,-1
245,241,1268,97,248,305,1.0,-1,-1,-1
245,232,829,205,283,254,1.0,-1,-1,-1
245,240,1124,140,102,90,1.0,-1,-1,-1
246,241,1255,84,264,309,1.0,-1,-1,-1
246,232,815,226,288,239,1.0,-1,-1,-1
246,240,1124,139,102,91,1.0,-1,-1,-1
247,241,1252,85,266,308,1.0,-1,-1,-1
247,232,810,229,291,241,1.0,-1,-1,-1
247,240,1124,137,101,95,1.0,-1,-1,-1
248,241,1251,85,263,307,1.0,-1,-1,-1
248,232,806,231,293,242,1.0,-1,-1,-1
248,240,1123,136,104,97,1.0,-1,-1,-1
249,241,1252,86,259,304,1.0,-1,-1,-1
249,232,800,234,298,244,1.0,-1,-1,-1
249,240,1122,134,105,100,1.0,-1,-1,-1
250,241,1251,86,255,301,1.0,-1,-1,-1
250,232,796,236,300,245,1.0,-1,-1,-1
250,240,1122,135,107,99,1.0,-1,-1,-1
251,241,1259,90,235,290,1.0,-1,-1,-1
251,232,788,237,305,249,1.0,-1,-1,-1
251,240,1121,136,108,97,1.0,-1,-1,-1
252,241,1257,91,232,287,1.0,-1,-1,-1
252,232,780,236,312,253,1.0,-1,-1,-1
252,240,1121,137,109,96,1.0,-1,-1,-1
253,241,1256,93,229,282,1.0,-1,-1,-1
253,232,770,232,321,264,1.0,-1,-1,-1
253,240,1121,137,108,97,1.0,-1,-1,-1
254,241,1256,94,228,278,1.0,-1,-1,-1
254,232,763,231,325,272,1.0,-1,-1,-1
254,240,1122,135,105,99,1.0,-1,-1,-1
255,241,1254,94,227,275,1.0,-1,-1,-1
255,232,757,232,327,280,1.0,-1,-1,-1
255,240,1123,134,104,99,1.0,-1,-1,-1
256,241,1252,92,227,275,1.0,-1,-1,-1
256,232,751,236,329,282,1.0,-1,-1,-1
256,240,1123,134,104,98,1.0,-1,-1,-1
257,241,1250,89,227,274,1.0,-1,-1,-1
257,232,744,236,334,288,1.0,-1,-1,-1
257,240,1122,135,104,96,1.0,-1,-1,-1
258,241,1248,86,226,273,1.0,-1,-1,-1
258,232,737,248,334,301,1.0,-1,-1,-1
258,240,1122,137,106,95,1.0,-1,-1,-1
259,241,1248,89,222,269,1.0,-1,-1,-1
259,232,729,244,340,310,1.0,-1,-1,-1
259,240,1121,139,108,94,1.0,-1,-1,-1
260,241,1247,91,219,264,1.0,-1,-1,-1
260,232,722,242,349,317,1.0,-1,-1,-1
260,240,1120,139,110,95,1.0,-1,-1,-1
261,241,1246,93,215,259,1.0,-1,-1,-1
261,232,702,249,357,313,1.0,-1,-1,-1
261,240,1119,140,110,94,1.0,-1,-1,-1
262,241,1247,91,211,259,1.0,-1,-1,-1
262,232,698,250,359,316,1.0,-1,-1,-1
262,243,1000,199,190,148,1.0,-1,-1,-1
262,240,1118,140,112,94,1.0,-1,-1,-1
263,241,1247,90,209,258,1.0,-1,-1,-1
263,232,693,252,361,319,1.0,-1,-1,-1
263,243,1002,205,197,162,1.0,-1,-1,-1
263,240,1117,139,114,93,1.0,-1,-1,-1
264,241,1249,88,206,259,1.0,-1,-1,-1
264,232,687,254,361,320,1.0,-1,-1,-1
264,243,999,205,206,163,1.0,-1,-1,-1
264,240,1116,138,116,96,1.0,-1,-1,-1
265,241,1247,89,207,257,1.0,-1,-1,-1
265,232,681,256,361,323,1.0,-1,-1,-1
265,243,1015,203,213,165,1.0,-1,-1,-1
265,240,1115,137,119,100,1.0,-1,-1,-1
266,241,1244,90,206,256,1.0,-1,-1,-1
266,232,673,259,364,328,1.0,-1,-1,-1
266,243,1020,200,219,171,1.0,-1,-1,-1
266,240,1113,137,122,101,1.0,-1,-1,-1
267,241,1241,92,207,254,1.0,-1,-1,-1
267,232,665,265,370,333,1.0,-1,-1,-1
267,243,1032,200,231,172,1.0,-1,-1,-1
267,240,1112,138,125,98,1.0,-1,-1,-1
268,241,1241,95,205,250,1.0,-1,-1,-1
268,232,655,272,379,340,1.0,-1,-1,-1
268,243,1044,201,244,173,1.0,-1,-1,-1
268,240,1111,139,126,93,1.0,-1,-1,-1
269,241,1239,95,206,248,1.0,-1,-1,-1
269,232,644,269,408,352,1.0,-1,-1,-1
269,243,1057,201,256,174,1.0,-1,-1,-1
269,240,1111,139,126,93,1.0,-1,-1,-1
270,232,631,271,419,357,1.0,-1,-1,-1
270,243,1069,202,268,175,1.0,-1,-1,-1
270,240,1111,138,127,95,1.0,-1,-1,-1
271,232,615,292,440,370,1.0,-1,-1,-1
271,243,1081,202,280,175,1.0,-1,-1,-1
271,240,1111,138,126,96,1.0,-1,-1,-1
272,232,603,296,446,375,1.0,-1,-1,-1
272,243,1093,202,292,176,1.0,-1,-1,-1
272,240,1111,139,126,97,1.0,-1,-1,-1
273,232,591,303,451,379,1.0,-1,-1,-1
273,243,1136,212,276,154,1.0,-1,-1,-1
273,244,1011,196,147,127,1.0,-1,-1,-1
273,240,1111,140,126,98,1.0,-1,-1,-1
274,232,580,310,456,384,1.0,-1,-1,-1
274,243,1140,206,311,172,1.0,-1,-1,-1
274,244,1009,200,152,123,1.0,-1,-1,-1
274,240,1110,139,125,101,1.0,-1,-1,-1
275,232,569,316,458,395,1.0,-1,-1,-1
275,243,1147,201,330,175,1.0,-1,-1,-1
275,244,1007,202,155,123,1.0,-1,-1,-1
275,240,1109,138,125,106,1.0,-1,-1,-1
276,232,559,323,462,409,1.0,-1,-1,-1
276,243,1196,204,325,171,1.0,-1,-1,-1
276,244,1003,202,159,123,1.0,-1,-1,-1
276,240,1109,139,127,113,1.0,-1,-1,-1
277,232,548,327,465,428,1.0,-1,-1,-1
277,243,1212,199,334,174,1.0,-1,-1,-1
277,244,999,202,163,125,1.0,-1,-1,-1
277,240,1108,141,128,111,1.0,-1,-1,-1
278,232,539,334,470,440,1.0,-1,-1,-1
278,243,1247,199,350,177,1.0,-1,-1,-1
278,244,996,201,164,127,1.0,-1,-1,-1
278,240,1108,141,129,111,1.0,-1,-1,-1
279,232,529,344,477,449,1.0,-1,-1,-1
279,243,1267,201,350,177,1.0,-1,-1,-1
279,244,992,203,167,127,1.0,-1,-1,-1
279,240,1106,142,130,111,1.0,-1,-1,-1
280,232,520,357,484,453,1.0,-1,-1,-1
280,243,1291,202,365,174,1.0,-1,-1,-1
280,244,989,204,169,129,1.0,-1,-1,-1
280,240,1104,144,131,111,1.0,-1,-1,-1
281,232,512,365,489,460,1.0,-1,-1,-1
281,243,1314,204,380,171,1.0,-1,-1,-1
281,244,983,201,169,138,1.0,-1,-1,-1
281,240,1101,145,131,112,1.0,-1,-1,-1
282,232,495,400,512,459,1.0,-1,-1,-1
282,243,1342,201,365,171,1.0,-1,-1,-1
282,244,982,203,170,139,1.0,-1,-1,-1
282,240,1099,146,132,111,1.0,-1,-1,-1
283,241,1239,121,193,197,1.0,-1,-1,-1
283,232,483,405,526,470,1.0,-1,-1,-1
283,243,1371,201,393,174,1.0,-1,-1,-1
283,244,980,204,171,139,1.0,-1,-1,-1
283,240,1098,146,133,111,1.0,-1,-1,-1
284,241,1238,121,191,197,1.0,-1,-1,-1
284,232,442,409,564,494,1.0,-1,-1,-1
284,243,1390,200,391,177,1.0,-1,-1,-1
284,245,534,251,251,206,1.0,-1,-1,-1
284,244,977,204,172,139,1.0,-1,-1,-1
284,240,1097,147,134,110,1.0,-1,-1,-1
285,241,1238,122,188,196,1.0,-1,-1,-1
285,232,423,417,579,516,1.0,-1,-1,-1
285,243,1414,199,380,178,1.0,-1,-1,-1
285,244,975,204,173,140,1.0,-1,-1,-1
285,240,1095,147,135,111,1.0,-1,-1,-1
286,241,1239,122,185,196,1.0,-1,-1,-1
286,232,401,429,590,528,1.0,-1,-1,-1
286,243,1434,200,390,177,1.0,-1,-1,-1
286,245,521,256,255,216,1.0,-1,-1,-1
286,244,973,203,173,141,1.0,-1,-1,-1
286,240,1088,145,146,114,1.0,-1,-1,-1
287,241,1237,126,176,190,1.0,-1,-1,-1
287,232,374,445,611,533,1.0,-1,-1,-1
287,243,1453,201,401,176,1.0,-1,-1,-1
287,245,511,258,255,223,1.0,-1,-1,-1
287,244,969,203,175,142,1.0,-1,-1,-1
287,240,1088,146,146,114,1.0,-1,-1,-1
288,241,1237,126,175,188,1.0,-1,-1,-1
288,232,344,457,632,543,1.0,-1,-1,-1
288,243,1472,199,391,177,1.0,-1,-1,-1
288,245,501,260,256,227,1.0,-1,-1,-1
288,244,967,201,176,146,1.0,-1,-1,-1
288,240,1088,146,146,114,1.0,-1,-1,-1
289,241,1238,126,172,187,1.0,-1,-1,-1
289,232,316,457,646,570,1.0,-1,-1,-1
289,243,1483,200,400,178,1.0,-1,-1,-1
289,245,490,261,257,231,1.0,-1,-1,-1
289,244,963,200,179,150,1.0,-1,-1,-1
289,240,1088,146,145,113,1.0,-1,-1,-1
290,241,1240,128,169,184,1.0,-1,-1,-1
290,232,303,485,633,581,1.0,-1,-1,-1
290,243,1495,200,408,179,1.0,-1,-1,-1
290,244,960,199,179,151,1.0,-1,-1,-1
290,240,1086,147,146,112,1.0,-1,-1,-1
291,241,1242,129,166,180,1.0,-1,-1,-1
291,232,283,504,644,567,1.0,-1,-1,-1
291,243,1506,201,412,180,1.0,-1,-1,-1
291,244,958,201,178,149,1.0,-1,-1,-1
291,240,1094,168,136,94,1.0,-1,-1,-1
292,241,1242,131,163,177,1.0,-1,-1,-1
292,232,216,524,695,555,1.0,-1,-1,-1
292,246,643,303,383,313,1.0,-1,-1,-1
292,243,1519,200,399,181,1.0,-1,-1,-1
292,244,957,201,176,149,1.0,-1,-1,-1
292,240,1095,167,136,95,1.0,-1,-1,-1
293,241,1241,133,162,174,1.0,-1,-1,-1
293,232,178,543,715,535,1.0,-1,-1,-1
293,246,635,309,384,323,1.0,-1,-1,-1
293,243,1536,200,382,182,1.0,-1,-1,-1
293,244,955,200,175,151,1.0,-1,-1,-1
293,240,1078,154,154,114,1.0,-1,-1,-1
294,241,1239,134,163,173,1.0,-1,-1,-1
294,246,626,313,392,320,1.0,-1,-1,-1
294,244,951,199,177,154,1.0,-1,-1,-1
294,240,1077,154,156,113,1.0,-1,-1,-1
295,241,1237,134,164,172,1.0,-1,-1,-1
295,246,615,315,406,321,1.0,-1,-1,-1
295,244,947,199,182,155,1.0,-1,-1,-1
295,240,1079,154,155,114,1.0,-1,-1,-1
296,241,1235,134,163,173,1.0,-1,-1,-1
296,246,602,329,397,309,1.0,-1,-1,-1
296,244,942,213,191,145,1.0,-1,-1,-1
296,240,1101,165,133,100,1.0,-1,-1,-1
297,241,1234,135,163,173,1.0,-1,-1,-1
297,246,597,338,395,310,1.0,-1,-1,-1
297,244,935,213,191,146,1.0,-1,-1,-1
297,240,1102,169,131,97,1.0,-1,-1,-1
298,241,1233,135,162,172,1.0,-1,-1,-1
298,246,588,348,397,312,1.0,-1,-1,-1
298,244,933,212,193,149,1.0,-1,-1,-1
298,240,1102,172,130,95,1.0,-1,-1,-1
299,241,1233,136,161,170,1.0,-1,-1,-1
299,246,579,357,401,316,1.0,-1,-1,-1
299,245,349,288,317,262,1.0,-1,-1,-1
299,244,931,211,196,151,1.0,-1,-1,-1
299,240,1101,171,129,94,1.0,-1,-1,-1
300,241,1232,136,160,168,1.0,-1,-1,-1
300,246,571,362,405,324,1.0,-1,-1,-1
300,245,336,289,321,271,1.0,-1,-1,-1
300,244,929,209,199,154,1.0,-1,-1,-1
300,240,1101,169,128,97,1.0,-1,-1,-1
301,241,1231,137,160,167,1.0,-1,-1,-1
301,246,559,335,412,383,1.0,-1,-1,-1
301,244,925,208,204,156,1.0,-1,-1,-1
301,240,1102,166,129,100,1.0,-1,-1,-1
302,241,1231,138,160,166,1.0,-1,-1,-1
302,246,555,347,405,383,1.0,-1,-1,-1
302,245,305,293,333,283,1.0,-1,-1,-1
302,244,922,208,207,157,1.0,-1,-1,-1
302,240,1101,165,127,102,1.0,-1,-1,-1
303,241,1232,138,159,166,1.0,-1,-1,-1
303,246,552,359,397,380,1.0,-1,-1,-1
303,245,288,294,345,288,1.0,-1,-1,-1
303,244,920,209,207,156,1.0,-1,-1,-1
303,240,1095,157,133,111,1.0,-1,-1,-1
304,241,1233,139,157,166,1.0,-1,-1,-1
304,246,543,368,404,379,1.0,-1,-1,-1
304,245,261,304,347,285,1.0,-1,-1,-1
304,244,919,209,203,155,1.0,-1,-1,-1
304,240,1094,157,134,112,1.0,-1,-1,-1
305,241,1234,138,155,166,1.0,-1,-1,-1
305,246,520,399,422,368,1.0,-1,-1,-1
305,245,250,305,353,292,1.0,-1,-1,-1
305,244,919,209,201,155,1.0,-1,-1,-1
305,240,1094,157,134,112,1.0,-1,-1,-1
306,241,1234,139,155,165,1.0,-1,-1,-1
306,246,520,407,415,376,1.0,-1,-1,-1
306,245,235,307,361,297,1.0,-1,-1,-1
306,244,917,210,200,155,1.0,-1,-1,-1
307,241,1234,139,154,164,1.0,-1,-1,-1
307,246,517,409,414,388,1.0,-1,-1,-1
307,245,217,306,370,305,1.0,-1,-1,-1
307,244,915,211,202,155,1.0,-1,-1,-1
308,241,1233,139,155,164,1.0,-1,-1,-1
308,246,506,405,420,403,1.0,-1,-1,-1
308,245,196,318,384,307,1.0,-1,-1,-1
308,244,912,209,205,159,1.0,-1,-1,-1
308,240,1093,160,135,111,1.0,-1,-1,-1
309,241,1233,139,155,164,1.0,-1,-1,-1
309,246,459,425,476,401,1.0,-1,-1,-1
309,244,910,208,207,162,1.0,-1,-1,-1
309,240,1093,161,134,111,1.0,-1,-1,-1
310,241,1233,139,156,163,1.0,-1,-1,-1
310,246,438,430,491,406,1.0,-1,-1,-1
310,245,156,325,396,310,1.0,-1,-1,-1
310,244,909,208,206,166,1.0,-1,-1,-1
310,240,1094,161,133,112,1.0,-1,-1,-1
311,241,1234,139,155,163,1.0,-1,-1,-1
311,247,1422,178,357,137,1.0,-1,-1,-1
311,246,424,435,498,413,1.0,-1,-1,-1
311,244,908,209,207,167,1.0,-1,-1,-1
311,240,1096,160,131,113,1.0,-1,-1,-1
312,241,1233,138,156,165,1.0,-1,-1,-1
312,247,1398,179,350,135,1.0,-1,-1,-1
312,246,411,443,504,420,1.0,-1,-1,-1
312,244,906,209,209,169,1.0,-1,-1,-1
312,240,1096,160,130,113,1.0,-1,-1,-1
313,241,1234,136,155,167,1.0,-1,-1,-1
313,247,1365,178,337,139,1.0,-1,-1,-1
313,246,402,453,502,426,1.0,-1,-1,-1
313,245,112,342,414,318,1.0,-1,-1,-1
313,244,904,208,212,170,1.0,-1,-1,-1
313,240,1097,169,126,102,1.0,-1,-1,-1
314,241,1234,133,156,170,1.0,-1,-1,-1
314,247,1339,180,335,137,1.0,-1,-1,-1
314,246,392,464,499,431,1.0,-1,-1,-1
314,244,902,207,211,174,1.0,-1,-1,-1
314,240,1094,160,130,114,1.0,-1,-1,-1
315,241,1234,133,155,169,1.0,-1,-1,-1
315,247,1307,178,343,140,1.0,-1,-1,-1
315,246,379,474,500,436,1.0,-1,-1,-1
315,244,900,207,213,178,1.0,-1,-1,-1
315,240,1092,162,132,113,1.0,-1,-1,-1
316,241,1235,134,154,168,1.0,-1,-1,-1
316,247,1279,181,339,139,1.0,-1,-1,-1
316,246,365,483,511,443,1.0,-1,-1,-1
316,244,898,206,216,183,1.0,-1,-1,-1
316,240,1091,163,133,113,1.0,-1,-1,-1
317,241,1236,134,153,167,1.0,-1,-1,-1
317,247,1261,183,331,137,1.0,-1,-1,-1
317,246,349,492,527,450,1.0,-1,-1,-1
317,244,894,206,224,187,1.0,-1,-1,-1
317,240,1090,164,135,112,1.0,-1,-1,-1
318,241,1237,134,153,165,1.0,-1,-1,-1
318,247,1232,184,319,138,1.0,-1,-1,-1
318,246,337,500,541,457,1.0,-1,-1,-1
318,244,891,206,229,191,1.0,-1,-1,-1
318,240,1090,165,134,112,1.0,-1,-1,-1
319,241,1237,135,152,164,1.0,-1,-1,-1
319,247,1200,185,331,137,1.0,-1,-1,-1
319,246,328,505,549,465,1.0,-1,-1,-1
319,244,888,207,232,191,1.0,-1,-1,-1
319,240,1090,164,133,112,1.0,-1,-1,-1
320,241,1238,135,151,163,1.0,-1,-1,-1
320,247,1174,185,320,137,1.0,-1,-1,-1
320,246,322,507,553,475,1.0,-1,-1,-1
320,244,888,208,231,192,1.0,-1,-1,-1
320,240,1090,163,133,113,1.0,-1,-1,-1
321,241,1239,135,150,162,1.0,-1,-1,-1
321,247,1151,183,317,139,1.0,-1,-1,-1
321,246,301,516,559,470,1.0,-1,-1,-1
321,244,886,209,233,191,1.0,-1,-1,-1
321,240,1090,162,132,111,1.0,-1,-1,-1
322,241,1240,135,149,161,1.0,-1,-1,-1
322,247,1131,182,304,141,1.0,-1,-1,-1
322,246,283,545,577,470,1.0,-1,-1,-1
322,244,887,209,231,193,1.0,-1,-1,-1
323,241,1240,136,148,160,1.0,-1,-1,-1
323,247,1117,188,292,137,1.0,-1,-1,-1
323,246,269,550,584,473,1.0,-1,-1,-1
323,244,887,210,230,193,1.0,-1,-1,-1
324,241,1241,136,147,159,1.0,-1,-1,-1
324,247,1119,186,281,142,1.0,-1,-1,-1
324,246,254,556,587,480,1.0,-1,-1,-1
324,244,874,217,231,188,1.0,-1,-1,-1
325,241,1242,136,146,157,1.0,-1,-1,-1
325,247,1094,191,270,138,1.0,-1,-1,-1
325,246,239,563,591,484,1.0,-1,-1,-1
325,244,872,221,248,205,1.0,-1,-1,-1
326,241,1242,137,145,156,1.0,-1,-1,-1
326,247,1073,194,261,132,1.0,-1,-1,-1
326,246,224,573,601,485,1.0,-1,-1,-1
326,244,870,222,249,205,1.0,-1,-1,-1
327,241,1244,133,142,163,1.0,-1,-1,-1
327,247,1071,192,247,136,1.0,-1,-1,-1
327,246,212,583,607,484,1.0,-1,-1,-1
327,244,870,224,251,204,1.0,-1,-1,-1
328,241,1243,133,142,160,1.0,-1,-1,-1
328,247,1060,185,226,143,1.0,-1,-1,-1
328,246,199,592,613,480,1.0,-1,-1,-1
328,244,869,226,254,203,1.0,-1,-1,-1
329,241,1242,135,142,155,1.0,-1,-1,-1
329,247,1055,187,215,141,1.0,-1,-1,-1
329,246,186,600,620,467,1.0,-1,-1,-1
329,244,866,229,256,200,1.0,-1,-1,-1
330,241,1239,136,147,156,1.0,-1,-1,-1
330,247,1048,190,207,141,1.0,-1,-1,-1
330,246,173,603,628,457,1.0,-1,-1,-1
330,244,862,232,257,201,1.0,-1,-1,-1
331,241,1239,137,147,153,1.0,-1,-1,-1
331,247,1051,192,194,142,1.0,-1,-1,-1
331,246,160,600,633,451,1.0,-1,-1,-1
331,244,858,235,260,202,1.0,-1,-1,-1
332,241,1239,138,146,151,1.0,-1,-1,-1
332,247,1040,193,196,147,1.0,-1,-1,-1
332,246,153,601,633,456,1.0,-1,-1,-1
332,244,854,234,259,207,1.0,-1,-1,-1
333,241,1239,138,145,151,1.0,-1,-1,-1
333,247,1029,193,193,147,1.0,-1,-1,-1
333,246,146,608,633,459,1.0,-1,-1,-1
333,244,851,236,260,209,1.0,-1,-1,-1
334,241,1240,137,144,151,1.0,-1,-1,-1
334,247,1022,198,187,141,1.0,-1,-1,-1
334,246,142,618,635,460,1.0,-1,-1,-1
334,244,847,237,262,211,1.0,-1,-1,-1
335,241,1241,138,140,146,1.0,-1,-1,-1
335,247,1017,199,181,140,1.0,-1,-1,-1
335,246,141,624,631,454,1.0,-1,-1,-1
335,244,842,240,269,212,1.0,-1,-1,-1
336,241,1241,140,139,144,1.0,-1,-1,-1
336,247,1010,200,181,139,1.0,-1,-1,-1
336,246,110,629,629,449,1.0,-1,-1,-1
336,244,837,243,275,214,1.0,-1,-1,-1
337,241,1244,130,133,147,1.0,-1,-1,-1
337,247,1003,200,183,140,1.0,-1,-1,-1
337,246,102,638,640,440,1.0,-1,-1,-1
337,244,833,245,281,216,1.0,-1,-1,-1
338,241,1244,130,134,147,1.0,-1,-1,-1
338,247,1000,198,184,144,1.0,-1,-1,-1
338,246,94,646,650,432,1.0,-1,-1,-1
338,244,828,248,286,219,1.0,-1,-1,-1
339,241,1244,130,134,148,1.0,-1,-1,-1
339,247,994,195,183,150,1.0,-1,-1,-1
339,246,86,648,663,430,1.0,-1,-1,-1
339,244,823,251,291,223,1.0,-1,-1,-1
340,241,1244,130,132,148,1.0,-1,-1,-1
340,247,993,194,183,151,1.0,-1,-1,-1
340,246,79,651,668,427,1.0,-1,-1,-1
340,244,808,253,293,226,1.0,-1,-1,-1
341,241,1244,130,132,147,1.0,-1,-1,-1
341,247,993,197,184,147,1.0,-1,-1,-1
341,244,805,257,295,226,1.0,-1,-1,-1
342,241,1244,131,131,145,1.0,-1,-1,-1
342,247,994,193,181,152,1.0,-1,-1,-1
342,244,801,259,297,230,1.0,-1,-1,-1
343,241,1243,131,132,144,1.0,-1,-1,-1
343,247,994,194,180,151,1.0,-1,-1,-1
343,244,797,260,297,232,1.0,-1,-1,-1
344,241,1242,130,133,145,1.0,-1,-1,-1
344,247,993,194,180,151,1.0,-1,-1,-1
344,244,792,261,301,237,1.0,-1,-1,-1
345,241,1242,129,134,147,1.0,-1,-1,-1
345,248,1130,506,664,572,1.0,-1,-1,-1
345,247,991,197,188,152,1.0,-1,-1,-1
345,244,783,262,307,241,1.0,-1,-1,-1
346,241,1241,129,133,148,1.0,-1,-1,-1
346,248,1152,482,666,596,1.0,-1,-1,-1
346,247,992,193,188,158,1.0,-1,-1,-1
346,244,775,263,315,244,1.0,-1,-1,-1
347,241,1241,129,133,148,1.0,-1,-1,-1
347,248,1172,470,627,605,1.0,-1,-1,-1
347,247,991,195,186,157,1.0,-1,-1,-1
347,244,764,270,329,253,1.0,-1,-1,-1
348,241,1240,130,133,146,1.0,-1,-1,-1
348,248,1178,428,616,623,1.0,-1,-1,-1
348,247,988,198,192,156,1.0,-1,-1,-1
348,244,757,269,332,257,1.0,-1,-1,-1
349,241,1240,131,133,144,1.0,-1,-1,-1
349,248,1190,421,594,602,1.0,-1,-1,-1
349,247,988,196,192,161,1.0,-1,-1,-1
349,244,751,269,335,260,1.0,-1,-1,-1
350,241,1239,132,134,142,1.0,-1,-1,-1
350,248,1197,409,582,578,1.0,-1,-1,-1
350,247,982,199,197,156,1.0,-1,-1,-1
350,244,745,269,337,262,1.0,-1,-1,-1
351,241,1239,132,133,142,1.0,-1,-1,-1
351,248,1204,394,571,555,1.0,-1,-1,-1
351,247,981,195,199,161,1.0,-1,-1,-1
351,244,740,269,340,264,1.0,-1,-1,-1
352,241,1239,132,132,143,1.0,-1,-1,-1
352,248,1207,380,564,539,1.0,-1,-1,-1
352,247,985,197,196,161,1.0,-1,-1,-1
352,244,736,273,341,264,1.0,-1,-1,-1
353,241,1240,132,131,143,1.0,-1,-1,-1
353,248,1229,350,520,507,1.0,-1,-1,-1
353,247,976,199,201,159,1.0,-1,-1,-1
353,244,734,278,340,264,1.0,-1,-1,-1
353,249,875,191,152,135,1.0,-1,-1,-1
354,241,1239,132,130,144,1.0,-1,-1,-1
354,248,1227,346,521,503,1.0,-1,-1,-1
354,247,976,200,202,157,1.0,-1,-1,-1
354,244,730,282,340,266,1.0,-1,-1,-1
354,249,873,191,153,136,1.0,-1,-1,-1
355,241,1239,131,130,145,1.0,-1,-1,-1
355,248,1230,340,517,491,1.0,-1,-1,-1
355,247,977,199,203,159,1.0,-1,-1,-1
355,244,726,284,344,268,1.0,-1,-1,-1
355,249,870,191,154,137,1.0,-1,-1,-1
356,241,1238,131,129,144,1.0,-1,-1,-1
356,248,1233,327,510,486,1.0,-1,-1,-1
356,247,977,198,202,161,1.0,-1,-1,-1
356,244,720,284,351,272,1.0,-1,-1,-1
356,249,867,190,156,139,1.0,-1,-1,-1
357,241,1238,131,129,141,1.0,-1,-1,-1
357,248,1239,314,499,477,1.0,-1,-1,-1
357,247,978,197,201,165,1.0,-1,-1,-1
357,244,704,288,350,271,1.0,-1,-1,-1
357,249,865,190,157,140,1.0,-1,-1,-1
358,241,1238,132,128,139,1.0,-1,-1,-1
358,248,1242,301,492,471,1.0,-1,-1,-1
358,247,970,198,205,165,1.0,-1,-1,-1
358,244,700,288,352,274,1.0,-1,-1,-1
358,249,862,190,158,141,1.0,-1,-1,-1
359,241,1237,124,133,138,1.0,-1,-1,-1
359,248,1205,294,517,453,1.0,-1,-1,-1
359,247,970,199,205,164,1.0,-1,-1,-1
359,244,701,291,356,276,1.0,-1,-1,-1
359,249,860,190,160,143,1.0,-1,-1,-1
