22,285,0,630,1186,651,1.0,-1,-1,-1
23,285,100,644,1341,712,1.0,-1,-1,-1
24,285,221,658,1496,773,1.0,-1,-1,-1
25,285,342,673,1651,835,1.0,-1,-1,-1
26,285,542,691,1744,888,1.0,-1,-1,-1
27,285,742,709,1817,941,1.0,-1,-1,-1
57,286,1154,468,1370,571,1.0,-1,-1,-1
58,286,1121,474,1374,559,1.0,-1,-1,-1
59,286,957,469,1471,578,1.0,-1,-1,-1
60,286,910,468,1455,572,1.0,-1,-1,-1
61,286,778,464,1439,591,1.0,-1,-1,-1
62,286,753,469,1389,576,1.0,-1,-1,-1
63,286,564,472,1439,584,1.0,-1,-1,-1
64,286,551,476,1362,568,1.0,-1,-1,-1
65,286,376,475,1402,578,1.0,-1,-1,-1
66,286,197,471,1420,572,1.0,-1,-1,-1
67,286,192,475,1339,566,1.0,-1,-1,-1
68,286,27,471,1344,581,1.0,-1,-1,-1
69,286,6,478,1271,571,1.0,-1,-1,-1
82,287,1242,479,1296,538,1.0,-1,-1,-1
83,287,1112,475,1345,543,1.0,-1,-1,-1
84,287,982,470,1394,547,1.0,-1,-1,-1
85,287,812,481,1432,521,1.0,-1,-1,-1
86,287,642,492,1469,495,1.0,-1,-1,-1
87,288,0,668,1947,907,1.0,-1,-1,-1
88,288,204,675,2141,882,1.0,-1,-1,-1
89,288,677,677,1882,863,1.0,-1,-1,-1
90,287,87,507,1406,494,1.0,-1,-1,-1
91,287,0,504,1337,520,1.0,-1,-1,-1
97,289,1664,497,868,363,1.0,-1,-1,-1
98,289,1592,496,897,363,1.0,-1,-1,-1
99,289,1456,500,905,353,1.0,-1,-1,-1
100,289,1400,496,914,362,1.0,-1,-1,-1
101,289,1251,498,888,354,1.0,-1,-1,-1
102,289,1195,497,889,360,1.0,-1,-1,-1
103,289,1059,501,876,350,1.0,-1,-1,-1
104,289,999,505,882,346,1.0,-1,-1,-1
105,289,887,512,854,337,1.0,-1,-1,-1
106,289,831,514,845,331,1.0,-1,-1,-1
107,289,698,515,873,333,1.0,-1,-1,-1
108,289,669,512,822,335,1.0,-1,-1,-1
109,289,642,516,761,311,1.0,-1,-1,-1
110,290,53,718,1778,755,1.0,-1,-1,-1
111,290,504,718,1759,749,1.0,-1,-1,-1
112,289,448,505,716,331,1.0,-1,-1,-1
112,290,977,729,1582,714,1.0,-1,-1,-1
113,289,392,509,704,292,1.0,-1,-1,-1
114,289,353,472,673,348,1.0,-1,-1,-1
115,289,316,503,651,293,1.0,-1,-1,-1
116,289,324,495,584,291,1.0,-1,-1,-1
117,289,255,492,592,293,1.0,-1,-1,-1
118,289,243,483,559,292,1.0,-1,-1,-1
119,289,221,478,502,284,1.0,-1,-1,-1
120,289,210,466,481,292,1.0,-1,-1,-1
121,289,193,464,463,289,1.0,-1,-1,-1
122,289,179,460,458,282,1.0,-1,-1,-1
123,289,155,454,427,275,1.0,-1,-1,-1
124,289,144,449,407,269,1.0,-1,-1,-1
125,289,132,448,390,261,1.0,-1,-1,-1
125,291,0,718,1454,641,1.0,-1,-1,-1
126,289,128,448,366,258,1.0,-1,-1,-1
126,291,366,714,1552,645,1.0,-1,-1,-1
127,289,108,443,359,259,1.0,-1,-1,-1
127,291,856,679,1515,677,1.0,-1,-1,-1
128,289,108,433,339,249,1.0,-1,-1,-1
129,289,102,440,331,223,1.0,-1,-1,-1
130,289,101,430,316,231,1.0,-1,-1,-1
131,289,103,425,301,229,1.0,-1,-1,-1
132,289,92,427,285,210,1.0,-1,-1,-1
133,289,93,426,273,204,1.0,-1,-1,-1
134,289,89,427,268,196,1.0,-1,-1,-1
135,289,83,414,260,177,1.0,-1,-1,-1
136,289,81,410,254,178,1.0,-1,-1,-1
137,289,79,406,249,182,1.0,-1,-1,-1
138,289,75,404,234,180,1.0,-1,-1,-1
139,289,70,404,237,173,1.0,-1,-1,-1
140,289,68,405,232,164,1.0,-1,-1,-1
141,289,66,401,225,162,1.0,-1,-1,-1
142,289,68,398,212,162,1.0,-1,-1,-1
143,289,67,394,205,163,1.0,-1,-1,-1
144,289,67,393,196,162,1.0,-1,-1,-1
145,289,65,384,190,153,1.0,-1,-1,-1
146,289,64,382,184,157,1.0,-1,-1,-1
147,289,62,379,184,158,1.0,-1,-1,-1
148,289,59,373,184,160,1.0,-1,-1,-1
149,289,50,369,185,157,1.0,-1,-1,-1
150,289,50,366,180,154,1.0,-1,-1,-1
151,289,49,366,176,151,1.0,-1,-1,-1
152,289,45,363,176,151,1.0,-1,-1,-1
153,289,42,363,166,144,1.0,-1,-1,-1
154,289,38,361,165,145,1.0,-1,-1,-1
155,289,34,359,165,146,1.0,-1,-1,-1
156,289,30,357,166,147,1.0,-1,-1,-1
157,289,26,355,167,145,1.0,-1,-1,-1
157,292,1567,468,992,405,1.0,-1,-1,-1
158,289,24,354,166,142,1.0,-1,-1,-1
158,292,1445,468,1051,414,1.0,-1,-1,-1
159,289,23,352,162,142,1.0,-1,-1,-1
159,292,1323,468,1089,424,1.0,-1,-1,-1
160,289,28,345,152,138,1.0,-1,-1,-1
160,292,1214,447,1100,432,1.0,-1,-1,-1
161,292,1105,425,1111,439,1.0,-1,-1,-1
162,289,27,347,152,132,1.0,-1,-1,-1
162,292,1000,462,1030,430,1.0,-1,-1,-1
163,292,940,465,1035,427,1.0,-1,-1,-1
164,292,824,487,984,393,1.0,-1,-1,-1
165,292,762,484,991,395,1.0,-1,-1,-1
166,292,663,488,936,387,1.0,-1,-1,-1
167,292,622,484,901,385,1.0,-1,-1,-1
168,292,529,440,992,400,1.0,-1,-1,-1
169,292,470,446,858,406,1.0,-1,-1,-1
170,292,417,447,851,399,1.0,-1,-1,-1
171,292,335,439,830,407,1.0,-1,-1,-1
172,292,336,453,736,387,1.0,-1,-1,-1
173,293,0,748,1832,721,1.0,-1,-1,-1
174,292,212,492,708,314,1.0,-1,-1,-1
174,293,515,733,1815,723,1.0,-1,-1,-1
175,292,179,490,730,314,1.0,-1,-1,-1
176,292,188,447,637,390,1.0,-1,-1,-1
177,292,144,477,628,321,1.0,-1,-1,-1
178,292,134,468,598,326,1.0,-1,-1,-1
179,292,141,467,547,314,1.0,-1,-1,-1
180,292,110,462,521,307,1.0,-1,-1,-1
181,292,110,456,479,301,1.0,-1,-1,-1
182,292,101,451,450,295,1.0,-1,-1,-1
183,292,98,446,428,294,1.0,-1,-1,-1
184,292,72,445,410,281,1.0,-1,-1,-1
185,292,76,447,383,270,1.0,-1,-1,-1
186,292,66,424,363,260,1.0,-1,-1,-1
187,292,63,424,347,254,1.0,-1,-1,-1
188,292,76,435,299,220,1.0,-1,-1,-1
189,292,73,437,297,215,1.0,-1,-1,-1
190,292,73,436,287,209,1.0,-1,-1,-1
191,292,71,429,284,213,1.0,-1,-1,-1
192,292,68,423,279,212,1.0,-1,-1,-1
193,292,67,422,272,207,1.0,-1,-1,-1
194,292,65,402,249,196,1.0,-1,-1,-1
195,292,67,401,243,196,1.0,-1,-1,-1
196,292,67,401,240,190,1.0,-1,-1,-1
197,292,66,402,236,183,1.0,-1,-1,-1
198,292,64,401,231,179,1.0,-1,-1,-1
199,292,62,401,225,172,1.0,-1,-1,-1
200,292,63,398,216,168,1.0,-1,-1,-1
201,292,65,397,204,163,1.0,-1,-1,-1
202,292,67,399,194,157,1.0,-1,-1,-1
203,292,66,398,187,155,1.0,-1,-1,-1
204,292,64,397,184,153,1.0,-1,-1,-1
205,292,57,378,190,161,1.0,-1,-1,-1
206,292,56,372,189,163,1.0,-1,-1,-1
207,294,1479,435,1079,421,1.0,-1,-1,-1
207,292,51,364,183,163,1.0,-1,-1,-1
208,294,1355,434,1156,412,1.0,-1,-1,-1
208,292,51,363,179,159,1.0,-1,-1,-1
209,294,1231,432,1215,403,1.0,-1,-1,-1
209,292,50,365,173,153,1.0,-1,-1,-1
210,294,1083,445,1150,388,1.0,-1,-1,-1
210,292,44,366,173,149,1.0,-1,-1,-1
211,294,944,440,1077,389,1.0,-1,-1,-1
211,292,39,364,173,149,1.0,-1,-1,-1
212,294,872,433,1153,390,1.0,-1,-1,-1
212,292,35,364,166,142,1.0,-1,-1,-1
213,294,741,450,1061,389,1.0,-1,-1,-1
213,292,31,363,166,143,1.0,-1,-1,-1
214,294,627,438,1000,389,1.0,-1,-1,-1
214,292,28,359,165,145,1.0,-1,-1,-1
215,294,603,440,944,395,1.0,-1,-1,-1
215,292,26,355,165,147,1.0,-1,-1,-1
216,294,451,436,950,384,1.0,-1,-1,-1
216,292,23,354,164,143,1.0,-1,-1,-1
217,294,451,444,853,381,1.0,-1,-1,-1
217,292,19,366,173,124,1.0,-1,-1,-1
218,294,385,436,880,373,1.0,-1,-1,-1
218,292,19,363,169,125,1.0,-1,-1,-1
219,294,322,435,782,374,1.0,-1,-1,-1
219,292,23,364,160,122,1.0,-1,-1,-1
220,294,289,437,738,366,1.0,-1,-1,-1
221,294,278,474,686,306,1.0,-1,-1,-1
222,294,205,464,670,312,1.0,-1,-1,-1
223,294,182,455,570,312,1.0,-1,-1,-1
224,294,160,447,575,317,1.0,-1,-1,-1
225,294,147,444,551,306,1.0,-1,-1,-1
226,294,121,437,503,293,1.0,-1,-1,-1
227,294,118,441,472,274,1.0,-1,-1,-1
228,294,119,448,428,254,1.0,-1,-1,-1
229,294,116,454,402,240,1.0,-1,-1,-1
230,294,75,426,398,253,1.0,-1,-1,-1
231,294,79,421,374,254,1.0,-1,-1,-1
232,294,77,413,349,252,1.0,-1,-1,-1
233,294,76,404,329,255,1.0,-1,-1,-1
234,294,79,416,302,221,1.0,-1,-1,-1
234,295,1690,543,869,310,1.0,-1,-1,-1
235,294,77,416,293,217,1.0,-1,-1,-1
235,295,1594,567,844,275,1.0,-1,-1,-1
236,294,73,396,274,211,1.0,-1,-1,-1
236,295,1451,544,864,319,1.0,-1,-1,-1
237,294,71,391,269,215,1.0,-1,-1,-1
237,295,1350,542,849,317,1.0,-1,-1,-1
238,294,70,387,265,215,1.0,-1,-1,-1
238,295,1248,540,834,314,1.0,-1,-1,-1
239,294,67,390,245,196,1.0,-1,-1,-1
239,295,1132,561,795,277,1.0,-1,-1,-1
240,294,64,389,242,190,1.0,-1,-1,-1
240,295,1039,561,779,275,1.0,-1,-1,-1
241,294,59,386,241,186,1.0,-1,-1,-1
241,295,934,559,785,276,1.0,-1,-1,-1
242,294,59,386,233,180,1.0,-1,-1,-1
242,295,844,560,767,275,1.0,-1,-1,-1
243,294,59,374,217,168,1.0,-1,-1,-1
243,295,745,558,775,274,1.0,-1,-1,-1
244,294,55,373,213,170,1.0,-1,-1,-1
244,295,676,557,728,267,1.0,-1,-1,-1
245,294,50,372,212,172,1.0,-1,-1,-1
245,295,596,555,699,263,1.0,-1,-1,-1
246,294,49,370,208,170,1.0,-1,-1,-1
246,295,528,551,652,264,1.0,-1,-1,-1
247,294,48,367,205,168,1.0,-1,-1,-1
247,295,505,544,646,272,1.0,-1,-1,-1
248,294,44,362,197,164,1.0,-1,-1,-1
248,295,422,539,638,270,1.0,-1,-1,-1
249,294,45,359,192,162,1.0,-1,-1,-1
249,295,370,533,593,275,1.0,-1,-1,-1
250,294,43,357,189,160,1.0,-1,-1,-1
250,295,347,520,585,273,1.0,-1,-1,-1
251,294,39,356,186,160,1.0,-1,-1,-1
251,295,334,519,558,264,1.0,-1,-1,-1
252,294,35,352,183,162,1.0,-1,-1,-1
252,295,295,515,503,265,1.0,-1,-1,-1
253,294,32,348,180,165,1.0,-1,-1,-1
253,295,278,513,479,258,1.0,-1,-1,-1
254,294,29,351,175,152,1.0,-1,-1,-1
254,295,248,509,454,255,1.0,-1,-1,-1
255,294,26,353,174,146,1.0,-1,-1,-1
255,295,237,506,432,248,1.0,-1,-1,-1
256,294,23,354,173,140,1.0,-1,-1,-1
256,295,222,501,412,243,1.0,-1,-1,-1
257,294,19,355,174,136,1.0,-1,-1,-1
257,295,215,499,388,233,1.0,-1,-1,-1
258,294,22,349,165,133,1.0,-1,-1,-1
258,295,201,492,363,230,1.0,-1,-1,-1
259,294,21,351,164,130,1.0,-1,-1,-1
259,295,201,494,336,213,1.0,-1,-1,-1
260,294,21,350,162,128,1.0,-1,-1,-1
260,295,196,485,324,214,1.0,-1,-1,-1
261,295,184,479,298,205,1.0,-1,-1,-1
262,294,20,351,137,120,1.0,-1,-1,-1
262,295,173,473,299,203,1.0,-1,-1,-1
263,294,16,350,143,121,1.0,-1,-1,-1
263,295,166,472,291,197,1.0,-1,-1,-1
264,294,13,349,143,119,1.0,-1,-1,-1
264,295,161,457,283,200,1.0,-1,-1,-1
265,294,12,348,140,115,1.0,-1,-1,-1
265,295,148,455,265,190,1.0,-1,-1,-1
266,295,138,449,264,187,1.0,-1,-1,-1
267,295,129,444,262,185,1.0,-1,-1,-1
268,295,108,442,256,178,1.0,-1,-1,-1
269,295,101,441,256,173,1.0,-1,-1,-1
270,295,94,440,251,169,1.0,-1,-1,-1
271,295,90,429,235,165,1.0,-1,-1,-1
272,295,87,425,230,169,1.0,-1,-1,-1
273,295,70,424,233,157,1.0,-1,-1,-1
274,295,67,422,226,154,1.0,-1,-1,-1
275,295,63,418,217,152,1.0,-1,-1,-1
276,295,62,413,206,152,1.0,-1,-1,-1
277,295,60,408,197,154,1.0,-1,-1,-1
278,295,58,404,191,154,1.0,-1,-1,-1
279,295,59,400,183,155,1.0,-1,-1,-1
280,295,53,396,181,154,1.0,-1,-1,-1
281,295,52,396,176,151,1.0,-1,-1,-1
282,295,51,394,170,139,1.0,-1,-1,-1
283,295,45,394,172,137,1.0,-1,-1,-1
284,295,39,392,174,135,1.0,-1,-1,-1
284,296,79,565,2346,882,1.0,-1,-1,-1
285,295,37,394,167,126,1.0,-1,-1,-1
286,295,36,389,161,123,1.0,-1,-1,-1
287,295,33,386,160,122,1.0,-1,-1,-1
288,295,30,382,160,123,1.0,-1,-1,-1
289,295,27,378,161,123,1.0,-1,-1,-1
290,295,25,375,161,123,1.0,-1,-1,-1
291,295,22,372,163,124,1.0,-1,-1,-1
292,295,21,371,145,128,1.0,-1,-1,-1
293,295,19,369,149,128,1.0,-1,-1,-1
294,295,19,369,145,123,1.0,-1,-1,-1
294,297,1172,334,1387,655,1.0,-1,-1,-1
295,295,18,370,143,118,1.0,-1,-1,-1
295,297,844,334,1411,663,1.0,-1,-1,-1
296,297,517,334,1414,672,1.0,-1,-1,-1
297,297,249,337,1359,674,1.0,-1,-1,-1
298,297,0,340,1305,677,1.0,-1,-1,-1
445,298,0,651,1845,1243,1.0,-1,-1,-1
446,298,0,716,2301,1202,1.0,-1,-1,-1
447,298,84,729,2435,1189,1.0,-1,-1,-1
