102,18,378,759,145,113,1.0,-1,-1,-1
103,18,379,759,152,116,1.0,-1,-1,-1
104,18,385,760,152,117,1.0,-1,-1,-1
105,18,393,762,149,116,1.0,-1,-1,-1
106,18,401,764,147,117,1.0,-1,-1,-1
107,18,407,765,148,120,1.0,-1,-1,-1
108,18,415,767,141,119,1.0,-1,-1,-1
109,18,414,769,175,121,1.0,-1,-1,-1
110,18,422,774,173,120,1.0,-1,-1,-1
111,18,431,776,170,121,1.0,-1,-1,-1
112,18,436,767,184,144,1.0,-1,-1,-1
113,18,458,776,179,135,1.0,-1,-1,-1
114,18,467,783,177,133,1.0,-1,-1,-1
115,18,475,785,182,136,1.0,-1,-1,-1
116,18,483,783,189,142,1.0,-1,-1,-1
117,18,486,785,197,157,1.0,-1,-1,-1
118,18,497,784,214,165,1.0,-1,-1,-1
119,18,506,784,223,171,1.0,-1,-1,-1
120,18,515,785,230,174,1.0,-1,-1,-1
121,18,536,789,246,174,1.0,-1,-1,-1
122,18,548,792,250,178,1.0,-1,-1,-1
123,18,573,792,265,191,1.0,-1,-1,-1
124,18,584,796,268,197,1.0,-1,-1,-1
125,18,604,795,298,211,1.0,-1,-1,-1
126,18,626,814,286,209,1.0,-1,-1,-1
127,18,656,815,310,219,1.0,-1,-1,-1
128,18,665,821,361,231,1.0,-1,-1,-1
129,18,714,823,384,242,1.0,-1,-1,-1
130,18,721,837,431,259,1.0,-1,-1,-1
131,18,765,831,497,293,1.0,-1,-1,-1
132,18,797,835,488,307,1.0,-1,-1,-1
133,18,864,842,535,330,1.0,-1,-1,-1
134,18,902,809,661,409,1.0,-1,-1,-1
135,18,962,863,666,434,1.0,-1,-1,-1
136,18,1071,871,788,472,1.0,-1,-1,-1
137,18,1178,880,968,531,1.0,-1,-1,-1
138,18,1267,908,1095,614,1.0,-1,-1,-1
139,18,1357,936,1202,697,1.0,-1,-1,-1
180,29,1426,677,1133,565,1.0,-1,-1,-1
181,29,1334,686,1062,487,1.0,-1,-1,-1
182,29,1213,695,920,432,1.0,-1,-1,-1
183,29,1054,697,915,395,1.0,-1,-1,-1
184,29,1075,692,774,389,1.0,-1,-1,-1
185,29,973,685,722,391,1.0,-1,-1,-1
186,29,953,663,665,359,1.0,-1,-1,-1
187,29,903,692,477,290,1.0,-1,-1,-1
188,29,881,701,485,276,1.0,-1,-1,-1
189,29,831,711,436,252,1.0,-1,-1,-1
190,29,812,708,422,244,1.0,-1,-1,-1
191,29,756,705,391,232,1.0,-1,-1,-1
192,29,739,700,377,229,1.0,-1,-1,-1
193,29,744,716,322,211,1.0,-1,-1,-1
194,29,714,714,302,208,1.0,-1,-1,-1
195,29,716,722,274,192,1.0,-1,-1,-1
196,29,678,710,261,184,1.0,-1,-1,-1
197,29,680,712,244,174,1.0,-1,-1,-1
198,29,633,716,256,170,1.0,-1,-1,-1
199,29,631,718,240,160,1.0,-1,-1,-1
200,29,604,714,231,159,1.0,-1,-1,-1
201,29,595,713,228,159,1.0,-1,-1,-1
202,29,590,712,220,158,1.0,-1,-1,-1
203,29,566,711,209,152,1.0,-1,-1,-1
204,29,556,708,207,153,1.0,-1,-1,-1
205,29,549,706,202,151,1.0,-1,-1,-1
206,29,540,706,186,152,1.0,-1,-1,-1
207,29,533,711,184,147,1.0,-1,-1,-1
208,29,525,711,179,145,1.0,-1,-1,-1
209,29,518,713,170,139,1.0,-1,-1,-1
210,29,515,709,167,139,1.0,-1,-1,-1
211,29,497,721,147,121,1.0,-1,-1,-1
212,29,488,721,160,120,1.0,-1,-1,-1
213,29,482,721,160,120,1.0,-1,-1,-1
214,29,477,720,158,119,1.0,-1,-1,-1
214,30,1716,794,809,432,1.0,-1,-1,-1
215,29,475,719,151,118,1.0,-1,-1,-1
215,30,1653,776,812,419,1.0,-1,-1,-1
216,29,461,722,142,117,1.0,-1,-1,-1
216,30,1512,772,815,382,1.0,-1,-1,-1
217,29,456,722,148,114,1.0,-1,-1,-1
217,30,1501,773,721,369,1.0,-1,-1,-1
218,29,450,724,149,109,1.0,-1,-1,-1
218,30,1469,778,687,304,1.0,-1,-1,-1
219,30,1381,745,643,365,1.0,-1,-1,-1
220,30,1323,758,603,297,1.0,-1,-1,-1
221,30,1278,750,542,289,1.0,-1,-1,-1
222,30,1256,740,533,292,1.0,-1,-1,-1
223,30,1201,736,485,281,1.0,-1,-1,-1
224,30,1177,700,469,276,1.0,-1,-1,-1
225,30,1117,736,464,263,1.0,-1,-1,-1
226,30,1110,720,432,244,1.0,-1,-1,-1
227,30,1055,738,404,222,1.0,-1,-1,-1
228,30,1040,737,377,219,1.0,-1,-1,-1
229,30,1017,731,376,217,1.0,-1,-1,-1
230,30,966,732,374,216,1.0,-1,-1,-1
231,30,939,726,371,214,1.0,-1,-1,-1
232,30,937,730,323,203,1.0,-1,-1,-1
233,30,901,729,317,196,1.0,-1,-1,-1
234,30,873,733,289,184,1.0,-1,-1,-1
235,30,857,730,296,185,1.0,-1,-1,-1
236,30,830,734,280,178,1.0,-1,-1,-1
237,30,822,734,270,176,1.0,-1,-1,-1
238,30,796,738,252,168,1.0,-1,-1,-1
239,30,785,735,248,169,1.0,-1,-1,-1
240,30,782,718,229,172,1.0,-1,-1,-1
241,30,741,716,246,165,1.0,-1,-1,-1
242,30,731,717,239,164,1.0,-1,-1,-1
243,30,715,717,224,157,1.0,-1,-1,-1
244,30,707,720,221,154,1.0,-1,-1,-1
245,30,698,724,214,146,1.0,-1,-1,-1
246,30,690,726,213,139,1.0,-1,-1,-1
247,30,678,736,186,132,1.0,-1,-1,-1
248,30,668,735,183,132,1.0,-1,-1,-1
249,30,677,732,155,122,1.0,-1,-1,-1
250,30,635,728,179,129,1.0,-1,-1,-1
251,30,626,725,177,131,1.0,-1,-1,-1
252,30,617,722,177,134,1.0,-1,-1,-1
253,30,628,727,152,121,1.0,-1,-1,-1
254,30,597,711,163,135,1.0,-1,-1,-1
255,30,594,722,149,119,1.0,-1,-1,-1
256,30,586,722,152,120,1.0,-1,-1,-1
257,30,579,720,154,120,1.0,-1,-1,-1
258,30,556,719,143,119,1.0,-1,-1,-1
259,30,552,721,146,118,1.0,-1,-1,-1
260,30,548,721,144,118,1.0,-1,-1,-1
261,30,545,718,137,121,1.0,-1,-1,-1
262,30,541,716,134,122,1.0,-1,-1,-1
263,30,537,716,133,119,1.0,-1,-1,-1
284,31,1615,712,885,427,1.0,-1,-1,-1
285,32,339,749,162,129,1.0,-1,-1,-1
285,31,1467,723,795,382,1.0,-1,-1,-1
286,32,344,750,164,131,1.0,-1,-1,-1
286,31,1314,720,761,358,1.0,-1,-1,-1
287,32,349,752,166,134,1.0,-1,-1,-1
287,31,1267,708,777,368,1.0,-1,-1,-1
288,32,354,753,168,137,1.0,-1,-1,-1
288,31,1217,693,648,337,1.0,-1,-1,-1
289,32,359,755,171,139,1.0,-1,-1,-1
289,31,1166,677,519,307,1.0,-1,-1,-1
290,32,364,756,173,142,1.0,-1,-1,-1
290,31,1090,689,492,285,1.0,-1,-1,-1
291,32,370,758,175,145,1.0,-1,-1,-1
291,31,1013,703,444,259,1.0,-1,-1,-1
292,32,375,760,177,147,1.0,-1,-1,-1
292,31,932,707,445,245,1.0,-1,-1,-1
293,32,380,761,180,150,1.0,-1,-1,-1
293,31,930,707,397,235,1.0,-1,-1,-1
294,32,385,763,182,153,1.0,-1,-1,-1
294,31,849,705,416,227,1.0,-1,-1,-1
295,32,390,764,184,155,1.0,-1,-1,-1
295,31,841,701,377,221,1.0,-1,-1,-1
296,32,395,766,186,158,1.0,-1,-1,-1
296,31,858,712,289,210,1.0,-1,-1,-1
297,32,401,768,189,161,1.0,-1,-1,-1
297,31,820,707,276,200,1.0,-1,-1,-1
298,32,409,770,196,164,1.0,-1,-1,-1
298,31,776,719,273,195,1.0,-1,-1,-1
299,32,418,772,203,167,1.0,-1,-1,-1
299,31,769,705,260,196,1.0,-1,-1,-1
300,32,426,775,210,171,1.0,-1,-1,-1
300,31,728,706,261,187,1.0,-1,-1,-1
301,32,435,777,217,174,1.0,-1,-1,-1
301,31,728,702,238,186,1.0,-1,-1,-1
302,32,443,779,224,178,1.0,-1,-1,-1
302,31,695,707,238,179,1.0,-1,-1,-1
303,32,452,782,231,181,1.0,-1,-1,-1
303,31,681,707,232,176,1.0,-1,-1,-1
304,32,460,784,238,185,1.0,-1,-1,-1
304,31,668,707,226,172,1.0,-1,-1,-1
305,32,469,786,245,188,1.0,-1,-1,-1
305,31,654,707,220,169,1.0,-1,-1,-1
306,32,478,789,252,192,1.0,-1,-1,-1
306,31,641,707,214,166,1.0,-1,-1,-1
307,32,490,789,268,204,1.0,-1,-1,-1
308,32,503,790,285,217,1.0,-1,-1,-1
309,32,515,790,302,230,1.0,-1,-1,-1
310,32,528,791,319,243,1.0,-1,-1,-1
311,32,541,792,336,256,1.0,-1,-1,-1
312,32,567,796,353,268,1.0,-1,-1,-1
313,32,593,801,371,281,1.0,-1,-1,-1
313,31,545,703,168,148,1.0,-1,-1,-1
314,32,619,805,388,293,1.0,-1,-1,-1
314,31,538,705,165,147,1.0,-1,-1,-1
315,32,645,810,406,306,1.0,-1,-1,-1
315,31,535,717,153,125,1.0,-1,-1,-1
316,32,671,815,424,319,1.0,-1,-1,-1
316,31,529,715,151,125,1.0,-1,-1,-1
317,32,721,823,491,356,1.0,-1,-1,-1
317,31,528,714,145,123,1.0,-1,-1,-1
318,32,772,831,558,393,1.0,-1,-1,-1
318,31,509,720,138,116,1.0,-1,-1,-1
319,32,823,839,625,430,1.0,-1,-1,-1
319,31,504,720,144,115,1.0,-1,-1,-1
320,32,874,848,692,467,1.0,-1,-1,-1
320,31,499,720,142,114,1.0,-1,-1,-1
321,32,916,859,730,486,1.0,-1,-1,-1
321,31,492,719,143,115,1.0,-1,-1,-1
322,32,958,871,768,505,1.0,-1,-1,-1
322,31,487,717,140,114,1.0,-1,-1,-1
323,32,1036,874,968,604,1.0,-1,-1,-1
324,32,1114,878,1168,703,1.0,-1,-1,-1
325,32,1193,882,1366,803,1.0,-1,-1,-1
375,33,1625,731,934,448,1.0,-1,-1,-1
376,33,1516,741,925,407,1.0,-1,-1,-1
377,33,1407,752,896,367,1.0,-1,-1,-1
378,33,1311,747,719,345,1.0,-1,-1,-1
379,33,1239,749,708,304,1.0,-1,-1,-1
380,33,1168,751,697,264,1.0,-1,-1,-1
381,33,1116,744,607,253,1.0,-1,-1,-1
382,33,1064,737,517,243,1.0,-1,-1,-1
383,33,1013,730,427,232,1.0,-1,-1,-1
384,33,936,736,420,219,1.0,-1,-1,-1
385,33,915,735,404,208,1.0,-1,-1,-1
386,33,890,739,335,202,1.0,-1,-1,-1
387,33,850,737,321,194,1.0,-1,-1,-1
388,33,816,737,302,185,1.0,-1,-1,-1
389,33,811,738,287,178,1.0,-1,-1,-1
390,33,778,732,269,181,1.0,-1,-1,-1
391,33,775,734,249,174,1.0,-1,-1,-1
392,33,730,732,261,174,1.0,-1,-1,-1
393,33,704,737,240,160,1.0,-1,-1,-1
394,33,692,724,239,155,1.0,-1,-1,-1
395,33,687,726,230,148,1.0,-1,-1,-1
396,33,666,735,210,138,1.0,-1,-1,-1
397,33,657,735,201,137,1.0,-1,-1,-1
398,33,634,731,187,133,1.0,-1,-1,-1
399,33,628,734,180,131,1.0,-1,-1,-1
400,33,616,729,179,133,1.0,-1,-1,-1
401,33,591,715,181,139,1.0,-1,-1,-1
401,34,1612,744,889,431,1.0,-1,-1,-1
402,33,587,716,176,138,1.0,-1,-1,-1
402,34,1507,744,829,391,1.0,-1,-1,-1
403,33,576,713,175,138,1.0,-1,-1,-1
403,34,1402,745,770,351,1.0,-1,-1,-1
404,33,579,727,159,121,1.0,-1,-1,-1
404,34,1297,746,711,312,1.0,-1,-1,-1
405,33,576,725,155,118,1.0,-1,-1,-1
405,34,1192,747,652,272,1.0,-1,-1,-1
406,33,547,724,154,118,1.0,-1,-1,-1
406,34,1135,741,571,258,1.0,-1,-1,-1
407,33,539,723,156,119,1.0,-1,-1,-1
407,34,1078,734,490,244,1.0,-1,-1,-1
408,33,532,721,153,120,1.0,-1,-1,-1
408,34,1020,727,409,229,1.0,-1,-1,-1
409,33,526,722,153,117,1.0,-1,-1,-1
409,34,945,733,382,218,1.0,-1,-1,-1
410,33,527,721,143,115,1.0,-1,-1,-1
410,34,916,734,351,207,1.0,-1,-1,-1
411,34,888,735,320,195,1.0,-1,-1,-1
412,34,859,736,289,184,1.0,-1,-1,-1
413,34,821,736,269,180,1.0,-1,-1,-1
414,34,786,739,255,171,1.0,-1,-1,-1
415,34,747,745,245,159,1.0,-1,-1,-1
416,34,733,740,245,160,1.0,-1,-1,-1
417,34,705,743,221,149,1.0,-1,-1,-1
418,34,695,726,221,148,1.0,-1,-1,-1
419,34,673,734,198,139,1.0,-1,-1,-1
420,34,661,736,193,134,1.0,-1,-1,-1
421,34,630,731,189,131,1.0,-1,-1,-1
422,34,625,734,181,131,1.0,-1,-1,-1
423,34,614,729,177,133,1.0,-1,-1,-1
424,34,597,729,145,119,1.0,-1,-1,-1
425,34,582,719,173,136,1.0,-1,-1,-1
426,34,584,729,154,122,1.0,-1,-1,-1
427,34,554,729,142,113,1.0,-1,-1,-1
428,34,545,731,150,115,1.0,-1,-1,-1
429,34,537,732,151,115,1.0,-1,-1,-1
430,34,531,731,148,114,1.0,-1,-1,-1
431,34,529,728,142,111,1.0,-1,-1,-1
