29,147,879,482,100,88,1.0,-1,-1,-1
31,147,868,485,102,88,1.0,-1,-1,-1
32,147,864,485,106,88,1.0,-1,-1,-1
33,147,859,487,107,88,1.0,-1,-1,-1
34,147,851,489,112,88,1.0,-1,-1,-1
35,147,845,488,114,89,1.0,-1,-1,-1
36,147,839,488,117,90,1.0,-1,-1,-1
37,147,839,488,114,89,1.0,-1,-1,-1
38,147,827,487,117,92,1.0,-1,-1,-1
39,147,822,488,117,93,1.0,-1,-1,-1
40,147,814,487,119,95,1.0,-1,-1,-1
41,147,808,482,120,102,1.0,-1,-1,-1
42,147,795,485,120,99,1.0,-1,-1,-1
43,147,786,486,125,100,1.0,-1,-1,-1
44,147,775,488,130,104,1.0,-1,-1,-1
45,147,764,486,140,108,1.0,-1,-1,-1
46,147,745,483,144,105,1.0,-1,-1,-1
47,147,732,480,152,109,1.0,-1,-1,-1
48,147,710,478,155,111,1.0,-1,-1,-1
49,147,698,476,162,113,1.0,-1,-1,-1
50,147,673,469,165,120,1.0,-1,-1,-1
51,147,663,466,169,123,1.0,-1,-1,-1
52,147,632,462,180,126,1.0,-1,-1,-1
53,147,603,460,183,125,1.0,-1,-1,-1
54,147,570,455,191,128,1.0,-1,-1,-1
55,147,561,452,195,131,1.0,-1,-1,-1
56,147,526,448,204,133,1.0,-1,-1,-1
57,147,490,445,216,134,1.0,-1,-1,-1
58,147,397,428,280,154,1.0,-1,-1,-1
59,147,387,425,269,153,1.0,-1,-1,-1
60,147,321,421,290,154,1.0,-1,-1,-1
61,147,245,411,325,161,1.0,-1,-1,-1
62,147,234,407,325,161,1.0,-1,-1,-1
63,148,37,678,764,517,1.0,-1,-1,-1
63,147,172,399,331,165,1.0,-1,-1,-1
64,148,184,670,670,472,1.0,-1,-1,-1
64,147,29,377,377,165,1.0,-1,-1,-1
65,148,331,662,576,427,1.0,-1,-1,-1
65,147,0,347,388,206,1.0,-1,-1,-1
66,148,478,654,482,382,1.0,-1,-1,-1
67,148,626,646,389,337,1.0,-1,-1,-1
68,148,673,646,363,316,1.0,-1,-1,-1
69,148,720,646,338,296,1.0,-1,-1,-1
70,148,768,647,313,276,1.0,-1,-1,-1
71,148,815,647,288,256,1.0,-1,-1,-1
72,148,862,647,263,236,1.0,-1,-1,-1
73,148,910,648,238,216,1.0,-1,-1,-1
74,148,929,641,231,213,1.0,-1,-1,-1
75,148,948,635,224,210,1.0,-1,-1,-1
76,148,967,629,217,207,1.0,-1,-1,-1
77,148,987,623,210,205,1.0,-1,-1,-1
78,148,995,619,203,200,1.0,-1,-1,-1
79,148,1003,616,196,195,1.0,-1,-1,-1
79,149,0,532,555,296,1.0,-1,-1,-1
80,148,1012,613,190,191,1.0,-1,-1,-1
80,149,171,559,513,265,1.0,-1,-1,-1
81,148,1020,610,183,186,1.0,-1,-1,-1
81,149,241,571,473,230,1.0,-1,-1,-1
82,148,1028,607,176,181,1.0,-1,-1,-1
82,149,311,582,434,194,1.0,-1,-1,-1
83,148,1037,604,170,177,1.0,-1,-1,-1
83,149,383,579,419,188,1.0,-1,-1,-1
84,148,1045,601,163,172,1.0,-1,-1,-1
84,149,544,574,325,190,1.0,-1,-1,-1
85,148,1053,598,156,167,1.0,-1,-1,-1
85,149,613,574,302,186,1.0,-1,-1,-1
86,148,1062,595,150,163,1.0,-1,-1,-1
86,149,635,580,285,174,1.0,-1,-1,-1
87,148,1070,592,143,158,1.0,-1,-1,-1
87,149,707,583,246,163,1.0,-1,-1,-1
88,148,1078,589,136,153,1.0,-1,-1,-1
88,149,770,586,209,138,1.0,-1,-1,-1
89,148,1087,586,130,149,1.0,-1,-1,-1
89,149,802,584,202,140,1.0,-1,-1,-1
90,148,1087,584,128,146,1.0,-1,-1,-1
90,149,813,581,195,146,1.0,-1,-1,-1
91,148,1087,582,127,144,1.0,-1,-1,-1
91,149,848,579,177,142,1.0,-1,-1,-1
92,148,1087,580,126,142,1.0,-1,-1,-1
92,149,861,580,169,134,1.0,-1,-1,-1
93,148,1087,578,125,139,1.0,-1,-1,-1
93,149,887,580,164,130,1.0,-1,-1,-1
94,148,1087,577,123,137,1.0,-1,-1,-1
94,149,899,581,155,123,1.0,-1,-1,-1
95,148,1087,575,122,135,1.0,-1,-1,-1
95,149,921,577,152,125,1.0,-1,-1,-1
96,148,1087,573,121,132,1.0,-1,-1,-1
96,149,933,577,144,121,1.0,-1,-1,-1
97,148,1087,571,120,130,1.0,-1,-1,-1
97,149,950,575,140,119,1.0,-1,-1,-1
98,148,1087,570,118,128,1.0,-1,-1,-1
98,149,959,576,133,114,1.0,-1,-1,-1
99,148,1087,568,117,125,1.0,-1,-1,-1
99,149,970,574,126,106,1.0,-1,-1,-1
100,148,1087,566,116,123,1.0,-1,-1,-1
100,149,979,576,120,101,1.0,-1,-1,-1
101,148,1087,564,115,121,1.0,-1,-1,-1
101,149,992,573,116,99,1.0,-1,-1,-1
102,148,1087,563,113,118,1.0,-1,-1,-1
102,149,1000,572,107,89,1.0,-1,-1,-1
103,148,1087,561,112,116,1.0,-1,-1,-1
103,149,1003,570,107,88,1.0,-1,-1,-1
104,148,1087,559,111,114,1.0,-1,-1,-1
104,149,1008,569,105,86,1.0,-1,-1,-1
105,148,1087,557,110,111,1.0,-1,-1,-1
105,149,1011,566,104,87,1.0,-1,-1,-1
106,148,1087,556,108,109,1.0,-1,-1,-1
106,149,1014,564,104,88,1.0,-1,-1,-1
107,148,1087,554,107,107,1.0,-1,-1,-1
107,149,1017,561,102,89,1.0,-1,-1,-1
107,150,0,386,673,473,1.0,-1,-1,-1
108,148,1087,552,106,104,1.0,-1,-1,-1
108,149,1020,559,100,89,1.0,-1,-1,-1
108,150,138,430,584,408,1.0,-1,-1,-1
109,148,1087,550,105,102,1.0,-1,-1,-1
109,150,240,448,582,374,1.0,-1,-1,-1
110,148,1087,549,104,100,1.0,-1,-1,-1
110,150,333,462,461,356,1.0,-1,-1,-1
111,148,1086,547,102,99,1.0,-1,-1,-1
111,150,438,475,432,328,1.0,-1,-1,-1
112,148,1086,546,101,98,1.0,-1,-1,-1
112,150,502,489,372,306,1.0,-1,-1,-1
113,148,1085,544,100,98,1.0,-1,-1,-1
113,150,565,475,387,310,1.0,-1,-1,-1
114,148,1085,543,99,97,1.0,-1,-1,-1
114,150,603,494,334,273,1.0,-1,-1,-1
115,148,1085,541,98,96,1.0,-1,-1,-1
115,150,637,475,339,287,1.0,-1,-1,-1
116,148,1084,540,96,96,1.0,-1,-1,-1
116,150,701,505,284,253,1.0,-1,-1,-1
117,148,1084,538,95,95,1.0,-1,-1,-1
117,150,732,484,289,264,1.0,-1,-1,-1
118,148,1084,537,94,95,1.0,-1,-1,-1
118,150,774,513,251,231,1.0,-1,-1,-1
119,148,1083,536,93,94,1.0,-1,-1,-1
119,150,810,492,254,242,1.0,-1,-1,-1
120,150,844,485,254,242,1.0,-1,-1,-1
121,150,860,526,208,202,1.0,-1,-1,-1
122,150,875,529,203,192,1.0,-1,-1,-1
123,150,901,525,190,195,1.0,-1,-1,-1
124,150,910,538,188,176,1.0,-1,-1,-1
125,150,936,523,170,186,1.0,-1,-1,-1
125,151,873,481,104,84,1.0,-1,-1,-1
126,150,940,536,174,173,1.0,-1,-1,-1
127,150,953,536,160,172,1.0,-1,-1,-1
128,150,963,534,153,168,1.0,-1,-1,-1
129,150,977,532,152,162,1.0,-1,-1,-1
130,150,983,531,147,158,1.0,-1,-1,-1
130,151,848,489,104,85,1.0,-1,-1,-1
131,150,989,531,145,155,1.0,-1,-1,-1
131,151,843,490,108,86,1.0,-1,-1,-1
132,150,996,534,141,149,1.0,-1,-1,-1
132,151,841,491,108,85,1.0,-1,-1,-1
133,150,1005,532,127,149,1.0,-1,-1,-1
133,151,831,491,110,85,1.0,-1,-1,-1
134,150,1008,536,126,142,1.0,-1,-1,-1
134,151,823,492,113,86,1.0,-1,-1,-1
135,150,1011,538,124,136,1.0,-1,-1,-1
135,151,814,492,117,88,1.0,-1,-1,-1
136,150,1017,539,124,132,1.0,-1,-1,-1
136,151,808,491,118,89,1.0,-1,-1,-1
137,150,1019,541,122,125,1.0,-1,-1,-1
137,151,798,486,116,94,1.0,-1,-1,-1
138,150,1023,532,119,125,1.0,-1,-1,-1
138,151,785,495,128,92,1.0,-1,-1,-1
139,150,1024,532,118,124,1.0,-1,-1,-1
139,151,779,490,124,100,1.0,-1,-1,-1
140,150,1026,531,117,122,1.0,-1,-1,-1
140,151,758,492,134,98,1.0,-1,-1,-1
141,150,1028,532,115,118,1.0,-1,-1,-1
141,151,752,491,132,99,1.0,-1,-1,-1
142,150,1030,531,113,116,1.0,-1,-1,-1
142,151,740,491,138,100,1.0,-1,-1,-1
143,150,1031,531,112,114,1.0,-1,-1,-1
143,151,717,491,143,100,1.0,-1,-1,-1
144,150,1033,528,111,114,1.0,-1,-1,-1
144,151,706,485,146,101,1.0,-1,-1,-1
145,150,1033,528,111,112,1.0,-1,-1,-1
145,151,678,482,154,106,1.0,-1,-1,-1
146,150,1034,526,111,111,1.0,-1,-1,-1
146,151,664,480,166,106,1.0,-1,-1,-1
147,150,1034,524,111,111,1.0,-1,-1,-1
147,151,633,478,175,109,1.0,-1,-1,-1
148,150,1035,522,110,111,1.0,-1,-1,-1
148,151,600,472,186,113,1.0,-1,-1,-1
149,150,1039,529,102,95,1.0,-1,-1,-1
149,151,567,466,194,117,1.0,-1,-1,-1
150,150,1039,527,101,96,1.0,-1,-1,-1
150,151,535,461,195,117,1.0,-1,-1,-1
151,150,1040,525,99,98,1.0,-1,-1,-1
151,151,528,458,198,121,1.0,-1,-1,-1
152,150,1040,523,97,99,1.0,-1,-1,-1
152,151,457,449,235,127,1.0,-1,-1,-1
153,150,1044,516,97,92,1.0,-1,-1,-1
153,151,386,439,272,133,1.0,-1,-1,-1
154,150,1043,517,98,91,1.0,-1,-1,-1
154,151,314,430,309,139,1.0,-1,-1,-1
155,150,1042,516,98,90,1.0,-1,-1,-1
155,151,295,428,325,138,1.0,-1,-1,-1
156,151,231,423,335,139,1.0,-1,-1,-1
157,151,77,412,409,147,1.0,-1,-1,-1
158,151,19,384,396,151,1.0,-1,-1,-1
159,151,0,373,350,161,1.0,-1,-1,-1
166,152,0,718,778,481,1.0,-1,-1,-1
167,152,146,707,684,448,1.0,-1,-1,-1
168,152,294,697,591,408,1.0,-1,-1,-1
169,152,442,687,497,368,1.0,-1,-1,-1
170,152,590,677,404,328,1.0,-1,-1,-1
171,152,637,674,379,308,1.0,-1,-1,-1
172,152,684,671,354,288,1.0,-1,-1,-1
173,152,731,668,330,268,1.0,-1,-1,-1
174,152,778,665,305,248,1.0,-1,-1,-1
175,152,825,662,281,228,1.0,-1,-1,-1
176,152,872,659,256,208,1.0,-1,-1,-1
177,152,920,656,232,188,1.0,-1,-1,-1
178,152,952,648,217,187,1.0,-1,-1,-1
179,152,971,645,207,177,1.0,-1,-1,-1
180,152,996,647,185,164,1.0,-1,-1,-1
181,152,1008,647,178,157,1.0,-1,-1,-1
182,152,1029,640,170,150,1.0,-1,-1,-1
183,152,1036,635,164,152,1.0,-1,-1,-1
184,152,1045,631,157,149,1.0,-1,-1,-1
185,152,1054,628,150,145,1.0,-1,-1,-1
186,152,1067,624,150,144,1.0,-1,-1,-1
187,152,1076,621,133,133,1.0,-1,-1,-1
188,152,1080,619,129,131,1.0,-1,-1,-1
189,152,1084,619,128,126,1.0,-1,-1,-1
190,152,1087,617,127,123,1.0,-1,-1,-1
191,152,1090,615,127,121,1.0,-1,-1,-1
191,153,930,513,100,88,1.0,-1,-1,-1
192,152,1096,612,121,117,1.0,-1,-1,-1
192,153,925,516,104,90,1.0,-1,-1,-1
193,152,1098,610,120,114,1.0,-1,-1,-1
193,153,919,519,108,88,1.0,-1,-1,-1
194,152,1099,610,119,108,1.0,-1,-1,-1
194,153,915,520,108,88,1.0,-1,-1,-1
195,152,1102,604,120,106,1.0,-1,-1,-1
195,153,911,526,108,89,1.0,-1,-1,-1
196,152,1103,604,120,104,1.0,-1,-1,-1
196,153,903,524,114,95,1.0,-1,-1,-1
197,152,1104,603,118,102,1.0,-1,-1,-1
197,153,893,526,114,95,1.0,-1,-1,-1
198,152,1105,602,116,101,1.0,-1,-1,-1
198,153,887,524,118,97,1.0,-1,-1,-1
199,152,1106,600,113,96,1.0,-1,-1,-1
199,153,877,524,122,99,1.0,-1,-1,-1
200,152,1106,599,111,92,1.0,-1,-1,-1
200,153,869,520,121,110,1.0,-1,-1,-1
201,152,1108,598,107,89,1.0,-1,-1,-1
201,153,854,523,123,109,1.0,-1,-1,-1
202,152,1109,596,104,87,1.0,-1,-1,-1
202,153,842,524,128,110,1.0,-1,-1,-1
203,152,1110,592,101,88,1.0,-1,-1,-1
203,153,815,524,140,111,1.0,-1,-1,-1
204,153,803,521,146,116,1.0,-1,-1,-1
205,153,774,521,158,117,1.0,-1,-1,-1
206,153,762,519,164,121,1.0,-1,-1,-1
207,153,730,520,173,122,1.0,-1,-1,-1
208,153,697,520,182,123,1.0,-1,-1,-1
209,153,662,517,189,128,1.0,-1,-1,-1
210,153,612,509,234,137,1.0,-1,-1,-1
211,153,562,502,279,146,1.0,-1,-1,-1
212,154,761,487,125,96,1.0,-1,-1,-1
212,153,509,501,278,149,1.0,-1,-1,-1
213,154,751,488,129,97,1.0,-1,-1,-1
213,153,437,495,305,156,1.0,-1,-1,-1
214,154,739,487,136,98,1.0,-1,-1,-1
214,153,346,481,336,171,1.0,-1,-1,-1
215,154,721,489,141,102,1.0,-1,-1,-1
215,153,255,467,366,186,1.0,-1,-1,-1
216,154,712,486,144,100,1.0,-1,-1,-1
216,153,164,453,397,201,1.0,-1,-1,-1
217,154,699,483,154,103,1.0,-1,-1,-1
217,153,73,439,428,216,1.0,-1,-1,-1
218,154,676,480,157,107,1.0,-1,-1,-1
218,153,0,425,459,232,1.0,-1,-1,-1
219,154,664,480,165,108,1.0,-1,-1,-1
220,154,637,478,173,107,1.0,-1,-1,-1
221,154,624,476,183,109,1.0,-1,-1,-1
222,154,596,470,190,115,1.0,-1,-1,-1
223,154,564,466,202,118,1.0,-1,-1,-1
224,154,556,464,203,121,1.0,-1,-1,-1
225,154,523,458,212,124,1.0,-1,-1,-1
226,154,488,456,221,123,1.0,-1,-1,-1
227,154,460,453,214,123,1.0,-1,-1,-1
228,154,425,450,225,125,1.0,-1,-1,-1
229,154,378,452,258,118,1.0,-1,-1,-1
230,154,313,433,296,136,1.0,-1,-1,-1
231,154,247,427,314,140,1.0,-1,-1,-1
232,154,219,419,342,144,1.0,-1,-1,-1
233,154,163,411,343,148,1.0,-1,-1,-1
234,154,78,389,370,169,1.0,-1,-1,-1
235,154,0,368,398,190,1.0,-1,-1,-1
262,155,902,462,94,93,1.0,-1,-1,-1
263,155,900,462,95,94,1.0,-1,-1,-1
264,155,898,462,96,95,1.0,-1,-1,-1
265,155,895,462,97,96,1.0,-1,-1,-1
266,155,893,462,98,98,1.0,-1,-1,-1
267,155,891,462,99,99,1.0,-1,-1,-1
268,155,888,462,100,100,1.0,-1,-1,-1
269,155,886,462,101,101,1.0,-1,-1,-1
270,155,884,462,102,102,1.0,-1,-1,-1
271,156,955,502,94,94,1.0,-1,-1,-1
271,155,881,462,103,103,1.0,-1,-1,-1
272,156,954,503,95,95,1.0,-1,-1,-1
272,155,879,462,104,104,1.0,-1,-1,-1
273,156,952,504,96,96,1.0,-1,-1,-1
273,155,877,462,105,105,1.0,-1,-1,-1
274,156,951,505,97,97,1.0,-1,-1,-1
274,155,875,463,107,107,1.0,-1,-1,-1
275,157,0,607,827,527,1.0,-1,-1,-1
275,156,950,506,98,99,1.0,-1,-1,-1
275,155,870,463,108,107,1.0,-1,-1,-1
276,157,142,616,722,462,1.0,-1,-1,-1
276,156,945,506,99,100,1.0,-1,-1,-1
276,155,865,464,109,108,1.0,-1,-1,-1
277,157,304,626,617,398,1.0,-1,-1,-1
277,156,940,507,101,101,1.0,-1,-1,-1
277,155,860,464,111,109,1.0,-1,-1,-1
278,157,466,636,512,334,1.0,-1,-1,-1
278,156,936,508,103,102,1.0,-1,-1,-1
278,155,856,465,112,109,1.0,-1,-1,-1
279,157,546,627,475,318,1.0,-1,-1,-1
279,156,931,509,105,104,1.0,-1,-1,-1
279,155,851,466,113,110,1.0,-1,-1,-1
280,157,626,618,439,302,1.0,-1,-1,-1
280,156,926,510,107,105,1.0,-1,-1,-1
280,155,846,466,115,111,1.0,-1,-1,-1
281,157,707,609,403,287,1.0,-1,-1,-1
281,156,922,511,109,106,1.0,-1,-1,-1
281,155,842,467,116,112,1.0,-1,-1,-1
282,157,744,608,375,270,1.0,-1,-1,-1
282,156,917,512,110,108,1.0,-1,-1,-1
282,155,837,468,117,112,1.0,-1,-1,-1
283,157,781,608,348,254,1.0,-1,-1,-1
283,156,913,513,112,109,1.0,-1,-1,-1
283,155,832,468,119,113,1.0,-1,-1,-1
284,157,818,608,321,238,1.0,-1,-1,-1
284,156,908,514,114,110,1.0,-1,-1,-1
284,155,827,469,120,114,1.0,-1,-1,-1
285,157,855,608,293,222,1.0,-1,-1,-1
285,156,903,515,116,112,1.0,-1,-1,-1
285,155,823,470,121,114,1.0,-1,-1,-1
286,157,892,608,266,206,1.0,-1,-1,-1
286,156,899,516,118,113,1.0,-1,-1,-1
286,155,818,470,123,115,1.0,-1,-1,-1
287,157,929,608,239,190,1.0,-1,-1,-1
287,156,894,517,120,114,1.0,-1,-1,-1
287,155,813,471,124,116,1.0,-1,-1,-1
288,157,967,608,212,174,1.0,-1,-1,-1
288,156,890,518,122,116,1.0,-1,-1,-1
288,155,809,472,126,117,1.0,-1,-1,-1
289,157,1004,608,184,158,1.0,-1,-1,-1
289,156,878,516,128,120,1.0,-1,-1,-1
289,155,796,470,133,120,1.0,-1,-1,-1
290,157,1015,606,173,159,1.0,-1,-1,-1
290,156,867,514,135,125,1.0,-1,-1,-1
290,155,783,468,140,123,1.0,-1,-1,-1
291,157,1034,600,162,158,1.0,-1,-1,-1
291,156,855,512,142,130,1.0,-1,-1,-1
292,157,1042,598,154,154,1.0,-1,-1,-1
292,156,844,511,149,135,1.0,-1,-1,-1
293,157,1052,598,146,145,1.0,-1,-1,-1
293,156,824,511,155,135,1.0,-1,-1,-1
294,157,1060,598,139,138,1.0,-1,-1,-1
294,156,805,511,162,135,1.0,-1,-1,-1
295,157,1069,589,131,137,1.0,-1,-1,-1
295,156,786,512,169,135,1.0,-1,-1,-1
296,157,1070,587,130,137,1.0,-1,-1,-1
296,156,767,512,176,135,1.0,-1,-1,-1
297,157,1080,589,126,126,1.0,-1,-1,-1
297,156,747,512,183,135,1.0,-1,-1,-1
298,157,1081,587,125,123,1.0,-1,-1,-1
298,156,728,513,190,135,1.0,-1,-1,-1
299,157,1081,582,123,124,1.0,-1,-1,-1
299,156,709,513,197,135,1.0,-1,-1,-1
300,157,1081,579,122,122,1.0,-1,-1,-1
300,156,690,514,204,136,1.0,-1,-1,-1
301,157,1081,579,121,116,1.0,-1,-1,-1
301,156,654,510,217,141,1.0,-1,-1,-1
302,157,1082,580,119,108,1.0,-1,-1,-1
302,156,618,506,231,146,1.0,-1,-1,-1
303,157,1087,572,114,108,1.0,-1,-1,-1
303,156,582,502,245,152,1.0,-1,-1,-1
304,157,1087,570,113,106,1.0,-1,-1,-1
304,156,527,494,266,159,1.0,-1,-1,-1
305,157,1087,567,111,105,1.0,-1,-1,-1
305,156,472,487,287,167,1.0,-1,-1,-1
306,157,1092,569,100,97,1.0,-1,-1,-1
306,156,417,479,308,174,1.0,-1,-1,-1
307,157,1092,566,100,95,1.0,-1,-1,-1
307,156,362,472,330,182,1.0,-1,-1,-1
308,157,1091,563,101,94,1.0,-1,-1,-1
308,156,271,457,369,196,1.0,-1,-1,-1
309,157,1091,561,101,94,1.0,-1,-1,-1
309,156,180,442,408,211,1.0,-1,-1,-1
310,156,89,427,447,225,1.0,-1,-1,-1
310,158,831,493,109,83,1.0,-1,-1,-1
311,156,0,413,487,240,1.0,-1,-1,-1
311,158,824,499,113,82,1.0,-1,-1,-1
312,155,96,357,365,207,1.0,-1,-1,-1
312,158,815,497,116,86,1.0,-1,-1,-1
313,155,32,344,386,217,1.0,-1,-1,-1
313,158,808,495,119,91,1.0,-1,-1,-1
314,158,796,496,121,89,1.0,-1,-1,-1
315,158,785,494,132,93,1.0,-1,-1,-1
316,158,779,495,129,94,1.0,-1,-1,-1
317,158,757,492,133,98,1.0,-1,-1,-1
318,158,753,491,128,100,1.0,-1,-1,-1
319,158,742,490,131,101,1.0,-1,-1,-1
320,158,722,490,135,101,1.0,-1,-1,-1
321,158,709,488,143,96,1.0,-1,-1,-1
322,158,684,486,149,98,1.0,-1,-1,-1
323,158,672,483,154,102,1.0,-1,-1,-1
324,158,642,482,166,101,1.0,-1,-1,-1
325,158,629,479,176,104,1.0,-1,-1,-1
326,158,601,474,178,111,1.0,-1,-1,-1
327,158,568,467,192,117,1.0,-1,-1,-1
328,158,542,463,182,116,1.0,-1,-1,-1
329,158,505,459,196,117,1.0,-1,-1,-1
330,158,455,453,217,122,1.0,-1,-1,-1
331,158,405,447,238,127,1.0,-1,-1,-1
332,158,355,440,259,132,1.0,-1,-1,-1
333,158,305,434,280,137,1.0,-1,-1,-1
334,159,0,533,552,317,1.0,-1,-1,-1
334,158,256,427,301,142,1.0,-1,-1,-1
335,159,97,545,503,296,1.0,-1,-1,-1
335,158,237,422,314,146,1.0,-1,-1,-1
336,159,210,558,454,275,1.0,-1,-1,-1
336,158,172,412,325,148,1.0,-1,-1,-1
337,159,302,565,413,250,1.0,-1,-1,-1
337,158,20,388,391,146,1.0,-1,-1,-1
337,160,855,484,104,85,1.0,-1,-1,-1
338,159,394,571,371,226,1.0,-1,-1,-1
338,158,0,380,361,155,1.0,-1,-1,-1
338,160,849,485,107,86,1.0,-1,-1,-1
339,159,486,577,330,201,1.0,-1,-1,-1
339,160,844,484,111,90,1.0,-1,-1,-1
340,159,557,580,307,189,1.0,-1,-1,-1
340,160,841,483,110,91,1.0,-1,-1,-1
341,159,621,582,287,180,1.0,-1,-1,-1
341,160,832,484,111,90,1.0,-1,-1,-1
342,159,644,584,272,175,1.0,-1,-1,-1
342,160,825,486,115,91,1.0,-1,-1,-1
343,159,709,590,239,161,1.0,-1,-1,-1
343,160,817,486,118,92,1.0,-1,-1,-1
344,159,726,591,241,157,1.0,-1,-1,-1
344,160,810,485,120,93,1.0,-1,-1,-1
345,159,773,590,224,157,1.0,-1,-1,-1
345,160,808,483,117,95,1.0,-1,-1,-1
346,159,813,588,192,151,1.0,-1,-1,-1
346,160,798,482,116,96,1.0,-1,-1,-1
347,159,846,584,176,147,1.0,-1,-1,-1
347,160,791,484,119,97,1.0,-1,-1,-1
348,159,855,585,174,142,1.0,-1,-1,-1
348,160,783,480,123,104,1.0,-1,-1,-1
349,159,880,583,170,138,1.0,-1,-1,-1
349,160,775,480,126,105,1.0,-1,-1,-1
350,159,894,584,160,133,1.0,-1,-1,-1
350,160,759,481,129,105,1.0,-1,-1,-1
351,159,914,583,155,127,1.0,-1,-1,-1
351,160,750,482,131,105,1.0,-1,-1,-1
352,159,926,583,148,124,1.0,-1,-1,-1
352,160,737,478,140,109,1.0,-1,-1,-1
353,159,937,583,144,119,1.0,-1,-1,-1
353,160,716,475,149,111,1.0,-1,-1,-1
354,159,953,580,135,120,1.0,-1,-1,-1
354,160,703,470,157,117,1.0,-1,-1,-1
355,159,964,581,127,115,1.0,-1,-1,-1
355,160,679,469,160,118,1.0,-1,-1,-1
356,159,975,580,122,111,1.0,-1,-1,-1
356,160,669,465,164,122,1.0,-1,-1,-1
357,159,981,584,119,101,1.0,-1,-1,-1
357,160,641,463,170,123,1.0,-1,-1,-1
358,159,988,584,122,98,1.0,-1,-1,-1
358,160,631,458,174,127,1.0,-1,-1,-1
359,159,994,579,120,98,1.0,-1,-1,-1
359,160,601,454,179,132,1.0,-1,-1,-1
360,159,999,578,117,97,1.0,-1,-1,-1
360,160,569,450,186,134,1.0,-1,-1,-1
361,159,1003,576,115,98,1.0,-1,-1,-1
361,160,540,447,186,135,1.0,-1,-1,-1
362,159,1011,576,106,89,1.0,-1,-1,-1
362,160,495,439,207,142,1.0,-1,-1,-1
363,159,1015,574,104,88,1.0,-1,-1,-1
363,160,450,430,228,150,1.0,-1,-1,-1
364,159,1018,573,102,86,1.0,-1,-1,-1
364,160,406,421,248,158,1.0,-1,-1,-1
365,159,1019,570,102,86,1.0,-1,-1,-1
365,160,376,415,280,163,1.0,-1,-1,-1
366,159,1021,567,104,87,1.0,-1,-1,-1
366,160,324,412,274,159,1.0,-1,-1,-1
367,159,1022,564,104,87,1.0,-1,-1,-1
367,160,256,406,293,162,1.0,-1,-1,-1
368,159,1023,562,102,87,1.0,-1,-1,-1
368,160,184,385,316,169,1.0,-1,-1,-1
369,160,113,375,331,172,1.0,-1,-1,-1
370,160,53,361,328,186,1.0,-1,-1,-1
371,160,0,346,325,199,1.0,-1,-1,-1
388,161,16,545,582,293,1.0,-1,-1,-1
389,161,178,553,504,279,1.0,-1,-1,-1
390,161,294,561,456,249,1.0,-1,-1,-1
391,161,409,568,408,219,1.0,-1,-1,-1
392,161,524,576,359,189,1.0,-1,-1,-1
393,161,546,576,332,187,1.0,-1,-1,-1
394,161,631,581,282,171,1.0,-1,-1,-1
395,161,698,583,254,164,1.0,-1,-1,-1
396,161,721,573,239,166,1.0,-1,-1,-1
397,161,777,571,221,167,1.0,-1,-1,-1
397,162,936,512,104,85,1.0,-1,-1,-1
398,161,809,583,201,144,1.0,-1,-1,-1
398,162,934,513,107,86,1.0,-1,-1,-1
399,161,842,580,192,141,1.0,-1,-1,-1
399,162,931,512,100,90,1.0,-1,-1,-1
400,161,877,579,173,135,1.0,-1,-1,-1
400,162,926,514,107,93,1.0,-1,-1,-1
401,161,887,578,170,134,1.0,-1,-1,-1
401,162,921,517,109,92,1.0,-1,-1,-1
402,161,910,580,165,126,1.0,-1,-1,-1
402,162,914,519,112,91,1.0,-1,-1,-1
403,161,924,581,154,121,1.0,-1,-1,-1
403,162,907,519,114,93,1.0,-1,-1,-1
404,161,948,580,144,119,1.0,-1,-1,-1
404,162,905,527,113,88,1.0,-1,-1,-1
405,161,960,579,134,115,1.0,-1,-1,-1
405,162,903,526,110,91,1.0,-1,-1,-1
406,161,972,577,129,113,1.0,-1,-1,-1
406,162,887,525,119,94,1.0,-1,-1,-1
407,161,987,570,125,112,1.0,-1,-1,-1
407,162,880,525,123,96,1.0,-1,-1,-1
408,161,992,572,123,109,1.0,-1,-1,-1
408,162,873,524,120,97,1.0,-1,-1,-1
409,161,997,575,123,100,1.0,-1,-1,-1
409,162,869,525,119,97,1.0,-1,-1,-1
410,161,1002,573,120,100,1.0,-1,-1,-1
410,162,849,522,123,105,1.0,-1,-1,-1
411,161,1009,570,117,100,1.0,-1,-1,-1
411,162,836,521,130,109,1.0,-1,-1,-1
412,161,1015,565,113,102,1.0,-1,-1,-1
412,162,815,522,137,109,1.0,-1,-1,-1
413,161,1019,566,109,96,1.0,-1,-1,-1
413,162,801,522,147,111,1.0,-1,-1,-1
414,161,1022,564,105,93,1.0,-1,-1,-1
414,162,774,522,157,112,1.0,-1,-1,-1
415,161,1025,558,109,96,1.0,-1,-1,-1
415,162,763,521,161,114,1.0,-1,-1,-1
416,161,1028,555,105,97,1.0,-1,-1,-1
416,162,732,519,167,117,1.0,-1,-1,-1
417,161,1031,554,101,95,1.0,-1,-1,-1
417,162,699,516,180,119,1.0,-1,-1,-1
418,161,1033,555,99,93,1.0,-1,-1,-1
418,162,693,516,180,120,1.0,-1,-1,-1
419,162,625,512,203,125,1.0,-1,-1,-1
420,162,619,510,207,127,1.0,-1,-1,-1
421,162,561,504,234,132,1.0,-1,-1,-1
422,162,504,497,260,137,1.0,-1,-1,-1
423,162,446,490,287,142,1.0,-1,-1,-1
424,162,371,483,319,149,1.0,-1,-1,-1
425,162,352,476,330,153,1.0,-1,-1,-1
426,162,212,470,387,160,1.0,-1,-1,-1
427,162,135,453,408,175,1.0,-1,-1,-1
427,163,844,491,107,84,1.0,-1,-1,-1
428,162,58,436,428,189,1.0,-1,-1,-1
428,163,842,492,106,83,1.0,-1,-1,-1
429,162,0,420,449,204,1.0,-1,-1,-1
430,163,827,490,110,86,1.0,-1,-1,-1
431,163,817,489,117,89,1.0,-1,-1,-1
432,163,810,489,117,90,1.0,-1,-1,-1
433,163,800,488,116,90,1.0,-1,-1,-1
434,163,790,488,126,93,1.0,-1,-1,-1
435,163,783,489,128,92,1.0,-1,-1,-1
436,163,777,486,126,97,1.0,-1,-1,-1
437,163,758,484,130,99,1.0,-1,-1,-1
438,163,751,487,129,97,1.0,-1,-1,-1
439,163,739,487,137,98,1.0,-1,-1,-1
440,163,719,486,141,97,1.0,-1,-1,-1
441,163,708,485,146,99,1.0,-1,-1,-1
442,163,682,482,151,103,1.0,-1,-1,-1
443,163,670,479,157,106,1.0,-1,-1,-1
444,163,640,476,167,108,1.0,-1,-1,-1
445,163,608,470,179,110,1.0,-1,-1,-1
446,163,598,466,183,115,1.0,-1,-1,-1
447,163,564,461,193,120,1.0,-1,-1,-1
448,163,536,458,190,121,1.0,-1,-1,-1
449,163,466,456,212,118,1.0,-1,-1,-1
450,163,434,451,213,122,1.0,-1,-1,-1
451,163,376,439,255,132,1.0,-1,-1,-1
452,163,318,427,297,141,1.0,-1,-1,-1
453,163,237,424,340,142,1.0,-1,-1,-1
454,163,235,419,326,143,1.0,-1,-1,-1
455,163,75,412,416,146,1.0,-1,-1,-1
456,163,28,383,378,154,1.0,-1,-1,-1
457,163,0,359,395,198,1.0,-1,-1,-1
482,164,1,467,646,373,1.0,-1,-1,-1
483,164,97,481,592,350,1.0,-1,-1,-1
484,164,194,496,539,328,1.0,-1,-1,-1
485,164,291,511,486,305,1.0,-1,-1,-1
486,164,388,526,433,283,1.0,-1,-1,-1
487,164,485,541,380,260,1.0,-1,-1,-1
488,164,533,543,361,224,1.0,-1,-1,-1
489,164,601,546,331,217,1.0,-1,-1,-1
490,164,626,534,334,222,1.0,-1,-1,-1
491,164,682,552,294,204,1.0,-1,-1,-1
492,164,706,556,280,194,1.0,-1,-1,-1
493,164,745,544,282,199,1.0,-1,-1,-1
494,164,782,562,244,177,1.0,-1,-1,-1
495,164,813,555,242,180,1.0,-1,-1,-1
496,164,834,557,226,176,1.0,-1,-1,-1
497,164,854,556,217,172,1.0,-1,-1,-1
498,164,872,562,201,156,1.0,-1,-1,-1
499,164,894,558,195,158,1.0,-1,-1,-1
500,164,906,557,186,157,1.0,-1,-1,-1
501,164,921,559,173,153,1.0,-1,-1,-1
502,164,934,561,172,146,1.0,-1,-1,-1
503,164,943,565,166,138,1.0,-1,-1,-1
504,164,958,555,153,139,1.0,-1,-1,-1
505,164,966,557,146,134,1.0,-1,-1,-1
506,165,21,540,520,285,1.0,-1,-1,-1
506,164,972,558,142,130,1.0,-1,-1,-1
507,165,26,547,572,273,1.0,-1,-1,-1
507,164,982,558,139,127,1.0,-1,-1,-1
508,165,202,553,458,263,1.0,-1,-1,-1
508,164,987,558,134,125,1.0,-1,-1,-1
509,165,265,556,455,262,1.0,-1,-1,-1
509,164,993,557,129,123,1.0,-1,-1,-1
510,165,328,560,451,260,1.0,-1,-1,-1
510,164,997,558,127,121,1.0,-1,-1,-1
511,165,482,565,333,206,1.0,-1,-1,-1
511,164,1001,558,124,118,1.0,-1,-1,-1
512,165,539,569,334,194,1.0,-1,-1,-1
512,164,1005,560,120,113,1.0,-1,-1,-1
513,165,608,576,305,181,1.0,-1,-1,-1
513,164,1009,560,119,111,1.0,-1,-1,-1
514,165,641,568,269,176,1.0,-1,-1,-1
514,164,1012,558,117,108,1.0,-1,-1,-1
515,165,705,574,238,165,1.0,-1,-1,-1
515,164,1015,556,114,103,1.0,-1,-1,-1
516,165,724,577,234,160,1.0,-1,-1,-1
516,164,1017,555,112,99,1.0,-1,-1,-1
517,165,770,572,227,165,1.0,-1,-1,-1
517,164,1020,553,110,98,1.0,-1,-1,-1
518,165,807,582,202,146,1.0,-1,-1,-1
518,164,1020,546,109,102,1.0,-1,-1,-1
519,165,813,584,205,138,1.0,-1,-1,-1
519,164,1020,545,109,102,1.0,-1,-1,-1
520,165,847,580,185,139,1.0,-1,-1,-1
520,164,1022,545,113,99,1.0,-1,-1,-1
521,165,878,580,173,132,1.0,-1,-1,-1
521,164,1021,543,116,96,1.0,-1,-1,-1
522,165,891,579,164,130,1.0,-1,-1,-1
522,164,1021,541,116,96,1.0,-1,-1,-1
523,165,913,577,158,126,1.0,-1,-1,-1
523,164,1022,540,115,95,1.0,-1,-1,-1
524,165,925,577,149,124,1.0,-1,-1,-1
524,164,1024,539,110,93,1.0,-1,-1,-1
525,165,938,577,141,119,1.0,-1,-1,-1
526,165,951,574,137,118,1.0,-1,-1,-1
527,165,961,571,129,113,1.0,-1,-1,-1
528,165,970,571,127,110,1.0,-1,-1,-1
529,165,978,571,124,107,1.0,-1,-1,-1
530,165,983,573,118,100,1.0,-1,-1,-1
530,166,0,781,789,418,1.0,-1,-1,-1
531,165,991,560,120,105,1.0,-1,-1,-1
531,166,176,783,686,392,1.0,-1,-1,-1
532,166,373,786,583,345,1.0,-1,-1,-1
533,166,430,775,524,322,1.0,-1,-1,-1
534,166,583,753,420,280,1.0,-1,-1,-1
535,166,629,745,399,270,1.0,-1,-1,-1
536,166,726,734,327,252,1.0,-1,-1,-1
537,166,782,717,324,238,1.0,-1,-1,-1
538,166,812,712,294,229,1.0,-1,-1,-1
539,166,860,709,287,198,1.0,-1,-1,-1
540,167,846,490,107,83,1.0,-1,-1,-1
540,166,887,708,266,176,1.0,-1,-1,-1
541,167,841,491,110,84,1.0,-1,-1,-1
541,166,926,706,261,169,1.0,-1,-1,-1
542,167,834,488,110,83,1.0,-1,-1,-1
542,166,957,687,222,181,1.0,-1,-1,-1
543,167,828,489,115,85,1.0,-1,-1,-1
543,166,976,681,215,178,1.0,-1,-1,-1
544,167,822,490,118,87,1.0,-1,-1,-1
544,166,994,682,202,159,1.0,-1,-1,-1
545,167,816,490,119,87,1.0,-1,-1,-1
545,166,1021,677,183,160,1.0,-1,-1,-1
546,167,809,490,124,88,1.0,-1,-1,-1
546,166,1033,666,167,152,1.0,-1,-1,-1
547,167,805,489,124,90,1.0,-1,-1,-1
547,166,1044,659,159,151,1.0,-1,-1,-1
548,167,805,487,120,92,1.0,-1,-1,-1
548,166,1054,657,152,143,1.0,-1,-1,-1
549,167,787,486,135,96,1.0,-1,-1,-1
549,166,1063,646,141,145,1.0,-1,-1,-1
550,167,784,486,131,95,1.0,-1,-1,-1
550,166,1077,648,136,132,1.0,-1,-1,-1
551,167,782,485,124,97,1.0,-1,-1,-1
551,166,1082,645,134,129,1.0,-1,-1,-1
552,167,775,486,126,97,1.0,-1,-1,-1
552,166,1087,641,132,127,1.0,-1,-1,-1
553,167,761,486,130,97,1.0,-1,-1,-1
553,166,1093,637,127,125,1.0,-1,-1,-1
554,167,754,486,131,97,1.0,-1,-1,-1
554,166,1098,636,123,123,1.0,-1,-1,-1
555,167,745,486,133,97,1.0,-1,-1,-1
555,166,1099,629,124,116,1.0,-1,-1,-1
556,167,736,485,138,99,1.0,-1,-1,-1
556,166,1101,627,123,114,1.0,-1,-1,-1
557,167,720,484,145,100,1.0,-1,-1,-1
557,166,1102,624,121,111,1.0,-1,-1,-1
558,167,709,482,151,103,1.0,-1,-1,-1
558,166,1103,620,119,110,1.0,-1,-1,-1
559,167,696,479,160,106,1.0,-1,-1,-1
559,166,1104,616,116,106,1.0,-1,-1,-1
560,167,678,476,160,109,1.0,-1,-1,-1
560,166,1105,614,115,103,1.0,-1,-1,-1
561,167,667,474,165,111,1.0,-1,-1,-1
561,166,1106,607,114,103,1.0,-1,-1,-1
562,167,644,472,173,112,1.0,-1,-1,-1
562,166,1105,605,114,102,1.0,-1,-1,-1
563,167,634,468,176,115,1.0,-1,-1,-1
563,166,1104,601,112,103,1.0,-1,-1,-1
564,167,607,466,184,117,1.0,-1,-1,-1
564,166,1106,601,107,93,1.0,-1,-1,-1
565,167,596,462,189,122,1.0,-1,-1,-1
565,166,1105,599,106,91,1.0,-1,-1,-1
566,167,566,461,199,122,1.0,-1,-1,-1
566,166,1106,596,105,89,1.0,-1,-1,-1
567,167,559,458,198,124,1.0,-1,-1,-1
567,166,1107,593,102,89,1.0,-1,-1,-1
568,167,526,455,211,125,1.0,-1,-1,-1
568,166,1107,591,99,89,1.0,-1,-1,-1
569,167,492,453,223,125,1.0,-1,-1,-1
570,167,486,452,223,125,1.0,-1,-1,-1
571,167,455,450,222,126,1.0,-1,-1,-1
572,167,394,433,269,142,1.0,-1,-1,-1
573,167,362,429,300,141,1.0,-1,-1,-1
574,167,321,430,284,138,1.0,-1,-1,-1
575,167,286,424,323,141,1.0,-1,-1,-1
576,167,241,417,312,145,1.0,-1,-1,-1
577,167,174,408,339,152,1.0,-1,-1,-1
578,167,106,394,350,152,1.0,-1,-1,-1
579,167,48,378,376,173,1.0,-1,-1,-1
580,167,0,363,402,195,1.0,-1,-1,-1
615,168,852,497,104,86,1.0,-1,-1,-1
616,168,846,496,108,88,1.0,-1,-1,-1
617,168,840,496,111,89,1.0,-1,-1,-1
618,168,833,499,111,84,1.0,-1,-1,-1
619,168,825,497,120,88,1.0,-1,-1,-1
620,168,819,495,121,91,1.0,-1,-1,-1
621,168,812,494,123,95,1.0,-1,-1,-1
622,168,808,494,118,95,1.0,-1,-1,-1
623,168,798,494,120,97,1.0,-1,-1,-1
624,168,787,483,132,112,1.0,-1,-1,-1
