0,185,1341,744,285,190,1.0,-1,-1,-1
0,191,1990,894,213,175,1.0,-1,-1,-1
1,185,1296,755,340,196,1.0,-1,-1,-1
1,191,2012,905,198,171,1.0,-1,-1,-1
2,185,1284,754,345,197,1.0,-1,-1,-1
2,191,2016,905,196,169,1.0,-1,-1,-1
3,185,1275,752,344,199,1.0,-1,-1,-1
3,191,2019,904,194,168,1.0,-1,-1,-1
4,185,1244,741,365,218,1.0,-1,-1,-1
4,191,2023,904,192,166,1.0,-1,-1,-1
5,185,1226,741,368,217,1.0,-1,-1,-1
5,191,2027,904,190,164,1.0,-1,-1,-1
6,185,1208,742,380,216,1.0,-1,-1,-1
6,191,2030,903,188,162,1.0,-1,-1,-1
7,185,1197,743,386,215,1.0,-1,-1,-1
7,191,2034,903,186,160,1.0,-1,-1,-1
8,185,1170,739,389,222,1.0,-1,-1,-1
8,191,2038,903,184,158,1.0,-1,-1,-1
9,185,1162,736,389,227,1.0,-1,-1,-1
9,191,2041,902,182,156,1.0,-1,-1,-1
10,185,1147,733,391,230,1.0,-1,-1,-1
10,191,2045,902,180,154,1.0,-1,-1,-1
11,185,1129,730,391,236,1.0,-1,-1,-1
11,191,2049,902,178,152,1.0,-1,-1,-1
12,185,1105,728,403,239,1.0,-1,-1,-1
12,191,2052,901,176,151,1.0,-1,-1,-1
13,185,1086,725,417,243,1.0,-1,-1,-1
13,191,2056,901,174,149,1.0,-1,-1,-1
14,185,1053,725,438,245,1.0,-1,-1,-1
14,191,2060,901,172,147,1.0,-1,-1,-1
15,185,1043,725,446,244,1.0,-1,-1,-1
15,191,2063,900,170,145,1.0,-1,-1,-1
16,185,1028,723,456,244,1.0,-1,-1,-1
16,191,2067,900,168,143,1.0,-1,-1,-1
17,185,1013,720,458,247,1.0,-1,-1,-1
17,191,2070,900,166,141,1.0,-1,-1,-1
18,185,992,713,465,256,1.0,-1,-1,-1
18,191,2074,900,165,139,1.0,-1,-1,-1
19,185,976,708,465,265,1.0,-1,-1,-1
19,191,2078,899,163,137,1.0,-1,-1,-1
20,185,960,705,476,268,1.0,-1,-1,-1
20,191,2081,899,161,135,1.0,-1,-1,-1
21,185,948,706,488,264,1.0,-1,-1,-1
21,191,2085,899,159,133,1.0,-1,-1,-1
22,185,931,708,485,263,1.0,-1,-1,-1
22,191,2089,898,157,132,1.0,-1,-1,-1
23,185,918,708,502,261,1.0,-1,-1,-1
23,191,2092,898,155,130,1.0,-1,-1,-1
24,185,905,706,514,261,1.0,-1,-1,-1
24,191,2096,898,153,128,1.0,-1,-1,-1
25,185,894,701,513,267,1.0,-1,-1,-1
25,191,2100,897,151,126,1.0,-1,-1,-1
26,185,881,696,514,276,1.0,-1,-1,-1
26,191,2103,897,149,124,1.0,-1,-1,-1
27,185,867,695,518,278,1.0,-1,-1,-1
27,191,2107,897,147,122,1.0,-1,-1,-1
28,185,854,694,526,279,1.0,-1,-1,-1
28,191,2111,896,145,120,1.0,-1,-1,-1
29,185,845,692,531,281,1.0,-1,-1,-1
29,191,2114,896,143,118,1.0,-1,-1,-1
30,185,838,689,533,287,1.0,-1,-1,-1
30,191,2118,896,141,116,1.0,-1,-1,-1
31,185,829,688,540,289,1.0,-1,-1,-1
31,191,2121,895,139,115,1.0,-1,-1,-1
32,185,819,689,551,289,1.0,-1,-1,-1
33,185,792,690,566,287,1.0,-1,-1,-1
34,268,0,824,1445,770,1.0,-1,-1,-1
35,268,184,832,1384,753,1.0,-1,-1,-1
36,268,396,867,1240,678,1.0,-1,-1,-1
37,268,609,902,1096,603,1.0,-1,-1,-1
38,185,770,684,562,298,1.0,-1,-1,-1
38,268,821,937,952,529,1.0,-1,-1,-1
39,269,1729,798,151,117,1.0,-1,-1,-1
39,185,766,682,566,301,1.0,-1,-1,-1
39,268,1022,937,858,495,1.0,-1,-1,-1
40,269,1718,797,159,119,1.0,-1,-1,-1
40,185,766,680,565,304,1.0,-1,-1,-1
40,268,1133,934,756,477,1.0,-1,-1,-1
41,269,1709,796,159,121,1.0,-1,-1,-1
41,185,759,678,568,306,1.0,-1,-1,-1
41,268,1287,933,661,457,1.0,-1,-1,-1
42,269,1704,796,158,121,1.0,-1,-1,-1
42,185,755,675,571,309,1.0,-1,-1,-1
42,268,1371,936,587,446,1.0,-1,-1,-1
43,269,1693,797,138,115,1.0,-1,-1,-1
43,185,749,674,578,310,1.0,-1,-1,-1
43,268,1451,955,545,379,1.0,-1,-1,-1
44,269,1682,795,152,121,1.0,-1,-1,-1
44,185,741,672,582,311,1.0,-1,-1,-1
44,268,1498,961,508,352,1.0,-1,-1,-1
45,269,1672,795,156,123,1.0,-1,-1,-1
45,185,733,673,583,309,1.0,-1,-1,-1
45,268,1586,955,460,343,1.0,-1,-1,-1
46,269,1662,794,158,126,1.0,-1,-1,-1
46,185,727,672,583,308,1.0,-1,-1,-1
46,268,1629,955,432,320,1.0,-1,-1,-1
47,269,1654,794,158,125,1.0,-1,-1,-1
47,185,722,673,583,308,1.0,-1,-1,-1
47,268,1682,953,404,306,1.0,-1,-1,-1
48,269,1626,793,179,124,1.0,-1,-1,-1
48,185,714,673,588,307,1.0,-1,-1,-1
48,268,1711,950,377,296,1.0,-1,-1,-1
49,269,1620,793,184,123,1.0,-1,-1,-1
49,185,705,673,596,303,1.0,-1,-1,-1
49,268,1748,950,348,277,1.0,-1,-1,-1
50,269,1611,793,189,121,1.0,-1,-1,-1
50,185,695,674,606,297,1.0,-1,-1,-1
50,268,1779,950,329,262,1.0,-1,-1,-1
51,269,1600,792,191,120,1.0,-1,-1,-1
51,185,673,667,603,306,1.0,-1,-1,-1
51,268,1801,949,313,249,1.0,-1,-1,-1
52,269,1589,790,194,120,1.0,-1,-1,-1
52,185,671,667,602,305,1.0,-1,-1,-1
52,268,1830,946,304,243,1.0,-1,-1,-1
53,269,1557,792,199,121,1.0,-1,-1,-1
53,185,666,666,604,309,1.0,-1,-1,-1
53,268,1846,954,289,228,1.0,-1,-1,-1
54,269,1549,790,195,122,1.0,-1,-1,-1
54,185,661,664,604,311,1.0,-1,-1,-1
54,268,1859,954,279,221,1.0,-1,-1,-1
55,269,1540,788,194,124,1.0,-1,-1,-1
55,185,654,662,605,315,1.0,-1,-1,-1
55,268,1866,954,275,218,1.0,-1,-1,-1
56,269,1517,788,196,125,1.0,-1,-1,-1
56,185,646,663,607,315,1.0,-1,-1,-1
56,268,1903,954,252,213,1.0,-1,-1,-1
57,269,1505,783,201,130,1.0,-1,-1,-1
57,185,633,661,615,316,1.0,-1,-1,-1
57,268,1920,950,232,198,1.0,-1,-1,-1
58,269,1488,780,208,132,1.0,-1,-1,-1
58,185,617,659,624,317,1.0,-1,-1,-1
58,268,1927,947,232,197,1.0,-1,-1,-1
59,269,1460,776,213,136,1.0,-1,-1,-1
59,185,591,655,648,321,1.0,-1,-1,-1
59,268,1935,946,228,193,1.0,-1,-1,-1
60,269,1444,773,221,137,1.0,-1,-1,-1
60,185,569,652,670,323,1.0,-1,-1,-1
60,268,1946,945,221,190,1.0,-1,-1,-1
61,269,1429,768,224,141,1.0,-1,-1,-1
61,185,550,646,640,326,1.0,-1,-1,-1
61,268,1955,943,210,186,1.0,-1,-1,-1
62,269,1399,764,227,145,1.0,-1,-1,-1
62,185,527,644,654,330,1.0,-1,-1,-1
62,268,1974,940,201,180,1.0,-1,-1,-1
63,269,1382,761,235,148,1.0,-1,-1,-1
63,185,490,642,682,332,1.0,-1,-1,-1
63,268,1980,936,192,180,1.0,-1,-1,-1
64,269,1368,756,242,153,1.0,-1,-1,-1
64,185,477,619,672,379,1.0,-1,-1,-1
64,268,1985,933,188,179,1.0,-1,-1,-1
65,269,1329,752,252,157,1.0,-1,-1,-1
65,185,427,628,675,342,1.0,-1,-1,-1
65,268,1989,932,184,175,1.0,-1,-1,-1
66,269,1315,750,255,159,1.0,-1,-1,-1
66,185,424,593,668,405,1.0,-1,-1,-1
66,268,1994,931,184,171,1.0,-1,-1,-1
67,269,1277,749,264,159,1.0,-1,-1,-1
67,185,374,596,707,398,1.0,-1,-1,-1
67,268,1998,930,183,167,1.0,-1,-1,-1
68,269,1265,746,264,160,1.0,-1,-1,-1
68,185,314,603,752,388,1.0,-1,-1,-1
68,268,2004,930,182,164,1.0,-1,-1,-1
69,269,1218,740,284,168,1.0,-1,-1,-1
69,185,258,602,783,391,1.0,-1,-1,-1
69,268,2011,928,182,151,1.0,-1,-1,-1
70,269,1208,738,279,168,1.0,-1,-1,-1
70,185,210,593,823,401,1.0,-1,-1,-1
70,268,2018,928,176,151,1.0,-1,-1,-1
71,269,1159,731,300,175,1.0,-1,-1,-1
71,185,126,574,840,421,1.0,-1,-1,-1
71,268,2023,927,172,151,1.0,-1,-1,-1
72,269,1151,731,291,172,1.0,-1,-1,-1
72,185,68,567,874,426,1.0,-1,-1,-1
72,268,2024,928,174,148,1.0,-1,-1,-1
73,269,1095,712,321,191,1.0,-1,-1,-1
73,185,0,543,946,451,1.0,-1,-1,-1
73,268,2023,925,173,149,1.0,-1,-1,-1
74,269,1056,712,310,187,1.0,-1,-1,-1
74,268,2041,925,159,139,1.0,-1,-1,-1
75,269,1032,707,336,193,1.0,-1,-1,-1
75,268,2043,922,158,138,1.0,-1,-1,-1
76,269,990,701,336,199,1.0,-1,-1,-1
76,268,2045,919,157,139,1.0,-1,-1,-1
77,269,917,691,402,207,1.0,-1,-1,-1
77,268,2047,917,157,138,1.0,-1,-1,-1
78,269,851,686,428,208,1.0,-1,-1,-1
78,268,2053,918,153,125,1.0,-1,-1,-1
79,269,826,681,429,211,1.0,-1,-1,-1
79,268,2054,917,154,122,1.0,-1,-1,-1
80,269,785,676,456,215,1.0,-1,-1,-1
80,268,2057,915,150,122,1.0,-1,-1,-1
81,269,719,666,460,227,1.0,-1,-1,-1
81,268,2061,915,145,120,1.0,-1,-1,-1
82,269,683,664,476,225,1.0,-1,-1,-1
82,268,2065,915,140,119,1.0,-1,-1,-1
83,269,607,653,500,238,1.0,-1,-1,-1
83,268,2068,915,138,118,1.0,-1,-1,-1
84,269,578,636,497,236,1.0,-1,-1,-1
84,268,2070,915,139,117,1.0,-1,-1,-1
85,269,475,646,552,241,1.0,-1,-1,-1
86,269,448,617,555,261,1.0,-1,-1,-1
87,269,342,610,585,270,1.0,-1,-1,-1
88,269,258,601,580,273,1.0,-1,-1,-1
89,269,230,598,601,273,1.0,-1,-1,-1
90,269,115,584,638,282,1.0,-1,-1,-1
91,269,10,570,676,293,1.0,-1,-1,-1
96,270,53,677,1169,701,1.0,-1,-1,-1
97,270,275,708,1025,616,1.0,-1,-1,-1
98,270,498,740,881,532,1.0,-1,-1,-1
99,270,721,771,737,447,1.0,-1,-1,-1
100,270,899,772,675,418,1.0,-1,-1,-1
101,270,993,782,623,392,1.0,-1,-1,-1
102,270,1086,792,571,367,1.0,-1,-1,-1
103,270,1180,803,519,341,1.0,-1,-1,-1
104,270,1272,807,492,330,1.0,-1,-1,-1
105,270,1323,818,449,304,1.0,-1,-1,-1
106,270,1403,829,422,278,1.0,-1,-1,-1
107,270,1454,820,382,266,1.0,-1,-1,-1
108,270,1518,838,348,253,1.0,-1,-1,-1
109,270,1557,821,324,258,1.0,-1,-1,-1
110,270,1599,853,297,221,1.0,-1,-1,-1
111,270,1624,854,272,199,1.0,-1,-1,-1
112,270,1661,852,271,202,1.0,-1,-1,-1
113,270,1688,853,245,198,1.0,-1,-1,-1
114,271,1596,786,200,124,1.0,-1,-1,-1
114,270,1714,854,253,192,1.0,-1,-1,-1
115,271,1583,788,208,122,1.0,-1,-1,-1
115,270,1733,854,241,189,1.0,-1,-1,-1
116,271,1557,790,201,121,1.0,-1,-1,-1
116,270,1761,861,236,176,1.0,-1,-1,-1
117,271,1546,787,200,125,1.0,-1,-1,-1
117,270,1778,863,225,169,1.0,-1,-1,-1
118,271,1536,780,199,133,1.0,-1,-1,-1
118,270,1798,865,213,164,1.0,-1,-1,-1
118,272,79,746,1055,554,1.0,-1,-1,-1
119,271,1510,778,207,133,1.0,-1,-1,-1
119,270,1827,871,197,153,1.0,-1,-1,-1
119,272,264,769,978,486,1.0,-1,-1,-1
120,271,1492,774,216,136,1.0,-1,-1,-1
120,270,1840,872,184,149,1.0,-1,-1,-1
120,272,450,792,902,418,1.0,-1,-1,-1
121,271,1476,770,222,140,1.0,-1,-1,-1
121,270,1855,872,177,146,1.0,-1,-1,-1
121,272,771,808,638,397,1.0,-1,-1,-1
122,271,1447,765,225,143,1.0,-1,-1,-1
122,270,1867,872,167,142,1.0,-1,-1,-1
122,272,958,833,546,318,1.0,-1,-1,-1
123,270,1877,866,164,147,1.0,-1,-1,-1
123,272,1074,830,500,311,1.0,-1,-1,-1
124,270,1897,864,163,148,1.0,-1,-1,-1
124,272,1173,829,481,303,1.0,-1,-1,-1
125,270,1902,862,163,147,1.0,-1,-1,-1
125,272,1222,833,433,281,1.0,-1,-1,-1
126,270,1911,861,160,146,1.0,-1,-1,-1
126,272,1324,844,385,252,1.0,-1,-1,-1
127,271,1320,752,260,148,1.0,-1,-1,-1
127,270,1921,859,158,147,1.0,-1,-1,-1
127,272,1360,848,370,241,1.0,-1,-1,-1
128,271,1310,751,260,156,1.0,-1,-1,-1
128,270,1931,857,154,146,1.0,-1,-1,-1
128,272,1438,849,341,234,1.0,-1,-1,-1
129,271,1260,744,287,165,1.0,-1,-1,-1
129,270,1938,855,151,145,1.0,-1,-1,-1
129,272,1496,855,300,219,1.0,-1,-1,-1
130,271,1228,739,277,170,1.0,-1,-1,-1
130,270,1947,858,155,143,1.0,-1,-1,-1
130,272,1555,857,277,191,1.0,-1,-1,-1
131,271,1201,734,302,175,1.0,-1,-1,-1
131,270,1962,867,144,127,1.0,-1,-1,-1
131,272,1568,859,272,188,1.0,-1,-1,-1
132,271,1158,731,308,179,1.0,-1,-1,-1
132,270,1964,868,145,123,1.0,-1,-1,-1
132,272,1620,860,251,183,1.0,-1,-1,-1
133,271,1140,712,318,185,1.0,-1,-1,-1
133,270,1969,869,144,118,1.0,-1,-1,-1
133,272,1640,863,237,172,1.0,-1,-1,-1
133,273,57,718,949,513,1.0,-1,-1,-1
134,271,1094,708,329,187,1.0,-1,-1,-1
134,270,1977,870,140,116,1.0,-1,-1,-1
134,272,1679,866,227,167,1.0,-1,-1,-1
134,273,293,738,844,465,1.0,-1,-1,-1
135,272,1697,869,221,160,1.0,-1,-1,-1
135,273,530,759,739,417,1.0,-1,-1,-1
136,272,1732,876,211,148,1.0,-1,-1,-1
136,273,673,770,670,383,1.0,-1,-1,-1
137,272,1750,878,203,145,1.0,-1,-1,-1
137,273,817,781,601,349,1.0,-1,-1,-1
138,272,1767,877,193,142,1.0,-1,-1,-1
138,273,961,792,531,315,1.0,-1,-1,-1
139,271,843,675,438,220,1.0,-1,-1,-1
139,272,1794,881,179,137,1.0,-1,-1,-1
139,273,1105,803,462,281,1.0,-1,-1,-1
140,271,805,672,460,222,1.0,-1,-1,-1
140,272,1809,880,177,134,1.0,-1,-1,-1
140,273,1234,817,395,258,1.0,-1,-1,-1
141,271,770,665,479,228,1.0,-1,-1,-1
141,272,1821,878,177,136,1.0,-1,-1,-1
141,273,1314,825,386,237,1.0,-1,-1,-1
142,271,692,658,495,231,1.0,-1,-1,-1
142,272,1861,879,150,125,1.0,-1,-1,-1
142,273,1356,828,358,230,1.0,-1,-1,-1
143,271,586,648,552,245,1.0,-1,-1,-1
143,272,1859,878,162,126,1.0,-1,-1,-1
143,273,1456,833,289,209,1.0,-1,-1,-1
144,271,565,615,537,277,1.0,-1,-1,-1
144,272,1866,878,168,129,1.0,-1,-1,-1
144,273,1504,835,281,203,1.0,-1,-1,-1
144,274,3,982,1571,937,1.0,-1,-1,-1
145,271,488,603,536,295,1.0,-1,-1,-1
145,272,1876,875,165,132,1.0,-1,-1,-1
145,273,1519,842,274,193,1.0,-1,-1,-1
145,274,374,966,1293,816,1.0,-1,-1,-1
146,271,433,600,591,299,1.0,-1,-1,-1
146,272,1888,874,152,130,1.0,-1,-1,-1
146,274,745,950,1015,675,1.0,-1,-1,-1
147,271,334,593,615,302,1.0,-1,-1,-1
147,272,1904,871,150,122,1.0,-1,-1,-1
147,274,1117,934,737,534,1.0,-1,-1,-1
148,271,216,588,674,300,1.0,-1,-1,-1
148,272,1911,873,151,117,1.0,-1,-1,-1
148,274,1163,923,735,502,1.0,-1,-1,-1
149,271,148,553,715,362,1.0,-1,-1,-1
149,272,1921,874,150,114,1.0,-1,-1,-1
149,274,1386,916,559,469,1.0,-1,-1,-1
150,271,73,543,752,366,1.0,-1,-1,-1
150,272,1934,875,142,112,1.0,-1,-1,-1
150,274,1492,936,487,366,1.0,-1,-1,-1
151,271,0,511,757,366,1.0,-1,-1,-1
151,274,1595,933,422,334,1.0,-1,-1,-1
152,274,1639,933,391,303,1.0,-1,-1,-1
153,274,1710,935,353,276,1.0,-1,-1,-1
154,274,1742,915,331,260,1.0,-1,-1,-1
155,274,1768,915,324,258,1.0,-1,-1,-1
156,274,1810,938,277,212,1.0,-1,-1,-1
157,274,1847,930,265,206,1.0,-1,-1,-1
158,274,1861,928,251,203,1.0,-1,-1,-1
159,274,1879,924,237,200,1.0,-1,-1,-1
160,274,1894,923,227,194,1.0,-1,-1,-1
161,274,1924,927,213,181,1.0,-1,-1,-1
162,275,1726,809,144,111,1.0,-1,-1,-1
162,274,1940,932,203,167,1.0,-1,-1,-1
163,275,1715,798,153,116,1.0,-1,-1,-1
163,274,1955,919,195,162,1.0,-1,-1,-1
164,275,1712,797,151,116,1.0,-1,-1,-1
164,274,1967,916,189,160,1.0,-1,-1,-1
165,275,1682,797,150,114,1.0,-1,-1,-1
165,274,1986,919,173,156,1.0,-1,-1,-1
166,275,1659,793,191,125,1.0,-1,-1,-1
166,274,1994,920,169,151,1.0,-1,-1,-1
167,275,1651,792,184,127,1.0,-1,-1,-1
167,274,2000,918,169,148,1.0,-1,-1,-1
168,275,1643,791,181,129,1.0,-1,-1,-1
168,274,2012,920,167,135,1.0,-1,-1,-1
169,275,1618,790,191,130,1.0,-1,-1,-1
169,274,2024,915,159,136,1.0,-1,-1,-1
170,275,1605,789,199,130,1.0,-1,-1,-1
170,274,2035,909,152,138,1.0,-1,-1,-1
171,275,1588,786,210,131,1.0,-1,-1,-1
171,274,2038,902,151,141,1.0,-1,-1,-1
172,275,1554,788,216,125,1.0,-1,-1,-1
172,274,2050,913,151,126,1.0,-1,-1,-1
173,275,1547,783,210,132,1.0,-1,-1,-1
173,274,2052,912,153,121,1.0,-1,-1,-1
174,275,1537,779,206,136,1.0,-1,-1,-1
174,274,2060,911,146,120,1.0,-1,-1,-1
175,275,1504,777,215,137,1.0,-1,-1,-1
175,274,2068,910,141,117,1.0,-1,-1,-1
176,275,1487,772,221,142,1.0,-1,-1,-1
176,274,2073,911,139,115,1.0,-1,-1,-1
177,275,1473,766,226,149,1.0,-1,-1,-1
178,275,1435,764,236,151,1.0,-1,-1,-1
179,275,1421,757,239,157,1.0,-1,-1,-1
180,275,1380,755,250,159,1.0,-1,-1,-1
180,276,0,742,1126,567,1.0,-1,-1,-1
181,275,1368,751,250,162,1.0,-1,-1,-1
181,276,207,764,1025,496,1.0,-1,-1,-1
182,275,1323,744,270,168,1.0,-1,-1,-1
182,276,430,787,924,425,1.0,-1,-1,-1
183,276,751,796,685,403,1.0,-1,-1,-1
184,276,917,809,595,359,1.0,-1,-1,-1
185,276,1084,822,505,315,1.0,-1,-1,-1
186,276,1194,829,467,286,1.0,-1,-1,-1
187,275,1098,711,375,196,1.0,-1,-1,-1
187,276,1296,837,437,267,1.0,-1,-1,-1
188,275,1053,705,396,202,1.0,-1,-1,-1
188,276,1343,841,395,253,1.0,-1,-1,-1
189,275,1008,698,417,208,1.0,-1,-1,-1
189,276,1433,850,356,233,1.0,-1,-1,-1
190,275,947,692,422,213,1.0,-1,-1,-1
190,276,1503,856,293,217,1.0,-1,-1,-1
191,275,909,683,440,220,1.0,-1,-1,-1
191,276,1553,855,286,192,1.0,-1,-1,-1
192,275,869,675,473,230,1.0,-1,-1,-1
192,276,1571,851,271,195,1.0,-1,-1,-1
193,275,784,664,501,242,1.0,-1,-1,-1
193,276,1623,849,253,193,1.0,-1,-1,-1
194,275,697,653,522,249,1.0,-1,-1,-1
194,276,1665,855,245,184,1.0,-1,-1,-1
195,275,658,644,548,256,1.0,-1,-1,-1
195,276,1683,865,237,171,1.0,-1,-1,-1
196,275,546,635,594,268,1.0,-1,-1,-1
196,277,1628,811,155,111,1.0,-1,-1,-1
196,276,1721,870,221,159,1.0,-1,-1,-1
197,275,460,602,584,295,1.0,-1,-1,-1
197,277,1615,809,159,115,1.0,-1,-1,-1
197,276,1738,871,214,156,1.0,-1,-1,-1
198,275,368,581,688,349,1.0,-1,-1,-1
198,276,1756,872,206,151,1.0,-1,-1,-1
199,275,283,573,744,345,1.0,-1,-1,-1
199,277,1566,810,174,116,1.0,-1,-1,-1
199,276,1785,877,196,143,1.0,-1,-1,-1
200,275,179,578,733,313,1.0,-1,-1,-1
200,277,1549,796,181,120,1.0,-1,-1,-1
200,276,1803,878,188,139,1.0,-1,-1,-1
201,275,67,540,801,355,1.0,-1,-1,-1
201,277,1521,798,186,116,1.0,-1,-1,-1
201,276,1819,876,181,137,1.0,-1,-1,-1
202,277,1506,799,189,115,1.0,-1,-1,-1
202,276,1840,876,179,136,1.0,-1,-1,-1
203,277,1487,797,198,115,1.0,-1,-1,-1
203,276,1856,880,166,126,1.0,-1,-1,-1
204,277,1455,795,199,117,1.0,-1,-1,-1
204,276,1871,880,154,122,1.0,-1,-1,-1
205,277,1439,792,201,119,1.0,-1,-1,-1
205,276,1881,878,149,123,1.0,-1,-1,-1
206,277,1405,787,207,125,1.0,-1,-1,-1
206,276,1913,876,134,120,1.0,-1,-1,-1
207,277,1387,783,214,130,1.0,-1,-1,-1
207,276,1910,876,145,119,1.0,-1,-1,-1
208,277,1346,776,220,134,1.0,-1,-1,-1
208,276,1917,877,144,115,1.0,-1,-1,-1
209,277,1329,772,226,137,1.0,-1,-1,-1
209,276,1927,878,140,113,1.0,-1,-1,-1
210,277,1286,765,237,141,1.0,-1,-1,-1
211,277,1270,761,243,144,1.0,-1,-1,-1
212,277,1226,755,252,152,1.0,-1,-1,-1
213,277,1175,751,264,156,1.0,-1,-1,-1
214,277,1168,749,257,155,1.0,-1,-1,-1
215,277,1110,744,282,159,1.0,-1,-1,-1
216,277,1059,738,288,164,1.0,-1,-1,-1
217,277,1001,734,316,168,1.0,-1,-1,-1
218,277,957,720,307,174,1.0,-1,-1,-1
219,277,894,715,333,178,1.0,-1,-1,-1
220,277,805,697,437,197,1.0,-1,-1,-1
221,277,734,691,433,199,1.0,-1,-1,-1
222,277,693,683,466,206,1.0,-1,-1,-1
223,277,607,679,468,206,1.0,-1,-1,-1
224,277,489,671,533,214,1.0,-1,-1,-1
225,277,472,663,523,219,1.0,-1,-1,-1
226,277,373,655,536,228,1.0,-1,-1,-1
227,277,270,634,547,234,1.0,-1,-1,-1
228,277,144,611,612,262,1.0,-1,-1,-1
229,277,18,589,677,290,1.0,-1,-1,-1
255,278,1867,823,139,121,1.0,-1,-1,-1
256,278,1861,819,142,126,1.0,-1,-1,-1
257,278,1849,806,157,143,1.0,-1,-1,-1
258,278,1830,807,159,139,1.0,-1,-1,-1
259,278,1820,807,159,137,1.0,-1,-1,-1
260,278,1807,805,161,140,1.0,-1,-1,-1
261,278,1799,801,161,144,1.0,-1,-1,-1
262,278,1780,798,167,147,1.0,-1,-1,-1
263,278,1772,793,170,152,1.0,-1,-1,-1
264,278,1762,785,176,167,1.0,-1,-1,-1
265,278,1743,782,189,171,1.0,-1,-1,-1
266,278,1719,787,184,163,1.0,-1,-1,-1
267,278,1707,784,185,165,1.0,-1,-1,-1
268,278,1692,769,199,172,1.0,-1,-1,-1
269,278,1679,762,209,180,1.0,-1,-1,-1
270,278,1644,780,207,171,1.0,-1,-1,-1
270,279,1877,834,148,85,1.0,-1,-1,-1
271,278,1624,761,227,186,1.0,-1,-1,-1
271,279,1898,837,148,89,1.0,-1,-1,-1
272,278,1593,762,226,189,1.0,-1,-1,-1
272,279,1907,836,152,91,1.0,-1,-1,-1
273,278,1572,757,241,194,1.0,-1,-1,-1
273,279,1919,831,142,97,1.0,-1,-1,-1
274,278,1532,758,255,194,1.0,-1,-1,-1
274,279,1940,841,150,91,1.0,-1,-1,-1
275,278,1509,748,273,207,1.0,-1,-1,-1
275,279,1944,842,154,93,1.0,-1,-1,-1
276,278,1471,745,275,211,1.0,-1,-1,-1
276,279,1954,843,139,90,1.0,-1,-1,-1
277,278,1453,736,283,223,1.0,-1,-1,-1
277,279,1964,841,134,94,1.0,-1,-1,-1
278,278,1399,736,306,222,1.0,-1,-1,-1
278,279,1969,846,120,89,1.0,-1,-1,-1
279,278,1352,718,337,240,1.0,-1,-1,-1
279,279,2005,851,114,89,1.0,-1,-1,-1
280,278,1309,706,373,247,1.0,-1,-1,-1
280,279,2017,853,114,89,1.0,-1,-1,-1
281,278,1238,697,392,263,1.0,-1,-1,-1
281,279,2032,855,114,89,1.0,-1,-1,-1
282,278,1193,680,427,275,1.0,-1,-1,-1
282,279,2047,857,114,89,1.0,-1,-1,-1
283,278,1110,666,438,296,1.0,-1,-1,-1
284,278,1014,656,471,304,1.0,-1,-1,-1
285,278,979,636,488,328,1.0,-1,-1,-1
286,278,874,624,513,338,1.0,-1,-1,-1
287,278,741,570,631,395,1.0,-1,-1,-1
288,278,587,550,680,410,1.0,-1,-1,-1
289,280,690,936,1118,952,1.0,-1,-1,-1
290,280,932,935,940,802,1.0,-1,-1,-1
291,281,0,608,1264,740,1.0,-1,-1,-1
291,280,1175,934,763,652,1.0,-1,-1,-1
292,281,220,644,1105,661,1.0,-1,-1,-1
292,280,1418,933,586,502,1.0,-1,-1,-1
293,281,460,681,946,583,1.0,-1,-1,-1
293,280,1598,940,455,377,1.0,-1,-1,-1
294,281,700,718,787,505,1.0,-1,-1,-1
294,280,1683,934,424,350,1.0,-1,-1,-1
295,281,901,727,689,473,1.0,-1,-1,-1
295,280,1730,930,379,319,1.0,-1,-1,-1
296,281,1012,737,582,455,1.0,-1,-1,-1
296,280,1780,932,334,288,1.0,-1,-1,-1
297,281,1172,766,512,343,1.0,-1,-1,-1
297,280,1831,912,316,272,1.0,-1,-1,-1
298,281,1198,775,499,334,1.0,-1,-1,-1
298,280,1856,927,289,239,1.0,-1,-1,-1
299,281,1289,782,479,322,1.0,-1,-1,-1
299,280,1905,921,252,231,1.0,-1,-1,-1
300,281,1383,786,433,298,1.0,-1,-1,-1
300,280,1924,922,238,221,1.0,-1,-1,-1
301,281,1420,797,407,283,1.0,-1,-1,-1
301,280,1945,927,222,199,1.0,-1,-1,-1
302,281,1461,804,383,264,1.0,-1,-1,-1
302,280,1972,919,214,198,1.0,-1,-1,-1
303,281,1521,808,351,252,1.0,-1,-1,-1
303,280,1990,911,202,182,1.0,-1,-1,-1
304,281,1551,814,341,243,1.0,-1,-1,-1
304,280,2004,909,192,182,1.0,-1,-1,-1
305,281,1590,826,322,223,1.0,-1,-1,-1
305,280,2016,908,183,180,1.0,-1,-1,-1
306,281,1647,825,282,219,1.0,-1,-1,-1
306,280,2021,907,181,172,1.0,-1,-1,-1
307,281,1657,831,285,207,1.0,-1,-1,-1
307,280,2045,909,163,157,1.0,-1,-1,-1
308,281,1704,832,259,201,1.0,-1,-1,-1
308,280,2052,906,160,153,1.0,-1,-1,-1
309,281,1715,836,255,193,1.0,-1,-1,-1
309,280,2061,904,157,150,1.0,-1,-1,-1
310,281,1731,840,247,184,1.0,-1,-1,-1
310,280,2067,904,157,144,1.0,-1,-1,-1
311,281,1761,841,236,181,1.0,-1,-1,-1
311,280,2070,913,154,123,1.0,-1,-1,-1
312,281,1772,845,234,174,1.0,-1,-1,-1
312,280,2075,912,153,121,1.0,-1,-1,-1
312,282,323,915,1500,1004,1.0,-1,-1,-1
313,281,1790,847,222,169,1.0,-1,-1,-1
313,280,2080,912,150,118,1.0,-1,-1,-1
313,282,691,944,1180,830,1.0,-1,-1,-1
314,281,1808,849,207,164,1.0,-1,-1,-1
314,280,2088,911,140,115,1.0,-1,-1,-1
314,282,1059,973,861,636,1.0,-1,-1,-1
315,282,1370,921,604,547,1.0,-1,-1,-1
316,282,1446,909,558,511,1.0,-1,-1,-1
317,282,1585,930,473,386,1.0,-1,-1,-1
318,282,1621,932,446,361,1.0,-1,-1,-1
319,282,1713,920,396,331,1.0,-1,-1,-1
320,282,1758,923,357,303,1.0,-1,-1,-1
321,282,1821,926,322,280,1.0,-1,-1,-1
322,282,1847,933,296,224,1.0,-1,-1,-1
323,281,1911,853,166,131,1.0,-1,-1,-1
323,282,1867,940,275,215,1.0,-1,-1,-1
324,281,1919,856,164,126,1.0,-1,-1,-1
324,282,1910,934,250,212,1.0,-1,-1,-1
325,281,1926,858,162,122,1.0,-1,-1,-1
325,282,1921,942,243,193,1.0,-1,-1,-1
326,281,1934,860,151,120,1.0,-1,-1,-1
326,282,1941,943,225,180,1.0,-1,-1,-1
327,282,1970,935,213,180,1.0,-1,-1,-1
328,282,1981,935,204,173,1.0,-1,-1,-1
329,282,1993,934,199,168,1.0,-1,-1,-1
330,282,2007,915,196,173,1.0,-1,-1,-1
331,282,2015,913,189,172,1.0,-1,-1,-1
332,282,2034,914,181,165,1.0,-1,-1,-1
333,282,2046,915,168,156,1.0,-1,-1,-1
334,282,2053,916,163,150,1.0,-1,-1,-1
335,282,2060,915,158,145,1.0,-1,-1,-1
336,282,2068,912,155,144,1.0,-1,-1,-1
337,282,2076,908,151,145,1.0,-1,-1,-1
338,282,2083,905,148,143,1.0,-1,-1,-1
339,282,2083,910,151,131,1.0,-1,-1,-1
340,282,2086,908,148,130,1.0,-1,-1,-1
341,282,2091,908,139,126,1.0,-1,-1,-1
342,282,2107,908,135,120,1.0,-1,-1,-1
343,282,2111,907,133,120,1.0,-1,-1,-1
422,283,1714,800,154,111,1.0,-1,-1,-1
423,283,1712,798,151,112,1.0,-1,-1,-1
425,283,1681,797,145,114,1.0,-1,-1,-1
426,283,1674,796,144,114,1.0,-1,-1,-1
427,283,1664,793,149,117,1.0,-1,-1,-1
428,283,1639,795,145,117,1.0,-1,-1,-1
429,283,1627,791,159,123,1.0,-1,-1,-1
430,283,1623,790,154,121,1.0,-1,-1,-1
431,283,1623,790,144,116,1.0,-1,-1,-1
432,283,1582,792,141,114,1.0,-1,-1,-1
433,283,1553,781,201,127,1.0,-1,-1,-1
434,283,1545,778,201,131,1.0,-1,-1,-1
435,283,1537,774,202,137,1.0,-1,-1,-1
436,283,1510,777,206,132,1.0,-1,-1,-1
437,283,1498,774,209,134,1.0,-1,-1,-1
438,283,1485,769,211,140,1.0,-1,-1,-1
439,283,1476,765,213,145,1.0,-1,-1,-1
440,283,1438,762,231,145,1.0,-1,-1,-1
441,283,1426,760,230,147,1.0,-1,-1,-1
442,283,1389,757,238,148,1.0,-1,-1,-1
443,283,1376,754,243,152,1.0,-1,-1,-1
444,283,1369,753,239,152,1.0,-1,-1,-1
445,283,1320,749,262,158,1.0,-1,-1,-1
446,283,1309,745,261,161,1.0,-1,-1,-1
447,283,1264,741,282,166,1.0,-1,-1,-1
448,283,1254,738,278,167,1.0,-1,-1,-1
449,283,1203,733,309,176,1.0,-1,-1,-1
450,283,1193,733,303,170,1.0,-1,-1,-1
451,283,1150,728,318,178,1.0,-1,-1,-1
452,283,1131,711,330,187,1.0,-1,-1,-1
453,283,1084,706,344,194,1.0,-1,-1,-1
454,283,1052,702,322,191,1.0,-1,-1,-1
455,284,0,822,1493,1097,1.0,-1,-1,-1
456,284,66,841,1502,988,1.0,-1,-1,-1
