0,96,394,505,330,252,1.0,-1,-1,-1
0,97,1015,405,194,161,1.0,-1,-1,-1
0,98,1156,258,139,122,1.0,-1,-1,-1
1,96,407,516,336,253,1.0,-1,-1,-1
1,97,1015,411,195,169,1.0,-1,-1,-1
1,98,1155,259,139,122,1.0,-1,-1,-1
2,96,392,521,343,253,1.0,-1,-1,-1
2,97,1014,411,194,170,1.0,-1,-1,-1
2,98,1155,260,139,122,1.0,-1,-1,-1
3,96,370,524,355,261,1.0,-1,-1,-1
3,97,1004,412,197,171,1.0,-1,-1,-1
3,98,1154,261,139,122,1.0,-1,-1,-1
4,96,351,524,365,272,1.0,-1,-1,-1
4,97,1002,412,199,172,1.0,-1,-1,-1
4,98,1154,262,139,122,1.0,-1,-1,-1
5,96,319,532,367,272,1.0,-1,-1,-1
5,97,998,412,201,171,1.0,-1,-1,-1
5,98,1153,264,139,122,1.0,-1,-1,-1
6,96,298,534,374,278,1.0,-1,-1,-1
6,97,993,413,204,170,1.0,-1,-1,-1
6,98,1153,265,139,122,1.0,-1,-1,-1
7,96,268,554,394,277,1.0,-1,-1,-1
7,97,989,414,206,168,1.0,-1,-1,-1
7,98,1153,266,139,122,1.0,-1,-1,-1
8,96,235,558,390,281,1.0,-1,-1,-1
8,97,986,425,207,163,1.0,-1,-1,-1
8,98,1152,267,139,122,1.0,-1,-1,-1
9,96,212,563,401,290,1.0,-1,-1,-1
9,97,981,426,209,164,1.0,-1,-1,-1
9,98,1152,268,139,122,1.0,-1,-1,-1
10,96,186,572,412,293,1.0,-1,-1,-1
10,97,977,423,208,169,1.0,-1,-1,-1
10,98,1151,270,139,122,1.0,-1,-1,-1
11,96,139,550,439,350,1.0,-1,-1,-1
11,97,973,421,207,174,1.0,-1,-1,-1
11,98,1151,271,139,122,1.0,-1,-1,-1
12,96,108,563,442,354,1.0,-1,-1,-1
12,97,972,419,205,178,1.0,-1,-1,-1
12,98,1150,272,139,122,1.0,-1,-1,-1
13,96,77,595,466,363,1.0,-1,-1,-1
13,97,962,420,207,179,1.0,-1,-1,-1
13,98,1150,273,139,122,1.0,-1,-1,-1
14,96,36,618,442,316,1.0,-1,-1,-1
14,97,958,420,210,180,1.0,-1,-1,-1
14,98,1150,274,140,122,1.0,-1,-1,-1
15,96,9,617,457,361,1.0,-1,-1,-1
15,97,955,422,210,179,1.0,-1,-1,-1
15,98,1149,276,140,122,1.0,-1,-1,-1
16,97,950,424,212,177,1.0,-1,-1,-1
16,98,1149,277,140,122,1.0,-1,-1,-1
17,97,947,426,212,175,1.0,-1,-1,-1
17,98,1148,278,140,122,1.0,-1,-1,-1
18,97,943,427,212,176,1.0,-1,-1,-1
18,98,1148,279,140,122,1.0,-1,-1,-1
19,97,939,426,213,180,1.0,-1,-1,-1
19,98,1147,280,140,122,1.0,-1,-1,-1
20,97,934,423,216,186,1.0,-1,-1,-1
20,98,1147,282,140,123,1.0,-1,-1,-1
21,97,930,421,218,192,1.0,-1,-1,-1
21,98,1147,283,140,123,1.0,-1,-1,-1
22,97,929,422,217,194,1.0,-1,-1,-1
22,98,1146,284,140,123,1.0,-1,-1,-1
23,97,913,425,230,194,1.0,-1,-1,-1
23,98,1146,285,140,123,1.0,-1,-1,-1
24,97,912,429,227,189,1.0,-1,-1,-1
24,98,1145,286,140,123,1.0,-1,-1,-1
25,97,907,432,226,185,1.0,-1,-1,-1
25,98,1145,288,140,123,1.0,-1,-1,-1
26,97,902,434,227,184,1.0,-1,-1,-1
26,98,1144,289,140,123,1.0,-1,-1,-1
27,97,893,433,236,187,1.0,-1,-1,-1
27,98,1144,290,141,123,1.0,-1,-1,-1
28,97,885,431,245,191,1.0,-1,-1,-1
28,98,1144,291,141,123,1.0,-1,-1,-1
29,97,880,429,247,194,1.0,-1,-1,-1
29,98,1143,292,141,123,1.0,-1,-1,-1
30,97,869,430,244,195,1.0,-1,-1,-1
30,98,1143,294,141,123,1.0,-1,-1,-1
31,97,854,434,255,188,1.0,-1,-1,-1
31,98,1142,295,141,123,1.0,-1,-1,-1
32,97,855,430,246,201,1.0,-1,-1,-1
32,98,1142,296,141,123,1.0,-1,-1,-1
33,97,851,428,244,209,1.0,-1,-1,-1
33,98,1141,297,141,123,1.0,-1,-1,-1
34,97,847,426,246,213,1.0,-1,-1,-1
34,98,1141,298,141,123,1.0,-1,-1,-1
35,97,843,426,248,212,1.0,-1,-1,-1
35,98,1141,300,141,123,1.0,-1,-1,-1
36,97,811,432,272,197,1.0,-1,-1,-1
36,98,1140,301,141,123,1.0,-1,-1,-1
37,97,813,430,264,202,1.0,-1,-1,-1
37,98,1140,302,141,123,1.0,-1,-1,-1
38,97,814,429,258,208,1.0,-1,-1,-1
38,98,1139,303,141,123,1.0,-1,-1,-1
39,97,812,427,257,214,1.0,-1,-1,-1
39,98,1139,304,141,123,1.0,-1,-1,-1
40,97,808,426,257,217,1.0,-1,-1,-1
40,98,1139,306,142,124,1.0,-1,-1,-1
41,97,801,426,257,217,1.0,-1,-1,-1
41,98,1137,306,142,124,1.0,-1,-1,-1
42,97,795,427,256,215,1.0,-1,-1,-1
42,98,1135,307,142,124,1.0,-1,-1,-1
43,97,787,428,256,214,1.0,-1,-1,-1
43,98,1134,307,143,124,1.0,-1,-1,-1
44,97,779,439,250,212,1.0,-1,-1,-1
44,98,1132,308,143,124,1.0,-1,-1,-1
45,97,775,439,247,215,1.0,-1,-1,-1
45,98,1131,309,143,124,1.0,-1,-1,-1
46,97,761,437,233,225,1.0,-1,-1,-1
46,98,1129,309,144,124,1.0,-1,-1,-1
47,97,754,438,235,227,1.0,-1,-1,-1
47,98,1127,310,144,124,1.0,-1,-1,-1
48,97,742,440,240,226,1.0,-1,-1,-1
48,98,1126,310,144,124,1.0,-1,-1,-1
49,99,816,484,511,594,1.0,-1,-1,-1
49,98,1124,311,145,124,1.0,-1,-1,-1
50,99,826,469,508,609,1.0,-1,-1,-1
50,98,1123,312,145,124,1.0,-1,-1,-1
51,99,836,465,508,613,1.0,-1,-1,-1
51,98,1121,312,145,124,1.0,-1,-1,-1
52,99,842,442,512,612,1.0,-1,-1,-1
52,98,1119,313,146,124,1.0,-1,-1,-1
53,99,860,443,500,590,1.0,-1,-1,-1
53,98,1118,313,146,124,1.0,-1,-1,-1
54,99,882,440,480,566,1.0,-1,-1,-1
54,97,675,444,264,230,1.0,-1,-1,-1
54,98,1116,314,146,125,1.0,-1,-1,-1
55,99,902,435,461,548,1.0,-1,-1,-1
55,97,669,445,269,233,1.0,-1,-1,-1
55,98,1115,315,147,125,1.0,-1,-1,-1
56,99,917,428,445,537,1.0,-1,-1,-1
56,97,660,447,275,238,1.0,-1,-1,-1
56,98,1113,315,147,125,1.0,-1,-1,-1
57,99,930,421,433,527,1.0,-1,-1,-1
57,97,650,451,283,238,1.0,-1,-1,-1
57,98,1112,316,147,125,1.0,-1,-1,-1
58,99,931,375,432,576,1.0,-1,-1,-1
58,97,637,452,291,240,1.0,-1,-1,-1
59,99,943,377,426,552,1.0,-1,-1,-1
59,97,626,453,296,241,1.0,-1,-1,-1
60,99,955,377,418,527,1.0,-1,-1,-1
60,97,614,455,298,242,1.0,-1,-1,-1
61,99,980,389,419,483,1.0,-1,-1,-1
61,97,601,457,305,240,1.0,-1,-1,-1
62,99,988,386,406,479,1.0,-1,-1,-1
62,97,574,455,316,247,1.0,-1,-1,-1
63,99,984,343,416,517,1.0,-1,-1,-1
63,97,564,453,322,250,1.0,-1,-1,-1
64,99,996,341,405,511,1.0,-1,-1,-1
64,97,552,448,325,258,1.0,-1,-1,-1
65,99,1008,342,396,494,1.0,-1,-1,-1
65,97,538,448,330,261,1.0,-1,-1,-1
66,99,1021,342,388,478,1.0,-1,-1,-1
66,97,526,448,327,269,1.0,-1,-1,-1
67,99,1031,346,383,459,1.0,-1,-1,-1
67,97,516,449,326,272,1.0,-1,-1,-1
68,99,1042,343,374,453,1.0,-1,-1,-1
68,97,508,452,328,274,1.0,-1,-1,-1
69,99,1052,342,368,444,1.0,-1,-1,-1
69,97,481,462,349,265,1.0,-1,-1,-1
70,99,1062,340,360,435,1.0,-1,-1,-1
70,97,470,461,352,273,1.0,-1,-1,-1
71,99,1069,343,357,423,1.0,-1,-1,-1
71,97,455,459,353,283,1.0,-1,-1,-1
72,99,1075,305,348,447,1.0,-1,-1,-1
72,97,436,458,357,290,1.0,-1,-1,-1
73,99,1080,348,363,396,1.0,-1,-1,-1
73,97,425,459,356,292,1.0,-1,-1,-1
74,99,1092,321,343,418,1.0,-1,-1,-1
74,97,399,455,361,301,1.0,-1,-1,-1
75,99,1102,324,338,408,1.0,-1,-1,-1
75,97,390,448,359,319,1.0,-1,-1,-1
76,99,1108,327,338,399,1.0,-1,-1,-1
76,97,377,459,358,321,1.0,-1,-1,-1
77,99,1117,330,336,389,1.0,-1,-1,-1
77,97,357,464,367,319,1.0,-1,-1,-1
78,99,1123,332,334,381,1.0,-1,-1,-1
78,97,340,468,379,318,1.0,-1,-1,-1
79,99,1132,332,328,373,1.0,-1,-1,-1
79,97,315,477,370,314,1.0,-1,-1,-1
80,99,1137,332,327,368,1.0,-1,-1,-1
80,97,301,483,368,315,1.0,-1,-1,-1
81,99,1143,330,323,365,1.0,-1,-1,-1
81,97,280,489,375,317,1.0,-1,-1,-1
82,99,1148,333,315,361,1.0,-1,-1,-1
82,97,264,493,382,318,1.0,-1,-1,-1
83,99,1156,331,310,359,1.0,-1,-1,-1
83,97,236,500,380,326,1.0,-1,-1,-1
84,99,1162,330,307,355,1.0,-1,-1,-1
84,97,218,507,384,326,1.0,-1,-1,-1
85,99,1165,328,307,352,1.0,-1,-1,-1
85,97,171,485,442,360,1.0,-1,-1,-1
86,100,1048,381,159,134,1.0,-1,-1,-1
86,99,1169,326,304,349,1.0,-1,-1,-1
86,97,147,493,450,362,1.0,-1,-1,-1
87,100,1052,380,163,135,1.0,-1,-1,-1
87,99,1192,322,284,352,1.0,-1,-1,-1
87,97,126,502,452,366,1.0,-1,-1,-1
88,100,1054,380,166,134,1.0,-1,-1,-1
88,99,1199,320,274,351,1.0,-1,-1,-1
88,97,104,512,452,372,1.0,-1,-1,-1
89,100,1068,388,164,127,1.0,-1,-1,-1
89,99,1206,320,268,346,1.0,-1,-1,-1
89,97,90,520,446,381,1.0,-1,-1,-1
90,100,1073,391,162,125,1.0,-1,-1,-1
90,99,1212,321,265,342,1.0,-1,-1,-1
90,97,61,540,438,377,1.0,-1,-1,-1
91,100,1078,394,161,124,1.0,-1,-1,-1
91,99,1218,319,264,340,1.0,-1,-1,-1
91,97,42,549,440,380,1.0,-1,-1,-1
92,100,1082,395,162,122,1.0,-1,-1,-1
92,99,1224,318,264,340,1.0,-1,-1,-1
92,97,10,552,452,388,1.0,-1,-1,-1
93,100,1086,397,163,121,1.0,-1,-1,-1
93,99,1228,317,265,341,1.0,-1,-1,-1
93,97,0,581,468,383,1.0,-1,-1,-1
94,100,1090,395,165,122,1.0,-1,-1,-1
94,99,1232,316,266,339,1.0,-1,-1,-1
95,100,1094,390,164,125,1.0,-1,-1,-1
95,99,1236,316,267,337,1.0,-1,-1,-1
96,100,1096,387,163,129,1.0,-1,-1,-1
96,99,1241,316,263,333,1.0,-1,-1,-1
97,100,1101,383,166,134,1.0,-1,-1,-1
97,99,1245,318,261,330,1.0,-1,-1,-1
98,100,1102,382,165,135,1.0,-1,-1,-1
98,99,1251,318,256,327,1.0,-1,-1,-1
99,100,1104,383,165,137,1.0,-1,-1,-1
99,99,1256,319,252,324,1.0,-1,-1,-1
100,100,1105,382,166,139,1.0,-1,-1,-1
100,99,1259,321,256,315,1.0,-1,-1,-1
101,100,1110,382,163,141,1.0,-1,-1,-1
101,99,1263,324,253,310,1.0,-1,-1,-1
102,100,1113,381,160,142,1.0,-1,-1,-1
102,99,1266,328,249,303,1.0,-1,-1,-1
103,100,1117,381,157,144,1.0,-1,-1,-1
103,99,1270,332,245,297,1.0,-1,-1,-1
103,98,995,345,183,125,1.0,-1,-1,-1
104,100,1118,382,156,144,1.0,-1,-1,-1
104,99,1272,335,242,292,1.0,-1,-1,-1
104,98,991,346,184,125,1.0,-1,-1,-1
105,100,1120,383,156,142,1.0,-1,-1,-1
105,99,1275,336,238,289,1.0,-1,-1,-1
105,98,988,347,185,125,1.0,-1,-1,-1
106,100,1119,383,157,142,1.0,-1,-1,-1
106,99,1279,337,233,285,1.0,-1,-1,-1
106,98,984,347,186,125,1.0,-1,-1,-1
107,100,1118,383,158,144,1.0,-1,-1,-1
107,99,1285,335,224,285,1.0,-1,-1,-1
107,98,981,348,188,125,1.0,-1,-1,-1
108,100,1118,381,158,147,1.0,-1,-1,-1
108,99,1289,335,216,283,1.0,-1,-1,-1
108,98,977,349,189,125,1.0,-1,-1,-1
109,100,1118,380,157,150,1.0,-1,-1,-1
109,99,1294,335,207,280,1.0,-1,-1,-1
109,98,974,349,190,125,1.0,-1,-1,-1
110,100,1117,380,156,151,1.0,-1,-1,-1
110,99,1300,333,212,286,1.0,-1,-1,-1
110,98,970,350,191,125,1.0,-1,-1,-1
111,100,1115,381,158,150,1.0,-1,-1,-1
111,99,1301,335,212,281,1.0,-1,-1,-1
111,98,967,351,193,125,1.0,-1,-1,-1
112,100,1114,382,160,149,1.0,-1,-1,-1
112,99,1301,336,211,277,1.0,-1,-1,-1
112,98,966,350,192,126,1.0,-1,-1,-1
113,100,1113,383,164,148,1.0,-1,-1,-1
113,99,1301,339,212,272,1.0,-1,-1,-1
113,98,965,349,192,127,1.0,-1,-1,-1
114,100,1113,384,166,147,1.0,-1,-1,-1
114,99,1302,340,210,269,1.0,-1,-1,-1
114,98,964,348,192,128,1.0,-1,-1,-1
115,100,1112,385,166,146,1.0,-1,-1,-1
115,99,1304,341,209,265,1.0,-1,-1,-1
115,98,964,348,192,130,1.0,-1,-1,-1
116,100,1111,385,166,147,1.0,-1,-1,-1
116,99,1304,341,209,264,1.0,-1,-1,-1
116,98,963,347,192,131,1.0,-1,-1,-1
117,100,1110,385,164,147,1.0,-1,-1,-1
117,99,1305,343,210,260,1.0,-1,-1,-1
117,98,962,346,191,132,1.0,-1,-1,-1
118,100,1109,386,163,146,1.0,-1,-1,-1
118,99,1305,344,210,258,1.0,-1,-1,-1
118,98,962,346,191,134,1.0,-1,-1,-1
119,100,1109,387,163,143,1.0,-1,-1,-1
119,99,1305,333,211,252,1.0,-1,-1,-1
119,98,961,345,191,135,1.0,-1,-1,-1
120,100,1108,387,165,142,1.0,-1,-1,-1
120,99,1305,335,212,249,1.0,-1,-1,-1
120,98,960,344,191,136,1.0,-1,-1,-1
121,100,1106,386,168,141,1.0,-1,-1,-1
121,99,1307,336,211,247,1.0,-1,-1,-1
121,101,895,703,456,375,1.0,-1,-1,-1
121,98,960,344,191,138,1.0,-1,-1,-1
122,100,1103,385,171,142,1.0,-1,-1,-1
122,99,1312,335,206,248,1.0,-1,-1,-1
122,101,904,690,450,388,1.0,-1,-1,-1
122,98,960,344,191,138,1.0,-1,-1,-1
123,100,1067,385,205,146,1.0,-1,-1,-1
123,99,1321,333,201,249,1.0,-1,-1,-1
123,101,916,675,436,403,1.0,-1,-1,-1
124,100,1069,385,204,148,1.0,-1,-1,-1
124,99,1328,333,196,247,1.0,-1,-1,-1
124,101,930,653,420,415,1.0,-1,-1,-1
125,100,1073,383,200,153,1.0,-1,-1,-1
125,99,1332,334,195,245,1.0,-1,-1,-1
125,101,942,629,412,416,1.0,-1,-1,-1
126,100,1075,379,196,161,1.0,-1,-1,-1
126,99,1336,332,193,245,1.0,-1,-1,-1
126,101,948,611,412,411,1.0,-1,-1,-1
127,100,1079,377,186,164,1.0,-1,-1,-1
127,99,1339,331,191,246,1.0,-1,-1,-1
127,101,953,598,413,400,1.0,-1,-1,-1
128,100,1079,377,181,163,1.0,-1,-1,-1
128,99,1341,330,189,246,1.0,-1,-1,-1
128,101,959,592,410,388,1.0,-1,-1,-1
129,100,1082,390,177,163,1.0,-1,-1,-1
129,99,1342,330,189,244,1.0,-1,-1,-1
129,101,969,600,400,355,1.0,-1,-1,-1
129,98,960,344,191,138,1.0,-1,-1,-1
130,100,1079,390,180,165,1.0,-1,-1,-1
130,99,1344,332,187,242,1.0,-1,-1,-1
130,101,954,553,424,376,1.0,-1,-1,-1
131,100,1073,393,185,163,1.0,-1,-1,-1
131,99,1346,332,186,241,1.0,-1,-1,-1
131,101,997,552,386,369,1.0,-1,-1,-1
132,100,1069,394,187,162,1.0,-1,-1,-1
132,99,1348,331,184,240,1.0,-1,-1,-1
132,101,999,558,382,346,1.0,-1,-1,-1
133,100,1066,395,188,161,1.0,-1,-1,-1
133,99,1349,330,182,241,1.0,-1,-1,-1
133,101,1003,542,381,353,1.0,-1,-1,-1
134,100,1063,394,187,166,1.0,-1,-1,-1
134,99,1350,330,181,240,1.0,-1,-1,-1
134,101,1013,530,375,352,1.0,-1,-1,-1
135,100,1060,394,189,168,1.0,-1,-1,-1
135,99,1350,333,181,237,1.0,-1,-1,-1
135,101,1024,526,367,344,1.0,-1,-1,-1
136,100,1056,393,191,171,1.0,-1,-1,-1
136,99,1348,334,182,234,1.0,-1,-1,-1
136,101,1033,517,363,326,1.0,-1,-1,-1
137,100,1054,392,193,170,1.0,-1,-1,-1
137,99,1348,335,181,233,1.0,-1,-1,-1
137,101,1044,514,352,325,1.0,-1,-1,-1
138,100,1052,392,196,170,1.0,-1,-1,-1
138,99,1350,337,179,231,1.0,-1,-1,-1
138,101,1056,511,344,322,1.0,-1,-1,-1
139,100,1034,397,202,165,1.0,-1,-1,-1
139,99,1353,338,175,229,1.0,-1,-1,-1
139,101,1065,504,340,319,1.0,-1,-1,-1
140,99,1354,338,175,228,1.0,-1,-1,-1
140,101,1071,496,340,316,1.0,-1,-1,-1
141,99,1354,335,176,230,1.0,-1,-1,-1
141,101,1072,491,345,308,1.0,-1,-1,-1
142,99,1353,331,177,232,1.0,-1,-1,-1
142,101,1074,485,348,304,1.0,-1,-1,-1
143,99,1353,326,178,236,1.0,-1,-1,-1
143,101,1077,481,346,295,1.0,-1,-1,-1
144,99,1352,326,177,234,1.0,-1,-1,-1
144,101,1094,472,336,303,1.0,-1,-1,-1
145,99,1351,326,177,233,1.0,-1,-1,-1
145,101,1100,474,332,294,1.0,-1,-1,-1
146,99,1351,327,177,232,1.0,-1,-1,-1
146,101,1109,475,327,289,1.0,-1,-1,-1
147,99,1350,327,176,231,1.0,-1,-1,-1
147,101,1109,466,336,283,1.0,-1,-1,-1
148,101,1121,465,331,276,1.0,-1,-1,-1
149,100,981,400,219,175,1.0,-1,-1,-1
149,101,1132,463,326,268,1.0,-1,-1,-1
150,100,978,401,218,176,1.0,-1,-1,-1
150,101,1143,460,317,262,1.0,-1,-1,-1
151,100,975,402,217,176,1.0,-1,-1,-1
151,101,1152,455,309,261,1.0,-1,-1,-1
152,100,972,402,216,176,1.0,-1,-1,-1
152,101,1159,452,307,259,1.0,-1,-1,-1
153,100,972,402,211,179,1.0,-1,-1,-1
153,101,1168,450,300,256,1.0,-1,-1,-1
154,100,947,405,230,179,1.0,-1,-1,-1
154,101,1176,450,293,250,1.0,-1,-1,-1
155,100,945,405,227,180,1.0,-1,-1,-1
155,101,1185,449,282,247,1.0,-1,-1,-1
156,100,939,405,231,179,1.0,-1,-1,-1
156,101,1195,444,280,252,1.0,-1,-1,-1
157,100,930,411,240,192,1.0,-1,-1,-1
157,101,1199,443,277,249,1.0,-1,-1,-1
158,100,924,412,243,192,1.0,-1,-1,-1
158,101,1207,442,271,247,1.0,-1,-1,-1
159,100,918,411,246,195,1.0,-1,-1,-1
159,101,1214,441,266,244,1.0,-1,-1,-1
160,100,918,411,240,198,1.0,-1,-1,-1
160,101,1220,439,266,243,1.0,-1,-1,-1
161,100,907,411,241,197,1.0,-1,-1,-1
161,101,1223,442,268,237,1.0,-1,-1,-1
162,100,906,408,239,204,1.0,-1,-1,-1
162,101,1226,443,271,233,1.0,-1,-1,-1
163,100,904,408,238,204,1.0,-1,-1,-1
163,101,1230,445,268,227,1.0,-1,-1,-1
164,100,900,408,238,205,1.0,-1,-1,-1
164,101,1236,442,265,228,1.0,-1,-1,-1
164,102,1089,409,168,130,1.0,-1,-1,-1
165,100,892,407,238,207,1.0,-1,-1,-1
165,101,1242,439,260,228,1.0,-1,-1,-1
165,102,1091,408,166,132,1.0,-1,-1,-1
166,100,869,407,250,209,1.0,-1,-1,-1
166,101,1247,435,258,229,1.0,-1,-1,-1
166,102,1092,407,165,133,1.0,-1,-1,-1
167,100,863,408,249,211,1.0,-1,-1,-1
167,101,1252,435,255,226,1.0,-1,-1,-1
167,102,1097,406,161,135,1.0,-1,-1,-1
168,100,851,411,255,210,1.0,-1,-1,-1
168,101,1257,436,253,223,1.0,-1,-1,-1
168,102,1100,405,157,138,1.0,-1,-1,-1
169,100,845,412,257,214,1.0,-1,-1,-1
169,101,1261,437,251,219,1.0,-1,-1,-1
169,102,1102,405,154,139,1.0,-1,-1,-1
170,100,836,413,266,213,1.0,-1,-1,-1
170,101,1266,437,248,217,1.0,-1,-1,-1
170,102,1103,405,152,141,1.0,-1,-1,-1
171,100,830,410,273,215,1.0,-1,-1,-1
171,101,1272,437,243,216,1.0,-1,-1,-1
171,102,1103,406,153,141,1.0,-1,-1,-1
172,100,803,414,291,212,1.0,-1,-1,-1
172,101,1276,436,239,216,1.0,-1,-1,-1
172,102,1102,406,154,141,1.0,-1,-1,-1
173,100,805,411,281,220,1.0,-1,-1,-1
173,101,1278,437,238,213,1.0,-1,-1,-1
173,102,1100,408,156,140,1.0,-1,-1,-1
174,100,805,411,270,224,1.0,-1,-1,-1
174,101,1278,437,239,212,1.0,-1,-1,-1
174,102,1098,410,159,138,1.0,-1,-1,-1
175,100,801,411,263,226,1.0,-1,-1,-1
175,101,1279,439,238,209,1.0,-1,-1,-1
175,102,1095,411,163,138,1.0,-1,-1,-1
176,100,793,413,262,226,1.0,-1,-1,-1
176,101,1276,422,242,216,1.0,-1,-1,-1
176,102,1093,412,165,138,1.0,-1,-1,-1
177,100,783,414,263,227,1.0,-1,-1,-1
177,101,1297,419,221,220,1.0,-1,-1,-1
177,102,1090,412,167,139,1.0,-1,-1,-1
178,100,772,415,267,230,1.0,-1,-1,-1
178,101,1298,419,220,219,1.0,-1,-1,-1
178,102,1088,412,168,140,1.0,-1,-1,-1
179,100,760,414,277,230,1.0,-1,-1,-1
179,101,1301,417,217,219,1.0,-1,-1,-1
179,102,1084,412,171,141,1.0,-1,-1,-1
180,100,734,413,283,236,1.0,-1,-1,-1
180,101,1302,415,217,220,1.0,-1,-1,-1
180,102,1082,413,172,140,1.0,-1,-1,-1
181,100,723,412,285,240,1.0,-1,-1,-1
181,101,1303,412,217,222,1.0,-1,-1,-1
181,102,1080,415,173,139,1.0,-1,-1,-1
182,100,710,411,287,244,1.0,-1,-1,-1
182,101,1303,410,220,222,1.0,-1,-1,-1
182,102,1078,415,175,140,1.0,-1,-1,-1
183,100,693,410,294,246,1.0,-1,-1,-1
183,101,1299,424,242,202,1.0,-1,-1,-1
183,102,1075,416,177,141,1.0,-1,-1,-1
183,98,928,363,165,139,1.0,-1,-1,-1
184,100,680,411,298,246,1.0,-1,-1,-1
184,101,1302,423,239,201,1.0,-1,-1,-1
184,102,1073,417,178,143,1.0,-1,-1,-1
184,98,928,363,164,139,1.0,-1,-1,-1
185,100,673,415,298,261,1.0,-1,-1,-1
185,101,1307,422,231,202,1.0,-1,-1,-1
185,102,1071,419,178,142,1.0,-1,-1,-1
185,98,928,364,164,139,1.0,-1,-1,-1
186,100,645,415,311,263,1.0,-1,-1,-1
186,101,1312,422,223,199,1.0,-1,-1,-1
186,102,1068,419,179,143,1.0,-1,-1,-1
186,98,929,365,164,140,1.0,-1,-1,-1
187,100,637,413,305,270,1.0,-1,-1,-1
187,101,1318,422,216,199,1.0,-1,-1,-1
187,102,1065,420,180,143,1.0,-1,-1,-1
187,98,929,365,163,140,1.0,-1,-1,-1
188,100,621,410,307,278,1.0,-1,-1,-1
188,101,1320,420,216,201,1.0,-1,-1,-1
188,102,1063,419,181,146,1.0,-1,-1,-1
188,98,929,366,163,140,1.0,-1,-1,-1
189,100,606,410,309,282,1.0,-1,-1,-1
189,101,1325,417,213,204,1.0,-1,-1,-1
189,102,1061,419,183,146,1.0,-1,-1,-1
189,98,930,367,163,141,1.0,-1,-1,-1
190,100,591,412,315,283,1.0,-1,-1,-1
190,101,1327,415,212,205,1.0,-1,-1,-1
190,102,1054,422,173,151,1.0,-1,-1,-1
190,98,935,367,163,140,1.0,-1,-1,-1
191,100,559,413,325,283,1.0,-1,-1,-1
191,101,1333,415,204,201,1.0,-1,-1,-1
191,102,1055,438,169,139,1.0,-1,-1,-1
191,98,940,368,163,139,1.0,-1,-1,-1
192,100,543,413,328,291,1.0,-1,-1,-1
192,101,1335,415,202,199,1.0,-1,-1,-1
192,102,1050,438,172,139,1.0,-1,-1,-1
192,98,945,368,163,139,1.0,-1,-1,-1
193,100,527,415,329,295,1.0,-1,-1,-1
193,101,1336,415,201,196,1.0,-1,-1,-1
193,102,1045,436,174,142,1.0,-1,-1,-1
193,98,950,369,163,138,1.0,-1,-1,-1
194,100,510,419,337,298,1.0,-1,-1,-1
194,101,1335,415,202,195,1.0,-1,-1,-1
194,102,1041,437,174,142,1.0,-1,-1,-1
194,98,955,370,163,138,1.0,-1,-1,-1
195,100,476,431,352,290,1.0,-1,-1,-1
195,101,1335,417,203,191,1.0,-1,-1,-1
195,102,1040,437,174,142,1.0,-1,-1,-1
196,100,463,432,354,295,1.0,-1,-1,-1
196,101,1344,416,199,190,1.0,-1,-1,-1
196,102,1038,438,173,141,1.0,-1,-1,-1
197,100,442,434,360,301,1.0,-1,-1,-1
197,101,1345,418,197,186,1.0,-1,-1,-1
197,102,1033,438,174,142,1.0,-1,-1,-1
198,100,426,432,367,310,1.0,-1,-1,-1
198,101,1346,419,196,183,1.0,-1,-1,-1
198,102,1028,437,175,145,1.0,-1,-1,-1
199,100,389,436,373,312,1.0,-1,-1,-1
199,101,1348,420,195,180,1.0,-1,-1,-1
199,102,1025,436,174,148,1.0,-1,-1,-1
200,100,379,438,366,318,1.0,-1,-1,-1
200,101,1348,421,194,176,1.0,-1,-1,-1
200,102,1022,438,176,148,1.0,-1,-1,-1
201,100,359,441,368,321,1.0,-1,-1,-1
201,101,1349,421,194,173,1.0,-1,-1,-1
201,102,1012,439,185,150,1.0,-1,-1,-1
202,100,312,418,414,358,1.0,-1,-1,-1
202,101,1350,421,193,173,1.0,-1,-1,-1
202,102,1008,440,188,150,1.0,-1,-1,-1
203,100,288,442,401,353,1.0,-1,-1,-1
203,101,1351,420,191,174,1.0,-1,-1,-1
203,102,1004,441,189,150,1.0,-1,-1,-1
204,100,262,443,419,359,1.0,-1,-1,-1
204,101,1354,419,188,175,1.0,-1,-1,-1
204,102,999,440,191,152,1.0,-1,-1,-1
205,100,233,445,446,369,1.0,-1,-1,-1
205,101,1357,410,193,173,1.0,-1,-1,-1
205,102,994,441,191,154,1.0,-1,-1,-1
206,100,215,462,401,353,1.0,-1,-1,-1
206,101,1359,408,191,176,1.0,-1,-1,-1
206,102,991,442,189,156,1.0,-1,-1,-1
207,100,180,456,430,377,1.0,-1,-1,-1
207,101,1362,407,188,176,1.0,-1,-1,-1
207,102,986,444,188,157,1.0,-1,-1,-1
208,100,145,465,444,376,1.0,-1,-1,-1
208,99,1263,325,169,180,1.0,-1,-1,-1
208,101,1364,405,185,178,1.0,-1,-1,-1
208,102,983,442,186,161,1.0,-1,-1,-1
209,100,118,471,447,383,1.0,-1,-1,-1
209,99,1253,324,176,181,1.0,-1,-1,-1
209,101,1366,404,183,178,1.0,-1,-1,-1
209,102,981,440,186,166,1.0,-1,-1,-1
210,100,92,476,454,394,1.0,-1,-1,-1
210,99,1233,324,177,180,1.0,-1,-1,-1
210,101,1367,404,182,178,1.0,-1,-1,-1
210,102,972,443,188,168,1.0,-1,-1,-1
211,100,71,482,471,406,1.0,-1,-1,-1
211,99,1226,323,180,177,1.0,-1,-1,-1
211,101,1368,404,181,177,1.0,-1,-1,-1
211,103,869,754,485,324,1.0,-1,-1,-1
211,102,965,443,193,170,1.0,-1,-1,-1
212,100,37,500,450,417,1.0,-1,-1,-1
212,99,1217,323,181,175,1.0,-1,-1,-1
212,101,1369,404,180,175,1.0,-1,-1,-1
212,103,892,745,466,333,1.0,-1,-1,-1
212,102,958,445,197,170,1.0,-1,-1,-1
213,100,12,511,448,423,1.0,-1,-1,-1
213,99,1213,322,179,177,1.0,-1,-1,-1
213,101,1370,405,177,174,1.0,-1,-1,-1
213,103,927,706,429,370,1.0,-1,-1,-1
213,102,950,446,200,171,1.0,-1,-1,-1
213,104,1094,414,161,130,1.0,-1,-1,-1
214,99,1191,323,186,176,1.0,-1,-1,-1
214,101,1370,406,176,171,1.0,-1,-1,-1
214,103,944,690,412,373,1.0,-1,-1,-1
214,102,944,445,200,175,1.0,-1,-1,-1
214,104,1094,414,163,132,1.0,-1,-1,-1
215,101,1372,408,172,165,1.0,-1,-1,-1
215,103,948,693,406,330,1.0,-1,-1,-1
215,102,940,444,198,178,1.0,-1,-1,-1
215,104,1093,414,166,133,1.0,-1,-1,-1
216,101,1373,410,171,161,1.0,-1,-1,-1
216,103,960,633,404,387,1.0,-1,-1,-1
216,102,923,447,211,175,1.0,-1,-1,-1
216,104,1092,413,167,134,1.0,-1,-1,-1
217,101,1374,412,171,158,1.0,-1,-1,-1
217,103,975,649,397,328,1.0,-1,-1,-1
217,102,920,447,210,175,1.0,-1,-1,-1
217,104,1093,412,166,134,1.0,-1,-1,-1
218,101,1375,411,172,157,1.0,-1,-1,-1
218,103,985,636,411,326,1.0,-1,-1,-1
218,102,915,455,213,175,1.0,-1,-1,-1
218,104,1094,410,165,135,1.0,-1,-1,-1
219,101,1377,410,170,156,1.0,-1,-1,-1
219,103,996,623,399,321,1.0,-1,-1,-1
219,102,908,455,213,177,1.0,-1,-1,-1
219,104,1094,407,165,137,1.0,-1,-1,-1
220,101,1378,408,169,156,1.0,-1,-1,-1
220,103,1010,619,389,308,1.0,-1,-1,-1
220,102,901,454,213,180,1.0,-1,-1,-1
220,104,1093,405,165,139,1.0,-1,-1,-1
221,101,1379,406,168,156,1.0,-1,-1,-1
221,103,1026,595,383,304,1.0,-1,-1,-1
221,102,896,454,213,183,1.0,-1,-1,-1
221,104,1093,403,164,141,1.0,-1,-1,-1
222,101,1379,406,169,154,1.0,-1,-1,-1
222,103,1038,588,377,296,1.0,-1,-1,-1
222,102,883,460,214,175,1.0,-1,-1,-1
222,104,1094,401,163,145,1.0,-1,-1,-1
223,101,1380,406,168,153,1.0,-1,-1,-1
223,103,1048,577,373,291,1.0,-1,-1,-1
223,102,875,460,219,176,1.0,-1,-1,-1
223,104,1093,401,166,146,1.0,-1,-1,-1
224,101,1381,405,168,152,1.0,-1,-1,-1
224,103,1054,567,374,287,1.0,-1,-1,-1
224,102,866,460,222,177,1.0,-1,-1,-1
224,104,1094,401,165,147,1.0,-1,-1,-1
225,101,1382,404,168,153,1.0,-1,-1,-1
225,103,1059,564,376,278,1.0,-1,-1,-1
225,102,856,460,227,180,1.0,-1,-1,-1
225,104,1095,401,165,148,1.0,-1,-1,-1
226,101,1381,404,168,152,1.0,-1,-1,-1
226,103,1079,555,374,283,1.0,-1,-1,-1
226,102,850,458,229,185,1.0,-1,-1,-1
226,104,1096,400,165,152,1.0,-1,-1,-1
227,99,903,333,251,160,1.0,-1,-1,-1
227,101,1381,405,169,150,1.0,-1,-1,-1
227,103,1091,557,359,273,1.0,-1,-1,-1
227,102,836,462,230,184,1.0,-1,-1,-1
227,104,1095,399,167,155,1.0,-1,-1,-1
228,99,881,334,257,159,1.0,-1,-1,-1
228,101,1382,406,167,147,1.0,-1,-1,-1
228,103,1099,536,357,277,1.0,-1,-1,-1
228,102,826,464,235,184,1.0,-1,-1,-1
228,104,1093,402,171,155,1.0,-1,-1,-1
229,99,854,335,257,161,1.0,-1,-1,-1
229,101,1384,407,163,145,1.0,-1,-1,-1
229,103,1113,536,348,263,1.0,-1,-1,-1
229,102,818,465,236,186,1.0,-1,-1,-1
229,104,1090,407,174,153,1.0,-1,-1,-1
230,99,827,336,257,163,1.0,-1,-1,-1
230,101,1386,407,161,144,1.0,-1,-1,-1
230,103,1124,531,342,256,1.0,-1,-1,-1
230,102,798,460,260,198,1.0,-1,-1,-1
230,104,1088,412,177,149,1.0,-1,-1,-1
231,99,800,337,257,166,1.0,-1,-1,-1
231,101,1384,408,162,142,1.0,-1,-1,-1
231,103,1133,523,336,254,1.0,-1,-1,-1
231,102,793,464,239,195,1.0,-1,-1,-1
231,104,1086,414,178,148,1.0,-1,-1,-1
232,99,773,338,257,168,1.0,-1,-1,-1
232,101,1382,407,164,141,1.0,-1,-1,-1
232,103,1141,517,332,252,1.0,-1,-1,-1
232,102,782,464,246,196,1.0,-1,-1,-1
232,104,1084,415,181,148,1.0,-1,-1,-1
233,99,746,339,257,171,1.0,-1,-1,-1
233,101,1382,407,164,141,1.0,-1,-1,-1
233,103,1147,515,332,244,1.0,-1,-1,-1
233,102,776,457,243,209,1.0,-1,-1,-1
233,104,1081,416,183,150,1.0,-1,-1,-1
234,99,719,340,257,173,1.0,-1,-1,-1
234,101,1382,406,162,141,1.0,-1,-1,-1
234,103,1153,512,332,238,1.0,-1,-1,-1
234,102,770,457,244,212,1.0,-1,-1,-1
234,104,1080,417,185,153,1.0,-1,-1,-1
235,99,692,342,258,176,1.0,-1,-1,-1
235,101,1382,406,161,140,1.0,-1,-1,-1
235,103,1158,510,331,232,1.0,-1,-1,-1
235,102,750,462,255,209,1.0,-1,-1,-1
235,104,1078,417,185,153,1.0,-1,-1,-1
236,101,1380,407,163,138,1.0,-1,-1,-1
236,103,1181,503,311,239,1.0,-1,-1,-1
236,102,738,463,262,210,1.0,-1,-1,-1
236,104,1077,417,185,155,1.0,-1,-1,-1
237,101,1379,406,163,137,1.0,-1,-1,-1
237,103,1188,499,305,239,1.0,-1,-1,-1
237,102,726,465,264,211,1.0,-1,-1,-1
237,104,1074,418,189,155,1.0,-1,-1,-1
238,101,1380,407,163,134,1.0,-1,-1,-1
238,103,1193,486,304,243,1.0,-1,-1,-1
238,102,714,468,264,212,1.0,-1,-1,-1
238,104,1073,418,188,156,1.0,-1,-1,-1
239,101,1380,406,163,134,1.0,-1,-1,-1
239,103,1199,486,303,237,1.0,-1,-1,-1
239,102,698,473,269,211,1.0,-1,-1,-1
239,104,1071,419,190,156,1.0,-1,-1,-1
240,103,1206,485,300,231,1.0,-1,-1,-1
240,102,685,476,274,208,1.0,-1,-1,-1
240,104,1066,434,186,147,1.0,-1,-1,-1
241,103,1212,484,297,225,1.0,-1,-1,-1
241,102,662,488,276,205,1.0,-1,-1,-1
241,104,1062,433,190,149,1.0,-1,-1,-1
242,103,1220,483,293,222,1.0,-1,-1,-1
242,102,651,487,273,212,1.0,-1,-1,-1
242,104,1060,432,190,151,1.0,-1,-1,-1
243,103,1230,481,289,218,1.0,-1,-1,-1
243,102,636,487,272,217,1.0,-1,-1,-1
243,104,1057,430,191,155,1.0,-1,-1,-1
244,103,1239,482,286,213,1.0,-1,-1,-1
244,102,620,489,275,220,1.0,-1,-1,-1
244,104,1056,428,191,159,1.0,-1,-1,-1
245,103,1245,480,285,210,1.0,-1,-1,-1
245,102,610,493,275,216,1.0,-1,-1,-1
245,104,1054,426,192,162,1.0,-1,-1,-1
246,103,1249,481,283,206,1.0,-1,-1,-1
246,102,575,495,295,218,1.0,-1,-1,-1
246,104,1052,426,193,162,1.0,-1,-1,-1
247,103,1255,479,278,205,1.0,-1,-1,-1
247,102,560,493,295,225,1.0,-1,-1,-1
247,104,1040,432,199,157,1.0,-1,-1,-1
248,103,1259,479,275,200,1.0,-1,-1,-1
248,102,539,490,302,236,1.0,-1,-1,-1
248,104,1038,434,200,154,1.0,-1,-1,-1
249,103,1273,473,269,204,1.0,-1,-1,-1
249,102,520,502,317,232,1.0,-1,-1,-1
249,104,1034,435,200,153,1.0,-1,-1,-1
250,103,1274,472,269,200,1.0,-1,-1,-1
250,102,486,502,335,237,1.0,-1,-1,-1
250,104,1027,436,203,152,1.0,-1,-1,-1
251,103,1278,468,265,201,1.0,-1,-1,-1
251,102,473,505,331,239,1.0,-1,-1,-1
251,104,1022,436,204,154,1.0,-1,-1,-1
252,103,1278,467,267,199,1.0,-1,-1,-1
252,102,455,508,327,243,1.0,-1,-1,-1
252,104,1017,436,203,156,1.0,-1,-1,-1
253,103,1280,465,268,198,1.0,-1,-1,-1
253,102,441,514,323,244,1.0,-1,-1,-1
253,104,1014,434,200,160,1.0,-1,-1,-1
254,103,1284,465,267,196,1.0,-1,-1,-1
254,102,410,519,328,249,1.0,-1,-1,-1
254,104,1013,434,198,163,1.0,-1,-1,-1
255,103,1293,473,258,180,1.0,-1,-1,-1
255,102,390,522,334,254,1.0,-1,-1,-1
255,104,1001,435,202,165,1.0,-1,-1,-1
256,103,1300,472,251,181,1.0,-1,-1,-1
256,102,370,524,338,261,1.0,-1,-1,-1
256,104,997,435,203,167,1.0,-1,-1,-1
257,103,1306,470,246,181,1.0,-1,-1,-1
257,102,327,537,349,259,1.0,-1,-1,-1
257,104,992,435,204,170,1.0,-1,-1,-1
258,103,1311,468,242,181,1.0,-1,-1,-1
258,102,304,537,357,269,1.0,-1,-1,-1
258,104,986,435,205,173,1.0,-1,-1,-1
259,103,1309,459,259,191,1.0,-1,-1,-1
259,102,266,543,378,286,1.0,-1,-1,-1
259,104,968,431,225,180,1.0,-1,-1,-1
