65,0,1562,686,356,314,1.0,-1,-1,-1
66,0,1555,675,363,305,1.0,-1,-1,-1
67,0,1545,673,373,297,1.0,-1,-1,-1
68,0,1535,666,372,292,1.0,-1,-1,-1
69,0,1498,661,382,277,1.0,-1,-1,-1
70,0,1492,651,375,276,1.0,-1,-1,-1
71,0,1483,641,363,275,1.0,-1,-1,-1
72,0,1473,634,358,273,1.0,-1,-1,-1
73,0,1460,619,356,268,1.0,-1,-1,-1
74,0,1442,621,345,250,1.0,-1,-1,-1
75,0,1434,611,343,252,1.0,-1,-1,-1
76,0,1423,599,340,254,1.0,-1,-1,-1
77,0,1411,592,334,252,1.0,-1,-1,-1
78,0,1402,586,329,250,1.0,-1,-1,-1
79,0,1381,581,327,238,1.0,-1,-1,-1
80,0,1379,574,318,240,1.0,-1,-1,-1
81,0,1374,558,306,240,1.0,-1,-1,-1
82,0,1366,554,297,236,1.0,-1,-1,-1
83,0,1354,548,295,231,1.0,-1,-1,-1
84,0,1347,541,290,227,1.0,-1,-1,-1
85,0,1342,534,287,226,1.0,-1,-1,-1
86,0,1328,526,277,217,1.0,-1,-1,-1
87,0,1323,520,273,213,1.0,-1,-1,-1
88,0,1318,516,265,208,1.0,-1,-1,-1
89,0,1308,500,257,214,1.0,-1,-1,-1
90,0,1300,495,257,213,1.0,-1,-1,-1
91,0,1291,489,256,213,1.0,-1,-1,-1
92,0,1285,482,254,213,1.0,-1,-1,-1
93,0,1270,476,253,211,1.0,-1,-1,-1
94,0,1270,469,246,208,1.0,-1,-1,-1
95,0,1268,462,241,205,1.0,-1,-1,-1
96,0,1267,463,229,186,1.0,-1,-1,-1
97,0,1265,453,224,189,1.0,-1,-1,-1
98,0,1252,454,220,177,1.0,-1,-1,-1
99,0,1246,440,223,180,1.0,-1,-1,-1
100,0,1244,433,217,179,1.0,-1,-1,-1
101,0,1240,425,210,179,1.0,-1,-1,-1
102,0,1234,421,210,176,1.0,-1,-1,-1
103,0,1228,404,211,183,1.0,-1,-1,-1
104,1,1447,626,471,433,1.0,-1,-1,-1
104,0,1213,399,206,176,1.0,-1,-1,-1
105,1,1437,615,481,430,1.0,-1,-1,-1
105,0,1206,392,205,174,1.0,-1,-1,-1
106,1,1425,607,478,419,1.0,-1,-1,-1
106,0,1200,387,204,171,1.0,-1,-1,-1
107,1,1408,605,483,407,1.0,-1,-1,-1
107,0,1176,388,215,160,1.0,-1,-1,-1
108,1,1397,602,482,388,1.0,-1,-1,-1
108,0,1170,369,209,169,1.0,-1,-1,-1
109,1,1372,600,468,372,1.0,-1,-1,-1
109,0,1166,362,202,168,1.0,-1,-1,-1
110,1,1368,598,455,358,1.0,-1,-1,-1
110,0,1143,357,206,160,1.0,-1,-1,-1
111,1,1364,568,433,367,1.0,-1,-1,-1
111,0,1136,355,204,156,1.0,-1,-1,-1
112,1,1355,564,427,365,1.0,-1,-1,-1
112,0,1133,340,192,166,1.0,-1,-1,-1
113,1,1337,572,403,329,1.0,-1,-1,-1
113,0,1108,336,200,160,1.0,-1,-1,-1
114,1,1333,566,398,326,1.0,-1,-1,-1
114,0,1101,329,198,159,1.0,-1,-1,-1
115,1,1327,554,387,331,1.0,-1,-1,-1
115,0,1096,324,193,156,1.0,-1,-1,-1
116,1,1323,543,369,332,1.0,-1,-1,-1
116,0,1075,321,197,152,1.0,-1,-1,-1
117,1,1318,535,356,329,1.0,-1,-1,-1
117,0,1070,311,190,155,1.0,-1,-1,-1
118,1,1306,524,360,311,1.0,-1,-1,-1
118,0,1063,307,187,154,1.0,-1,-1,-1
119,1,1309,523,347,304,1.0,-1,-1,-1
119,0,1061,302,182,151,1.0,-1,-1,-1
120,1,1284,515,362,301,1.0,-1,-1,-1
120,0,1038,297,186,145,1.0,-1,-1,-1
121,1,1282,507,352,301,1.0,-1,-1,-1
121,0,1033,293,181,144,1.0,-1,-1,-1
122,1,1274,497,346,302,1.0,-1,-1,-1
122,0,1028,289,176,145,1.0,-1,-1,-1
123,1,1267,487,337,300,1.0,-1,-1,-1
123,0,1011,286,181,145,1.0,-1,-1,-1
124,1,1262,479,326,298,1.0,-1,-1,-1
124,0,1006,276,179,141,1.0,-1,-1,-1
125,1,1262,477,316,289,1.0,-1,-1,-1
125,0,998,271,179,140,1.0,-1,-1,-1
126,1,1256,468,319,279,1.0,-1,-1,-1
126,0,992,265,177,139,1.0,-1,-1,-1
127,1,1258,466,308,273,1.0,-1,-1,-1
127,0,990,261,172,140,1.0,-1,-1,-1
128,1,1244,464,303,256,1.0,-1,-1,-1
128,0,980,255,167,142,1.0,-1,-1,-1
129,1,1248,457,289,254,1.0,-1,-1,-1
129,0,978,252,165,142,1.0,-1,-1,-1
130,1,1247,450,282,254,1.0,-1,-1,-1
130,0,974,246,163,135,1.0,-1,-1,-1
131,1,1245,446,277,254,1.0,-1,-1,-1
131,0,972,243,162,137,1.0,-1,-1,-1
132,1,1236,438,279,253,1.0,-1,-1,-1
132,0,970,238,161,136,1.0,-1,-1,-1
133,1,1231,431,278,250,1.0,-1,-1,-1
133,0,969,234,159,135,1.0,-1,-1,-1
134,1,1226,424,276,249,1.0,-1,-1,-1
134,0,969,228,154,135,1.0,-1,-1,-1
135,1,1220,409,277,247,1.0,-1,-1,-1
135,0,971,223,148,138,1.0,-1,-1,-1
136,1,1218,405,273,245,1.0,-1,-1,-1
136,0,972,218,143,140,1.0,-1,-1,-1
137,1,1217,399,267,241,1.0,-1,-1,-1
137,0,972,216,141,139,1.0,-1,-1,-1
138,1,1216,391,257,239,1.0,-1,-1,-1
138,0,970,216,141,136,1.0,-1,-1,-1
139,1,1215,383,249,238,1.0,-1,-1,-1
139,0,969,214,143,126,1.0,-1,-1,-1
140,1,1216,377,238,237,1.0,-1,-1,-1
140,0,971,212,141,124,1.0,-1,-1,-1
141,1,1202,372,243,225,1.0,-1,-1,-1
141,0,972,210,139,122,1.0,-1,-1,-1
142,1,1202,366,236,223,1.0,-1,-1,-1
142,0,971,207,140,120,1.0,-1,-1,-1
143,1,1200,364,235,216,1.0,-1,-1,-1
143,0,971,202,140,121,1.0,-1,-1,-1
144,1,1191,347,239,224,1.0,-1,-1,-1
144,0,971,197,139,124,1.0,-1,-1,-1
145,1,1185,342,239,224,1.0,-1,-1,-1
145,0,969,195,140,119,1.0,-1,-1,-1
146,1,1181,334,237,226,1.0,-1,-1,-1
146,0,968,192,140,120,1.0,-1,-1,-1
147,1,1178,325,234,225,1.0,-1,-1,-1
147,0,968,191,138,117,1.0,-1,-1,-1
148,1,1176,319,231,222,1.0,-1,-1,-1
148,0,969,190,138,115,1.0,-1,-1,-1
149,1,1172,314,232,217,1.0,-1,-1,-1
149,0,971,185,138,113,1.0,-1,-1,-1
150,1,1172,315,218,191,1.0,-1,-1,-1
150,0,972,184,139,113,1.0,-1,-1,-1
151,1,1168,309,219,189,1.0,-1,-1,-1
151,0,972,183,140,112,1.0,-1,-1,-1
152,1,1164,305,220,191,1.0,-1,-1,-1
152,0,973,182,140,110,1.0,-1,-1,-1
153,1,1159,300,221,192,1.0,-1,-1,-1
153,0,977,174,141,117,1.0,-1,-1,-1
154,1,1153,290,222,182,1.0,-1,-1,-1
154,0,978,170,143,120,1.0,-1,-1,-1
155,1,1151,281,220,190,1.0,-1,-1,-1
155,0,981,165,146,121,1.0,-1,-1,-1
156,1,1148,278,205,183,1.0,-1,-1,-1
156,0,985,162,145,123,1.0,-1,-1,-1
157,1,1148,275,203,182,1.0,-1,-1,-1
157,0,990,160,143,123,1.0,-1,-1,-1
158,1,1144,270,204,182,1.0,-1,-1,-1
158,0,995,159,136,119,1.0,-1,-1,-1
158,2,1299,12,212,135,1.0,-1,-1,-1
159,1,1143,262,196,166,1.0,-1,-1,-1
159,0,999,158,134,118,1.0,-1,-1,-1
159,2,1292,12,211,136,1.0,-1,-1,-1
160,1,1136,256,202,177,1.0,-1,-1,-1
160,0,1006,154,136,122,1.0,-1,-1,-1
160,2,1285,12,211,137,1.0,-1,-1,-1
161,1,1131,252,205,175,1.0,-1,-1,-1
161,0,1006,156,140,113,1.0,-1,-1,-1
161,2,1278,12,210,138,1.0,-1,-1,-1
162,1,1127,247,205,175,1.0,-1,-1,-1
162,0,1012,154,138,112,1.0,-1,-1,-1
162,2,1271,12,210,139,1.0,-1,-1,-1
163,1,1124,242,207,174,1.0,-1,-1,-1
163,0,1020,149,137,112,1.0,-1,-1,-1
163,2,1264,12,209,140,1.0,-1,-1,-1
164,1,1122,237,208,177,1.0,-1,-1,-1
164,0,1027,148,136,111,1.0,-1,-1,-1
164,2,1257,12,209,141,1.0,-1,-1,-1
165,1,1123,234,198,151,1.0,-1,-1,-1
165,0,1032,145,142,113,1.0,-1,-1,-1
165,2,1250,12,208,142,1.0,-1,-1,-1
166,1,1119,228,185,155,1.0,-1,-1,-1
166,0,1043,144,138,110,1.0,-1,-1,-1
166,2,1243,12,208,143,1.0,-1,-1,-1
167,1,1117,222,185,164,1.0,-1,-1,-1
167,0,1048,141,141,113,1.0,-1,-1,-1
167,2,1236,12,207,144,1.0,-1,-1,-1
168,1,1115,218,186,166,1.0,-1,-1,-1
168,0,1053,135,144,118,1.0,-1,-1,-1
168,2,1229,12,207,146,1.0,-1,-1,-1
169,1,1113,214,186,164,1.0,-1,-1,-1
169,0,1060,131,146,123,1.0,-1,-1,-1
169,2,1222,12,206,147,1.0,-1,-1,-1
170,1,1112,212,183,158,1.0,-1,-1,-1
170,0,1068,133,137,117,1.0,-1,-1,-1
170,2,1215,12,206,148,1.0,-1,-1,-1
171,1,1113,215,176,148,1.0,-1,-1,-1
171,0,1081,131,139,117,1.0,-1,-1,-1
171,2,1208,12,205,149,1.0,-1,-1,-1
172,1,1114,206,171,136,1.0,-1,-1,-1
172,0,1085,134,140,109,1.0,-1,-1,-1
172,2,1201,12,205,150,1.0,-1,-1,-1
173,1,1111,202,172,141,1.0,-1,-1,-1
173,0,1091,137,140,97,1.0,-1,-1,-1
173,2,1194,12,204,151,1.0,-1,-1,-1
174,1,1108,198,175,147,1.0,-1,-1,-1
174,0,1095,133,145,97,1.0,-1,-1,-1
174,2,1187,12,204,152,1.0,-1,-1,-1
175,1,1105,194,178,149,1.0,-1,-1,-1
175,0,1100,130,146,99,1.0,-1,-1,-1
175,2,1180,12,203,153,1.0,-1,-1,-1
176,1,1103,189,178,150,1.0,-1,-1,-1
176,0,1119,130,139,97,1.0,-1,-1,-1
176,2,1173,12,203,154,1.0,-1,-1,-1
177,1,1102,186,175,150,1.0,-1,-1,-1
177,0,1119,129,149,95,1.0,-1,-1,-1
177,2,1166,12,203,156,1.0,-1,-1,-1
178,1,1101,181,173,149,1.0,-1,-1,-1
178,0,1126,126,149,97,1.0,-1,-1,-1
178,2,1155,12,205,157,1.0,-1,-1,-1
179,1,1101,179,175,147,1.0,-1,-1,-1
179,0,1133,127,149,95,1.0,-1,-1,-1
179,2,1144,13,207,159,1.0,-1,-1,-1
180,1,1101,175,175,151,1.0,-1,-1,-1
180,0,1145,114,131,96,1.0,-1,-1,-1
180,2,1133,13,210,160,1.0,-1,-1,-1
181,1,1102,174,174,150,1.0,-1,-1,-1
181,0,1160,115,139,101,1.0,-1,-1,-1
181,2,1123,14,212,162,1.0,-1,-1,-1
182,1,1100,171,158,131,1.0,-1,-1,-1
182,0,1165,115,140,101,1.0,-1,-1,-1
182,2,1112,14,214,164,1.0,-1,-1,-1
183,1,1104,168,162,136,1.0,-1,-1,-1
183,0,1173,114,139,101,1.0,-1,-1,-1
184,1,1104,163,161,139,1.0,-1,-1,-1
184,0,1180,113,136,99,1.0,-1,-1,-1
184,2,1091,15,219,167,1.0,-1,-1,-1
185,1,1104,158,162,144,1.0,-1,-1,-1
185,0,1193,112,142,99,1.0,-1,-1,-1
185,2,1080,16,222,169,1.0,-1,-1,-1
186,1,1105,153,162,146,1.0,-1,-1,-1
186,2,1069,17,224,170,1.0,-1,-1,-1
187,1,1106,150,162,144,1.0,-1,-1,-1
187,0,1207,111,138,95,1.0,-1,-1,-1
187,2,1059,17,226,172,1.0,-1,-1,-1
188,1,1109,148,160,144,1.0,-1,-1,-1
188,0,1212,111,140,89,1.0,-1,-1,-1
188,2,1048,18,229,173,1.0,-1,-1,-1
189,1,1114,146,157,143,1.0,-1,-1,-1
189,3,1532,676,386,347,1.0,-1,-1,-1
189,0,1218,110,132,87,1.0,-1,-1,-1
189,2,1037,18,231,175,1.0,-1,-1,-1
190,1,1120,145,155,142,1.0,-1,-1,-1
190,3,1534,666,384,352,1.0,-1,-1,-1
190,0,1237,108,127,90,1.0,-1,-1,-1
190,2,1027,19,233,177,1.0,-1,-1,-1
191,1,1127,144,154,141,1.0,-1,-1,-1
191,3,1522,659,396,330,1.0,-1,-1,-1
191,0,1242,106,124,90,1.0,-1,-1,-1
191,2,1016,19,236,178,1.0,-1,-1,-1
192,1,1133,143,153,140,1.0,-1,-1,-1
192,3,1515,650,403,329,1.0,-1,-1,-1
192,0,1250,106,122,90,1.0,-1,-1,-1
192,2,1005,20,238,180,1.0,-1,-1,-1
193,1,1138,142,151,138,1.0,-1,-1,-1
193,3,1509,639,401,327,1.0,-1,-1,-1
193,0,1259,106,117,90,1.0,-1,-1,-1
193,2,995,21,241,182,1.0,-1,-1,-1
194,1,1146,137,157,132,1.0,-1,-1,-1
194,3,1474,621,419,336,1.0,-1,-1,-1
194,0,1268,99,142,93,1.0,-1,-1,-1
194,2,981,23,242,182,1.0,-1,-1,-1
195,1,1150,136,159,133,1.0,-1,-1,-1
195,3,1467,612,408,333,1.0,-1,-1,-1
195,0,1273,98,139,94,1.0,-1,-1,-1
195,2,968,25,244,182,1.0,-1,-1,-1
196,1,1159,135,158,132,1.0,-1,-1,-1
196,3,1459,605,399,330,1.0,-1,-1,-1
196,0,1280,99,129,92,1.0,-1,-1,-1
196,2,955,27,245,182,1.0,-1,-1,-1
197,1,1166,134,159,129,1.0,-1,-1,-1
197,3,1452,601,393,330,1.0,-1,-1,-1
197,0,1289,99,112,92,1.0,-1,-1,-1
197,2,942,29,247,182,1.0,-1,-1,-1
198,1,1172,132,158,126,1.0,-1,-1,-1
198,3,1439,592,400,316,1.0,-1,-1,-1
198,2,929,31,248,182,1.0,-1,-1,-1
199,1,1182,131,159,123,1.0,-1,-1,-1
199,3,1439,583,387,315,1.0,-1,-1,-1
199,2,916,33,250,182,1.0,-1,-1,-1
200,1,1189,129,155,123,1.0,-1,-1,-1
200,3,1428,576,373,301,1.0,-1,-1,-1
200,2,903,35,251,182,1.0,-1,-1,-1
201,1,1201,125,150,125,1.0,-1,-1,-1
201,3,1426,568,359,295,1.0,-1,-1,-1
201,2,889,37,253,183,1.0,-1,-1,-1
202,1,1209,122,147,126,1.0,-1,-1,-1
202,3,1417,559,352,293,1.0,-1,-1,-1
202,0,1336,94,112,88,1.0,-1,-1,-1
202,2,876,39,254,183,1.0,-1,-1,-1
203,1,1221,116,158,127,1.0,-1,-1,-1
203,3,1410,551,347,294,1.0,-1,-1,-1
203,0,1337,92,116,89,1.0,-1,-1,-1
203,2,863,41,256,183,1.0,-1,-1,-1
204,1,1232,117,153,123,1.0,-1,-1,-1
204,3,1398,546,349,294,1.0,-1,-1,-1
204,0,1348,84,122,91,1.0,-1,-1,-1
204,2,850,43,257,183,1.0,-1,-1,-1
205,1,1242,116,151,123,1.0,-1,-1,-1
205,3,1388,538,350,286,1.0,-1,-1,-1
205,0,1350,84,122,89,1.0,-1,-1,-1
205,2,837,45,259,183,1.0,-1,-1,-1
206,1,1248,113,171,123,1.0,-1,-1,-1
206,3,1387,536,342,277,1.0,-1,-1,-1
206,2,824,47,260,183,1.0,-1,-1,-1
207,1,1257,107,163,119,1.0,-1,-1,-1
207,3,1373,532,327,266,1.0,-1,-1,-1
207,2,811,49,262,183,1.0,-1,-1,-1
208,1,1268,108,156,119,1.0,-1,-1,-1
208,3,1362,522,329,264,1.0,-1,-1,-1
208,2,798,51,264,184,1.0,-1,-1,-1
209,1,1279,106,151,118,1.0,-1,-1,-1
209,3,1350,512,328,264,1.0,-1,-1,-1
209,2,790,52,261,185,1.0,-1,-1,-1
210,1,1285,102,152,118,1.0,-1,-1,-1
210,3,1341,502,326,265,1.0,-1,-1,-1
210,2,782,53,259,186,1.0,-1,-1,-1
211,1,1300,102,156,118,1.0,-1,-1,-1
211,3,1335,495,320,266,1.0,-1,-1,-1
211,2,774,54,257,187,1.0,-1,-1,-1
212,1,1309,101,153,116,1.0,-1,-1,-1
212,3,1329,490,318,265,1.0,-1,-1,-1
212,2,766,55,255,188,1.0,-1,-1,-1
213,1,1316,99,152,115,1.0,-1,-1,-1
213,3,1332,484,303,248,1.0,-1,-1,-1
213,2,759,57,252,189,1.0,-1,-1,-1
214,1,1337,96,153,119,1.0,-1,-1,-1
214,3,1325,481,293,242,1.0,-1,-1,-1
214,2,751,58,250,191,1.0,-1,-1,-1
215,1,1343,97,150,118,1.0,-1,-1,-1
215,3,1325,478,285,236,1.0,-1,-1,-1
215,2,743,59,248,192,1.0,-1,-1,-1
216,1,1349,94,151,118,1.0,-1,-1,-1
216,3,1316,472,283,233,1.0,-1,-1,-1
216,2,735,60,246,193,1.0,-1,-1,-1
217,3,1303,466,284,232,1.0,-1,-1,-1
217,2,728,62,243,194,1.0,-1,-1,-1
218,3,1292,461,280,231,1.0,-1,-1,-1
218,2,720,63,241,195,1.0,-1,-1,-1
219,3,1287,456,270,227,1.0,-1,-1,-1
219,2,712,64,239,197,1.0,-1,-1,-1
220,3,1287,450,256,225,1.0,-1,-1,-1
220,2,704,65,237,198,1.0,-1,-1,-1
221,3,1288,441,243,226,1.0,-1,-1,-1
221,2,696,66,235,199,1.0,-1,-1,-1
222,3,1272,439,250,215,1.0,-1,-1,-1
222,2,689,68,232,200,1.0,-1,-1,-1
223,3,1267,421,251,219,1.0,-1,-1,-1
223,2,681,69,230,201,1.0,-1,-1,-1
224,3,1261,414,251,219,1.0,-1,-1,-1
224,0,1366,73,93,73,1.0,-1,-1,-1
224,2,673,70,228,202,1.0,-1,-1,-1
225,3,1254,405,251,218,1.0,-1,-1,-1
225,0,1345,71,114,75,1.0,-1,-1,-1
225,2,665,71,226,204,1.0,-1,-1,-1
226,3,1247,398,247,216,1.0,-1,-1,-1
226,0,1347,70,100,76,1.0,-1,-1,-1
226,2,658,73,223,205,1.0,-1,-1,-1
227,3,1240,392,247,214,1.0,-1,-1,-1
227,0,1318,73,114,76,1.0,-1,-1,-1
227,2,650,74,221,206,1.0,-1,-1,-1
228,3,1240,396,227,191,1.0,-1,-1,-1
228,0,1304,73,119,74,1.0,-1,-1,-1
228,2,642,75,219,207,1.0,-1,-1,-1
229,3,1237,389,225,193,1.0,-1,-1,-1
229,2,634,76,217,208,1.0,-1,-1,-1
230,3,1234,381,223,195,1.0,-1,-1,-1
230,0,1276,73,125,77,1.0,-1,-1,-1
230,2,627,78,215,210,1.0,-1,-1,-1
231,3,1231,374,221,197,1.0,-1,-1,-1
231,0,1245,73,139,72,1.0,-1,-1,-1
231,2,622,80,215,211,1.0,-1,-1,-1
232,3,1230,368,214,186,1.0,-1,-1,-1
232,0,1228,72,145,69,1.0,-1,-1,-1
232,2,618,83,215,212,1.0,-1,-1,-1
233,3,1227,359,213,193,1.0,-1,-1,-1
233,2,614,85,216,213,1.0,-1,-1,-1
234,3,1216,356,214,185,1.0,-1,-1,-1
234,0,1203,75,136,65,1.0,-1,-1,-1
234,2,610,88,216,214,1.0,-1,-1,-1
235,3,1213,348,213,185,1.0,-1,-1,-1
235,0,1185,74,133,66,1.0,-1,-1,-1
235,2,606,90,217,216,1.0,-1,-1,-1
236,3,1208,343,215,183,1.0,-1,-1,-1
236,0,1165,71,134,70,1.0,-1,-1,-1
236,2,602,93,217,217,1.0,-1,-1,-1
237,3,1203,335,210,175,1.0,-1,-1,-1
237,0,1148,72,140,66,1.0,-1,-1,-1
237,2,598,95,217,218,1.0,-1,-1,-1
238,3,1200,328,208,179,1.0,-1,-1,-1
238,0,1127,75,128,58,1.0,-1,-1,-1
238,2,594,98,218,219,1.0,-1,-1,-1
239,3,1198,320,206,181,1.0,-1,-1,-1
239,0,1106,73,147,61,1.0,-1,-1,-1
239,2,590,100,218,220,1.0,-1,-1,-1
240,3,1196,312,206,183,1.0,-1,-1,-1
240,0,1083,77,146,56,1.0,-1,-1,-1
240,2,586,103,219,222,1.0,-1,-1,-1
241,3,1195,307,203,183,1.0,-1,-1,-1
241,0,1064,77,143,56,1.0,-1,-1,-1
241,2,581,106,219,223,1.0,-1,-1,-1
242,3,1190,310,194,171,1.0,-1,-1,-1
242,0,1046,77,140,55,1.0,-1,-1,-1
242,2,577,108,219,224,1.0,-1,-1,-1
243,3,1188,301,189,171,1.0,-1,-1,-1
243,0,1026,78,139,57,1.0,-1,-1,-1
243,2,573,111,220,225,1.0,-1,-1,-1
244,3,1183,295,192,175,1.0,-1,-1,-1
244,0,1012,76,136,59,1.0,-1,-1,-1
244,2,569,113,220,226,1.0,-1,-1,-1
245,3,1179,289,193,175,1.0,-1,-1,-1
245,0,991,79,142,57,1.0,-1,-1,-1
245,2,565,116,221,228,1.0,-1,-1,-1
246,3,1175,284,194,173,1.0,-1,-1,-1
246,0,975,81,132,57,1.0,-1,-1,-1
246,2,561,118,221,229,1.0,-1,-1,-1
247,3,1171,280,195,170,1.0,-1,-1,-1
247,2,557,121,221,230,1.0,-1,-1,-1
248,3,1168,276,193,169,1.0,-1,-1,-1
248,2,553,123,222,231,1.0,-1,-1,-1
249,3,1172,272,180,158,1.0,-1,-1,-1
249,2,549,126,222,232,1.0,-1,-1,-1
250,3,1169,266,182,163,1.0,-1,-1,-1
250,2,545,129,223,234,1.0,-1,-1,-1
251,3,1167,260,185,165,1.0,-1,-1,-1
251,2,541,130,225,237,1.0,-1,-1,-1
252,3,1155,257,187,157,1.0,-1,-1,-1
252,4,1002,755,484,323,1.0,-1,-1,-1
252,2,537,132,227,240,1.0,-1,-1,-1
253,3,1152,253,188,155,1.0,-1,-1,-1
253,4,1017,747,466,331,1.0,-1,-1,-1
253,2,534,134,229,243,1.0,-1,-1,-1
254,3,1149,249,189,154,1.0,-1,-1,-1
254,4,1041,726,437,348,1.0,-1,-1,-1
254,2,530,136,231,247,1.0,-1,-1,-1
255,3,1147,247,187,152,1.0,-1,-1,-1
255,4,1054,724,424,343,1.0,-1,-1,-1
255,2,527,138,233,250,1.0,-1,-1,-1
256,3,1150,238,174,150,1.0,-1,-1,-1
256,4,1052,727,427,318,1.0,-1,-1,-1
256,2,523,140,235,253,1.0,-1,-1,-1
257,3,1147,235,174,152,1.0,-1,-1,-1
257,4,1060,716,413,314,1.0,-1,-1,-1
257,2,520,142,237,257,1.0,-1,-1,-1
258,3,1144,232,174,150,1.0,-1,-1,-1
258,4,1065,703,402,309,1.0,-1,-1,-1
258,2,516,144,239,260,1.0,-1,-1,-1
259,3,1141,228,173,148,1.0,-1,-1,-1
259,4,1066,695,398,307,1.0,-1,-1,-1
259,2,513,146,241,263,1.0,-1,-1,-1
260,3,1138,223,172,146,1.0,-1,-1,-1
260,4,1057,675,411,307,1.0,-1,-1,-1
260,2,509,148,243,267,1.0,-1,-1,-1
261,3,1129,221,168,142,1.0,-1,-1,-1
261,4,1063,669,396,307,1.0,-1,-1,-1
261,2,506,150,245,270,1.0,-1,-1,-1
262,3,1127,219,169,142,1.0,-1,-1,-1
262,4,1057,665,385,297,1.0,-1,-1,-1
262,2,502,152,248,273,1.0,-1,-1,-1
263,3,1124,216,170,142,1.0,-1,-1,-1
263,4,1057,657,378,287,1.0,-1,-1,-1
263,2,499,154,250,276,1.0,-1,-1,-1
263,5,1356,48,136,98,1.0,-1,-1,-1
264,3,1125,206,163,142,1.0,-1,-1,-1
264,4,1058,647,366,281,1.0,-1,-1,-1
264,2,495,156,252,280,1.0,-1,-1,-1
264,5,1347,49,135,98,1.0,-1,-1,-1
265,3,1122,204,163,144,1.0,-1,-1,-1
265,4,1055,639,362,276,1.0,-1,-1,-1
265,2,492,158,254,283,1.0,-1,-1,-1
265,5,1339,50,135,98,1.0,-1,-1,-1
266,3,1120,201,163,143,1.0,-1,-1,-1
266,4,1053,634,358,270,1.0,-1,-1,-1
266,2,488,160,256,286,1.0,-1,-1,-1
266,5,1330,51,135,98,1.0,-1,-1,-1
267,3,1119,199,162,140,1.0,-1,-1,-1
267,4,1052,618,356,274,1.0,-1,-1,-1
267,2,485,162,258,290,1.0,-1,-1,-1
267,5,1322,52,135,98,1.0,-1,-1,-1
268,3,1117,194,163,138,1.0,-1,-1,-1
268,4,1053,615,346,269,1.0,-1,-1,-1
268,2,481,164,260,293,1.0,-1,-1,-1
268,5,1314,53,135,98,1.0,-1,-1,-1
269,3,1115,190,161,138,1.0,-1,-1,-1
269,4,1053,608,338,262,1.0,-1,-1,-1
269,2,478,166,262,296,1.0,-1,-1,-1
269,5,1305,55,134,98,1.0,-1,-1,-1
270,3,1112,186,160,139,1.0,-1,-1,-1
270,4,1052,600,330,255,1.0,-1,-1,-1
270,2,474,168,264,300,1.0,-1,-1,-1
270,5,1297,56,134,98,1.0,-1,-1,-1
271,3,1111,183,157,139,1.0,-1,-1,-1
271,4,1048,592,326,248,1.0,-1,-1,-1
271,2,471,170,266,303,1.0,-1,-1,-1
271,5,1288,57,134,98,1.0,-1,-1,-1
272,3,1109,181,156,139,1.0,-1,-1,-1
272,4,1044,584,323,246,1.0,-1,-1,-1
272,2,467,172,268,306,1.0,-1,-1,-1
272,5,1280,58,134,98,1.0,-1,-1,-1
273,3,1109,179,156,138,1.0,-1,-1,-1
273,4,1038,577,324,245,1.0,-1,-1,-1
273,2,464,174,271,310,1.0,-1,-1,-1
273,5,1272,59,134,98,1.0,-1,-1,-1
274,3,1110,175,149,131,1.0,-1,-1,-1
274,4,1033,572,322,244,1.0,-1,-1,-1
274,2,458,178,274,311,1.0,-1,-1,-1
274,5,1263,60,133,98,1.0,-1,-1,-1
275,3,1110,174,150,131,1.0,-1,-1,-1
275,4,1031,560,315,239,1.0,-1,-1,-1
275,2,453,183,277,313,1.0,-1,-1,-1
275,5,1255,62,133,98,1.0,-1,-1,-1
276,3,1110,172,151,131,1.0,-1,-1,-1
276,4,1022,559,307,230,1.0,-1,-1,-1
276,2,447,188,280,315,1.0,-1,-1,-1
276,5,1246,63,133,98,1.0,-1,-1,-1
277,3,1112,167,148,131,1.0,-1,-1,-1
277,4,1024,553,300,225,1.0,-1,-1,-1
277,2,442,192,283,317,1.0,-1,-1,-1
277,5,1238,64,133,98,1.0,-1,-1,-1
278,3,1114,163,144,131,1.0,-1,-1,-1
278,4,1025,544,291,222,1.0,-1,-1,-1
278,2,437,197,287,319,1.0,-1,-1,-1
278,5,1230,65,133,98,1.0,-1,-1,-1
279,3,1117,160,141,130,1.0,-1,-1,-1
279,4,1025,535,284,220,1.0,-1,-1,-1
279,2,431,202,290,321,1.0,-1,-1,-1
279,5,1221,66,132,98,1.0,-1,-1,-1
280,3,1120,158,141,130,1.0,-1,-1,-1
280,4,1025,528,278,217,1.0,-1,-1,-1
280,2,426,206,293,323,1.0,-1,-1,-1
280,5,1213,68,132,98,1.0,-1,-1,-1
281,3,1122,155,144,132,1.0,-1,-1,-1
281,4,1026,524,275,212,1.0,-1,-1,-1
281,6,948,46,151,111,1.0,-1,-1,-1
281,2,420,211,296,325,1.0,-1,-1,-1
281,5,1204,69,132,98,1.0,-1,-1,-1
282,3,1125,152,145,134,1.0,-1,-1,-1
282,4,1026,521,270,208,1.0,-1,-1,-1
282,6,952,47,152,109,1.0,-1,-1,-1
282,2,415,216,300,326,1.0,-1,-1,-1
282,5,1202,68,123,99,1.0,-1,-1,-1
283,3,1126,149,147,134,1.0,-1,-1,-1
283,4,1025,518,266,204,1.0,-1,-1,-1
283,6,969,46,147,114,1.0,-1,-1,-1
283,2,410,220,303,328,1.0,-1,-1,-1
283,5,1182,74,124,97,1.0,-1,-1,-1
284,3,1130,149,147,131,1.0,-1,-1,-1
284,4,1021,501,260,212,1.0,-1,-1,-1
284,6,977,45,145,115,1.0,-1,-1,-1
284,2,404,225,306,330,1.0,-1,-1,-1
284,5,1172,73,132,99,1.0,-1,-1,-1
285,3,1134,150,149,126,1.0,-1,-1,-1
285,4,1018,499,256,208,1.0,-1,-1,-1
285,6,986,45,143,115,1.0,-1,-1,-1
285,2,399,230,309,332,1.0,-1,-1,-1
285,5,1165,74,131,99,1.0,-1,-1,-1
286,3,1138,151,150,121,1.0,-1,-1,-1
286,4,1016,492,255,208,1.0,-1,-1,-1
286,6,993,43,141,117,1.0,-1,-1,-1
286,2,393,234,313,334,1.0,-1,-1,-1
286,5,1149,79,120,95,1.0,-1,-1,-1
287,3,1152,151,146,118,1.0,-1,-1,-1
287,4,1014,484,257,208,1.0,-1,-1,-1
287,6,1010,48,133,111,1.0,-1,-1,-1
287,2,388,239,316,336,1.0,-1,-1,-1
287,5,1136,72,132,109,1.0,-1,-1,-1
288,3,1161,146,147,115,1.0,-1,-1,-1
288,4,1013,474,256,209,1.0,-1,-1,-1
288,6,1014,50,133,110,1.0,-1,-1,-1
288,2,383,244,319,338,1.0,-1,-1,-1
288,5,1126,73,134,109,1.0,-1,-1,-1
289,3,1166,143,153,119,1.0,-1,-1,-1
289,4,1013,466,254,207,1.0,-1,-1,-1
289,6,1025,57,126,102,1.0,-1,-1,-1
289,2,377,248,322,340,1.0,-1,-1,-1
289,5,1102,69,145,112,1.0,-1,-1,-1
290,3,1172,139,155,121,1.0,-1,-1,-1
290,4,1012,474,250,184,1.0,-1,-1,-1
290,2,372,253,326,341,1.0,-1,-1,-1
290,5,1095,72,147,113,1.0,-1,-1,-1
291,3,1181,130,160,127,1.0,-1,-1,-1
291,4,1015,467,246,183,1.0,-1,-1,-1
291,2,366,258,329,343,1.0,-1,-1,-1
291,5,1082,81,148,111,1.0,-1,-1,-1
292,3,1189,131,155,123,1.0,-1,-1,-1
292,4,1019,461,238,181,1.0,-1,-1,-1
292,2,361,262,332,345,1.0,-1,-1,-1
292,5,1041,66,164,117,1.0,-1,-1,-1
293,3,1199,131,152,120,1.0,-1,-1,-1
293,4,1017,457,241,177,1.0,-1,-1,-1
293,2,356,267,335,347,1.0,-1,-1,-1
293,5,1041,65,154,124,1.0,-1,-1,-1
294,3,1207,127,150,124,1.0,-1,-1,-1
294,4,1011,444,246,179,1.0,-1,-1,-1
294,2,350,272,339,349,1.0,-1,-1,-1
294,5,1027,59,149,129,1.0,-1,-1,-1
295,3,1213,125,147,123,1.0,-1,-1,-1
295,4,1017,439,238,179,1.0,-1,-1,-1
295,2,345,276,342,351,1.0,-1,-1,-1
295,5,1023,83,142,118,1.0,-1,-1,-1
296,3,1224,120,153,125,1.0,-1,-1,-1
296,4,1025,433,226,175,1.0,-1,-1,-1
296,2,339,281,345,353,1.0,-1,-1,-1
296,5,1010,85,146,116,1.0,-1,-1,-1
297,3,1236,121,147,122,1.0,-1,-1,-1
297,4,1029,426,222,175,1.0,-1,-1,-1
297,2,334,286,348,355,1.0,-1,-1,-1
297,5,984,93,149,113,1.0,-1,-1,-1
298,3,1246,119,146,120,1.0,-1,-1,-1
298,4,1038,416,219,182,1.0,-1,-1,-1
298,2,329,291,352,357,1.0,-1,-1,-1
298,5,977,91,142,117,1.0,-1,-1,-1
299,3,1250,118,149,118,1.0,-1,-1,-1
299,4,1038,408,224,178,1.0,-1,-1,-1
299,6,1057,61,118,107,1.0,-1,-1,-1
299,2,322,294,356,361,1.0,-1,-1,-1
299,5,951,95,148,114,1.0,-1,-1,-1
300,3,1265,105,147,120,1.0,-1,-1,-1
300,4,1044,401,218,180,1.0,-1,-1,-1
300,6,1057,61,118,108,1.0,-1,-1,-1
300,2,316,297,361,366,1.0,-1,-1,-1
300,5,945,100,143,112,1.0,-1,-1,-1
301,3,1275,105,143,120,1.0,-1,-1,-1
301,4,1051,398,214,172,1.0,-1,-1,-1
301,6,1057,61,117,111,1.0,-1,-1,-1
301,2,309,300,365,371,1.0,-1,-1,-1
301,5,933,102,144,110,1.0,-1,-1,-1
302,3,1283,104,145,120,1.0,-1,-1,-1
302,4,1057,394,213,166,1.0,-1,-1,-1
302,6,1054,62,118,113,1.0,-1,-1,-1
302,2,303,303,370,376,1.0,-1,-1,-1
302,5,913,105,148,109,1.0,-1,-1,-1
303,3,1296,100,159,124,1.0,-1,-1,-1
303,4,1061,392,216,162,1.0,-1,-1,-1
303,6,1053,64,119,112,1.0,-1,-1,-1
303,2,297,306,374,381,1.0,-1,-1,-1
303,5,905,107,144,110,1.0,-1,-1,-1
304,3,1303,102,155,119,1.0,-1,-1,-1
304,4,1064,389,219,162,1.0,-1,-1,-1
304,6,1052,61,116,118,1.0,-1,-1,-1
304,2,290,310,379,386,1.0,-1,-1,-1
304,5,893,107,152,109,1.0,-1,-1,-1
305,3,1311,103,153,115,1.0,-1,-1,-1
305,4,1065,376,223,163,1.0,-1,-1,-1
305,6,1046,63,118,119,1.0,-1,-1,-1
305,2,284,313,383,391,1.0,-1,-1,-1
305,5,872,110,145,111,1.0,-1,-1,-1
306,3,1316,101,152,114,1.0,-1,-1,-1
306,4,1079,368,220,163,1.0,-1,-1,-1
306,6,1046,66,117,116,1.0,-1,-1,-1
306,2,278,316,388,396,1.0,-1,-1,-1
306,5,862,112,144,110,1.0,-1,-1,-1
307,3,1335,95,149,121,1.0,-1,-1,-1
307,4,1087,363,216,159,1.0,-1,-1,-1
307,6,1044,70,120,112,1.0,-1,-1,-1
307,2,271,319,392,401,1.0,-1,-1,-1
307,5,839,111,148,112,1.0,-1,-1,-1
308,3,1341,96,146,118,1.0,-1,-1,-1
308,4,1096,359,215,156,1.0,-1,-1,-1
308,6,1040,72,124,112,1.0,-1,-1,-1
308,2,265,322,397,406,1.0,-1,-1,-1
308,5,830,114,146,119,1.0,-1,-1,-1
309,3,1348,90,146,126,1.0,-1,-1,-1
309,4,1099,339,225,173,1.0,-1,-1,-1
309,6,1033,66,131,119,1.0,-1,-1,-1
309,2,259,326,402,411,1.0,-1,-1,-1
309,5,810,111,158,119,1.0,-1,-1,-1
