0,100,154,577,231,147,1.0,-1,-1,-1
1,100,154,577,231,147,1.0,-1,-1,-1
2,100,154,577,231,147,1.0,-1,-1,-1
3,100,154,577,231,147,1.0,-1,-1,-1
4,100,154,577,231,147,1.0,-1,-1,-1
5,100,154,577,231,147,1.0,-1,-1,-1
6,100,154,577,231,147,1.0,-1,-1,-1
7,100,154,577,231,147,1.0,-1,-1,-1
8,100,154,577,231,147,1.0,-1,-1,-1
9,100,154,577,231,147,1.0,-1,-1,-1
10,100,154,577,231,147,1.0,-1,-1,-1
11,100,154,577,231,147,1.0,-1,-1,-1
12,100,154,577,231,147,1.0,-1,-1,-1
13,100,154,577,231,147,1.0,-1,-1,-1
14,100,154,577,231,147,1.0,-1,-1,-1
15,100,154,577,231,147,1.0,-1,-1,-1
16,100,154,577,231,147,1.0,-1,-1,-1
17,100,154,577,231,147,1.0,-1,-1,-1
18,100,154,577,231,147,1.0,-1,-1,-1
19,100,154,577,231,147,1.0,-1,-1,-1
20,100,154,577,231,147,1.0,-1,-1,-1
21,100,154,577,231,147,1.0,-1,-1,-1
22,100,154,577,231,147,1.0,-1,-1,-1
23,100,154,577,231,147,1.0,-1,-1,-1
24,106,1147,208,451,287,1.0,-1,-1,-1
24,107,460,507,100,87,1.0,-1,-1,-1
24,100,154,577,231,147,1.0,-1,-1,-1
25,106,1081,225,438,277,1.0,-1,-1,-1
25,100,154,577,231,147,1.0,-1,-1,-1
26,106,1047,234,437,271,1.0,-1,-1,-1
26,100,154,577,231,147,1.0,-1,-1,-1
27,106,1011,263,369,236,1.0,-1,-1,-1
27,107,475,506,106,94,1.0,-1,-1,-1
27,100,154,577,231,147,1.0,-1,-1,-1
28,106,968,274,338,232,1.0,-1,-1,-1
28,107,477,507,108,93,1.0,-1,-1,-1
28,100,154,577,231,147,1.0,-1,-1,-1
29,106,932,287,307,220,1.0,-1,-1,-1
29,107,474,503,116,99,1.0,-1,-1,-1
29,100,154,577,231,147,1.0,-1,-1,-1
30,106,920,293,299,215,1.0,-1,-1,-1
30,107,477,503,117,100,1.0,-1,-1,-1
30,100,154,577,231,147,1.0,-1,-1,-1
31,106,875,305,289,205,1.0,-1,-1,-1
31,107,481,502,120,101,1.0,-1,-1,-1
31,100,154,577,231,147,1.0,-1,-1,-1
32,106,863,311,280,194,1.0,-1,-1,-1
32,107,486,501,120,102,1.0,-1,-1,-1
32,100,154,577,231,147,1.0,-1,-1,-1
33,106,822,334,267,176,1.0,-1,-1,-1
33,107,498,507,121,101,1.0,-1,-1,-1
33,100,154,577,231,147,1.0,-1,-1,-1
34,106,804,339,269,170,1.0,-1,-1,-1
34,107,502,505,122,107,1.0,-1,-1,-1
34,100,154,577,231,147,1.0,-1,-1,-1
35,106,779,344,238,172,1.0,-1,-1,-1
35,107,507,504,126,110,1.0,-1,-1,-1
35,100,154,577,231,147,1.0,-1,-1,-1
36,106,770,349,221,167,1.0,-1,-1,-1
36,107,510,503,131,114,1.0,-1,-1,-1
36,100,154,577,231,147,1.0,-1,-1,-1
37,106,742,356,216,167,1.0,-1,-1,-1
37,107,512,500,136,118,1.0,-1,-1,-1
37,100,154,577,231,147,1.0,-1,-1,-1
38,106,731,359,210,165,1.0,-1,-1,-1
38,107,521,500,139,122,1.0,-1,-1,-1
38,100,154,577,231,147,1.0,-1,-1,-1
39,106,724,372,185,158,1.0,-1,-1,-1
39,107,526,500,142,125,1.0,-1,-1,-1
39,100,154,577,231,147,1.0,-1,-1,-1
40,106,718,374,180,154,1.0,-1,-1,-1
40,107,531,500,148,127,1.0,-1,-1,-1
40,100,154,577,231,147,1.0,-1,-1,-1
41,106,696,382,175,147,1.0,-1,-1,-1
41,107,534,501,152,126,1.0,-1,-1,-1
41,100,154,577,231,147,1.0,-1,-1,-1
42,106,681,386,163,144,1.0,-1,-1,-1
42,107,546,503,160,139,1.0,-1,-1,-1
42,100,154,577,231,147,1.0,-1,-1,-1
43,106,671,390,166,142,1.0,-1,-1,-1
43,107,553,505,162,139,1.0,-1,-1,-1
43,100,154,577,231,147,1.0,-1,-1,-1
44,106,663,397,164,136,1.0,-1,-1,-1
44,107,566,505,173,145,1.0,-1,-1,-1
44,100,154,577,231,147,1.0,-1,-1,-1
45,106,651,401,154,134,1.0,-1,-1,-1
45,107,572,507,177,151,1.0,-1,-1,-1
45,100,157,577,228,144,1.0,-1,-1,-1
46,106,644,404,151,131,1.0,-1,-1,-1
46,107,581,510,174,152,1.0,-1,-1,-1
46,100,161,577,226,142,1.0,-1,-1,-1
47,106,627,403,147,131,1.0,-1,-1,-1
47,107,588,514,202,158,1.0,-1,-1,-1
47,100,165,578,224,139,1.0,-1,-1,-1
48,106,624,405,140,129,1.0,-1,-1,-1
48,107,597,510,217,167,1.0,-1,-1,-1
48,108,478,513,101,89,1.0,-1,-1,-1
48,100,169,578,222,137,1.0,-1,-1,-1
49,106,618,410,135,124,1.0,-1,-1,-1
49,107,613,521,218,165,1.0,-1,-1,-1
49,108,479,513,104,89,1.0,-1,-1,-1
49,100,173,579,220,135,1.0,-1,-1,-1
50,106,605,414,131,121,1.0,-1,-1,-1
50,107,633,514,232,187,1.0,-1,-1,-1
50,108,482,514,105,88,1.0,-1,-1,-1
50,100,177,579,218,132,1.0,-1,-1,-1
51,106,600,418,129,125,1.0,-1,-1,-1
51,107,641,513,246,196,1.0,-1,-1,-1
51,108,487,514,107,91,1.0,-1,-1,-1
51,100,181,580,215,130,1.0,-1,-1,-1
52,106,593,419,126,125,1.0,-1,-1,-1
52,107,648,513,269,203,1.0,-1,-1,-1
52,108,492,513,103,91,1.0,-1,-1,-1
52,100,185,579,213,129,1.0,-1,-1,-1
53,106,588,419,125,125,1.0,-1,-1,-1
53,107,675,509,293,232,1.0,-1,-1,-1
53,108,499,515,120,96,1.0,-1,-1,-1
53,100,186,576,216,132,1.0,-1,-1,-1
54,106,577,421,123,123,1.0,-1,-1,-1
54,107,691,515,297,235,1.0,-1,-1,-1
54,108,503,516,122,97,1.0,-1,-1,-1
54,100,186,574,218,133,1.0,-1,-1,-1
55,106,572,427,121,114,1.0,-1,-1,-1
55,107,717,517,346,262,1.0,-1,-1,-1
55,108,509,516,123,98,1.0,-1,-1,-1
55,100,185,574,222,131,1.0,-1,-1,-1
56,106,565,429,121,113,1.0,-1,-1,-1
56,107,752,519,362,316,1.0,-1,-1,-1
56,108,516,515,123,100,1.0,-1,-1,-1
56,100,222,575,193,132,1.0,-1,-1,-1
57,106,561,432,120,111,1.0,-1,-1,-1
57,107,786,532,467,323,1.0,-1,-1,-1
57,108,529,515,126,103,1.0,-1,-1,-1
57,100,221,573,200,132,1.0,-1,-1,-1
58,106,553,436,115,109,1.0,-1,-1,-1
58,107,825,539,443,332,1.0,-1,-1,-1
58,108,537,516,128,111,1.0,-1,-1,-1
58,100,217,569,204,137,1.0,-1,-1,-1
59,106,549,439,114,105,1.0,-1,-1,-1
59,107,874,542,572,382,1.0,-1,-1,-1
59,108,540,515,137,114,1.0,-1,-1,-1
59,100,217,565,209,141,1.0,-1,-1,-1
60,106,544,442,111,102,1.0,-1,-1,-1
60,107,907,550,619,406,1.0,-1,-1,-1
60,108,553,515,148,119,1.0,-1,-1,-1
60,100,217,562,212,145,1.0,-1,-1,-1
61,106,539,443,111,103,1.0,-1,-1,-1
61,108,560,514,153,122,1.0,-1,-1,-1
61,100,222,562,213,146,1.0,-1,-1,-1
62,106,535,444,111,103,1.0,-1,-1,-1
62,108,576,513,166,125,1.0,-1,-1,-1
62,100,227,564,209,144,1.0,-1,-1,-1
63,106,542,448,94,95,1.0,-1,-1,-1
63,108,583,512,169,127,1.0,-1,-1,-1
63,100,235,559,227,148,1.0,-1,-1,-1
64,106,532,446,94,102,1.0,-1,-1,-1
64,108,602,510,181,135,1.0,-1,-1,-1
64,100,244,559,223,147,1.0,-1,-1,-1
65,106,529,447,94,103,1.0,-1,-1,-1
65,108,623,512,191,137,1.0,-1,-1,-1
65,100,241,559,240,137,1.0,-1,-1,-1
66,106,525,447,94,102,1.0,-1,-1,-1
66,108,633,511,187,137,1.0,-1,-1,-1
66,100,261,558,231,148,1.0,-1,-1,-1
67,106,521,448,94,100,1.0,-1,-1,-1
67,108,652,501,236,165,1.0,-1,-1,-1
67,100,268,556,233,140,1.0,-1,-1,-1
68,106,516,449,95,100,1.0,-1,-1,-1
68,108,692,501,250,171,1.0,-1,-1,-1
68,100,283,554,218,140,1.0,-1,-1,-1
69,106,514,451,94,97,1.0,-1,-1,-1
69,108,707,502,252,176,1.0,-1,-1,-1
69,100,299,551,224,140,1.0,-1,-1,-1
70,108,748,500,277,182,1.0,-1,-1,-1
70,100,309,551,220,138,1.0,-1,-1,-1
71,106,505,454,91,98,1.0,-1,-1,-1
71,108,774,495,348,194,1.0,-1,-1,-1
71,100,330,541,216,144,1.0,-1,-1,-1
72,106,503,455,91,97,1.0,-1,-1,-1
72,108,789,493,333,194,1.0,-1,-1,-1
72,100,337,538,217,144,1.0,-1,-1,-1
73,108,873,509,404,205,1.0,-1,-1,-1
73,100,335,530,241,153,1.0,-1,-1,-1
74,108,910,469,501,275,1.0,-1,-1,-1
74,100,366,526,213,154,1.0,-1,-1,-1
75,108,914,469,528,283,1.0,-1,-1,-1
75,100,363,526,234,154,1.0,-1,-1,-1
76,108,1046,484,546,283,1.0,-1,-1,-1
76,100,394,522,213,159,1.0,-1,-1,-1
77,100,383,509,240,167,1.0,-1,-1,-1
78,100,395,502,244,172,1.0,-1,-1,-1
79,100,408,497,246,176,1.0,-1,-1,-1
80,100,418,494,250,178,1.0,-1,-1,-1
81,100,446,490,241,182,1.0,-1,-1,-1
82,100,459,487,243,184,1.0,-1,-1,-1
83,100,475,487,242,182,1.0,-1,-1,-1
84,100,483,483,246,186,1.0,-1,-1,-1
85,100,509,478,247,194,1.0,-1,-1,-1
86,100,522,473,252,201,1.0,-1,-1,-1
87,100,531,473,264,200,1.0,-1,-1,-1
88,100,558,469,268,205,1.0,-1,-1,-1
89,100,567,464,281,213,1.0,-1,-1,-1
90,100,578,459,294,216,1.0,-1,-1,-1
91,100,601,450,318,233,1.0,-1,-1,-1
92,100,609,446,337,242,1.0,-1,-1,-1
93,100,644,444,351,246,1.0,-1,-1,-1
93,109,1282,300,310,179,1.0,-1,-1,-1
94,100,656,441,360,252,1.0,-1,-1,-1
94,109,1217,308,323,175,1.0,-1,-1,-1
95,100,688,436,399,258,1.0,-1,-1,-1
95,109,1151,316,336,171,1.0,-1,-1,-1
96,100,724,427,411,290,1.0,-1,-1,-1
96,109,1106,321,301,167,1.0,-1,-1,-1
97,100,725,423,472,304,1.0,-1,-1,-1
98,100,803,420,478,314,1.0,-1,-1,-1
99,100,814,414,524,322,1.0,-1,-1,-1
100,100,886,400,571,352,1.0,-1,-1,-1
101,100,953,393,626,382,1.0,-1,-1,-1
102,109,906,393,176,118,1.0,-1,-1,-1
103,109,882,395,178,122,1.0,-1,-1,-1
104,109,852,394,178,123,1.0,-1,-1,-1
105,109,849,393,171,124,1.0,-1,-1,-1
106,109,818,394,173,127,1.0,-1,-1,-1
107,109,789,389,174,135,1.0,-1,-1,-1
108,109,773,398,162,126,1.0,-1,-1,-1
109,109,768,406,155,118,1.0,-1,-1,-1
110,109,746,415,149,113,1.0,-1,-1,-1
111,109,738,416,147,109,1.0,-1,-1,-1
112,109,719,417,142,110,1.0,-1,-1,-1
113,109,711,420,140,107,1.0,-1,-1,-1
114,109,695,426,134,108,1.0,-1,-1,-1
115,109,687,428,131,105,1.0,-1,-1,-1
116,109,678,431,132,102,1.0,-1,-1,-1
117,109,665,432,126,104,1.0,-1,-1,-1
118,109,656,434,126,103,1.0,-1,-1,-1
119,109,642,434,120,103,1.0,-1,-1,-1
120,109,634,436,123,102,1.0,-1,-1,-1
121,109,626,444,124,90,1.0,-1,-1,-1
122,109,625,446,117,87,1.0,-1,-1,-1
124,109,610,450,105,86,1.0,-1,-1,-1
125,109,604,451,104,85,1.0,-1,-1,-1
128,110,464,505,100,90,1.0,-1,-1,-1
129,110,467,505,99,92,1.0,-1,-1,-1
130,110,469,503,96,92,1.0,-1,-1,-1
131,110,468,501,116,103,1.0,-1,-1,-1
133,110,473,506,117,100,1.0,-1,-1,-1
134,110,476,507,117,100,1.0,-1,-1,-1
135,110,480,509,118,103,1.0,-1,-1,-1
136,110,482,507,119,108,1.0,-1,-1,-1
137,110,485,507,120,111,1.0,-1,-1,-1
138,110,487,507,122,112,1.0,-1,-1,-1
139,110,499,514,122,115,1.0,-1,-1,-1
140,110,502,513,125,120,1.0,-1,-1,-1
141,110,505,513,131,124,1.0,-1,-1,-1
142,110,509,513,134,127,1.0,-1,-1,-1
143,110,510,514,140,129,1.0,-1,-1,-1
144,110,518,514,149,134,1.0,-1,-1,-1
145,110,521,515,156,138,1.0,-1,-1,-1
146,110,525,515,160,143,1.0,-1,-1,-1
147,110,528,519,160,142,1.0,-1,-1,-1
148,110,541,521,170,148,1.0,-1,-1,-1
149,110,546,527,178,155,1.0,-1,-1,-1
150,110,556,526,194,162,1.0,-1,-1,-1
151,110,561,530,199,167,1.0,-1,-1,-1
152,110,566,528,210,178,1.0,-1,-1,-1
153,110,582,532,220,188,1.0,-1,-1,-1
154,110,592,535,234,195,1.0,-1,-1,-1
155,110,599,539,252,202,1.0,-1,-1,-1
156,110,625,540,269,215,1.0,-1,-1,-1
157,110,628,552,302,229,1.0,-1,-1,-1
158,110,659,543,333,260,1.0,-1,-1,-1
159,110,687,551,306,257,1.0,-1,-1,-1
160,110,729,539,377,330,1.0,-1,-1,-1
161,110,744,551,415,338,1.0,-1,-1,-1
162,110,816,565,454,363,1.0,-1,-1,-1
163,110,849,609,631,385,1.0,-1,-1,-1
164,110,923,566,675,558,1.0,-1,-1,-1
186,111,1271,322,327,157,1.0,-1,-1,-1
187,111,1205,329,352,146,1.0,-1,-1,-1
188,111,1097,353,336,141,1.0,-1,-1,-1
189,111,1090,357,335,140,1.0,-1,-1,-1
190,111,1048,361,300,138,1.0,-1,-1,-1
191,111,1054,373,193,123,1.0,-1,-1,-1
192,111,1006,381,191,119,1.0,-1,-1,-1
193,111,957,390,190,116,1.0,-1,-1,-1
194,111,909,398,189,112,1.0,-1,-1,-1
195,111,882,400,182,112,1.0,-1,-1,-1
196,111,881,401,171,111,1.0,-1,-1,-1
197,111,852,404,165,111,1.0,-1,-1,-1
198,111,828,411,159,108,1.0,-1,-1,-1
199,111,800,415,156,107,1.0,-1,-1,-1
200,111,779,419,146,103,1.0,-1,-1,-1
201,111,774,421,141,102,1.0,-1,-1,-1
202,111,747,429,139,99,1.0,-1,-1,-1
203,111,737,432,143,95,1.0,-1,-1,-1
204,111,717,435,133,93,1.0,-1,-1,-1
205,111,703,437,132,93,1.0,-1,-1,-1
206,111,688,440,130,93,1.0,-1,-1,-1
207,111,678,441,133,92,1.0,-1,-1,-1
208,111,661,447,129,88,1.0,-1,-1,-1
209,111,654,447,129,86,1.0,-1,-1,-1
210,111,646,450,106,85,1.0,-1,-1,-1
211,111,634,449,120,87,1.0,-1,-1,-1
212,111,626,451,119,84,1.0,-1,-1,-1
242,112,1196,386,384,187,1.0,-1,-1,-1
243,113,454,505,103,86,1.0,-1,-1,-1
243,112,1137,392,379,179,1.0,-1,-1,-1
244,113,457,505,106,87,1.0,-1,-1,-1
244,112,1082,399,366,168,1.0,-1,-1,-1
245,113,457,494,116,102,1.0,-1,-1,-1
245,112,1038,402,334,163,1.0,-1,-1,-1
246,113,461,493,116,103,1.0,-1,-1,-1
246,112,991,407,313,158,1.0,-1,-1,-1
247,113,466,496,120,106,1.0,-1,-1,-1
247,112,976,407,315,156,1.0,-1,-1,-1
248,113,467,495,122,107,1.0,-1,-1,-1
248,112,936,416,287,145,1.0,-1,-1,-1
249,113,472,496,122,107,1.0,-1,-1,-1
249,112,922,427,219,131,1.0,-1,-1,-1
250,113,480,494,123,112,1.0,-1,-1,-1
250,112,883,418,264,145,1.0,-1,-1,-1
251,113,486,495,123,111,1.0,-1,-1,-1
251,112,867,426,209,135,1.0,-1,-1,-1
252,113,488,494,125,114,1.0,-1,-1,-1
252,112,842,428,199,133,1.0,-1,-1,-1
253,113,496,499,134,113,1.0,-1,-1,-1
253,112,832,429,206,131,1.0,-1,-1,-1
254,113,500,499,141,115,1.0,-1,-1,-1
254,112,806,434,203,128,1.0,-1,-1,-1
255,113,505,499,146,118,1.0,-1,-1,-1
255,112,784,437,189,126,1.0,-1,-1,-1
256,113,515,500,150,121,1.0,-1,-1,-1
256,112,764,441,177,121,1.0,-1,-1,-1
257,113,521,497,154,127,1.0,-1,-1,-1
257,112,753,443,182,119,1.0,-1,-1,-1
258,113,528,497,158,129,1.0,-1,-1,-1
258,112,730,446,175,115,1.0,-1,-1,-1
259,113,540,496,166,137,1.0,-1,-1,-1
259,112,722,455,175,112,1.0,-1,-1,-1
260,113,544,499,177,149,1.0,-1,-1,-1
260,112,700,458,169,110,1.0,-1,-1,-1
261,113,553,499,174,152,1.0,-1,-1,-1
261,112,697,461,159,105,1.0,-1,-1,-1
262,113,563,499,195,158,1.0,-1,-1,-1
263,113,574,502,187,157,1.0,-1,-1,-1
264,113,585,497,229,176,1.0,-1,-1,-1
265,113,593,493,246,187,1.0,-1,-1,-1
266,113,629,511,256,192,1.0,-1,-1,-1
266,114,1294,319,304,161,1.0,-1,-1,-1
267,113,634,506,282,205,1.0,-1,-1,-1
267,114,1249,324,333,155,1.0,-1,-1,-1
268,113,664,501,310,230,1.0,-1,-1,-1
268,114,1204,329,356,149,1.0,-1,-1,-1
268,112,563,483,142,101,1.0,-1,-1,-1
269,113,671,505,327,238,1.0,-1,-1,-1
269,114,1160,334,320,145,1.0,-1,-1,-1
269,112,550,490,147,103,1.0,-1,-1,-1
270,113,715,503,387,279,1.0,-1,-1,-1
270,114,1105,352,314,141,1.0,-1,-1,-1
270,112,527,494,147,107,1.0,-1,-1,-1
271,113,729,517,430,315,1.0,-1,-1,-1
271,114,1054,357,304,139,1.0,-1,-1,-1
271,112,520,498,147,101,1.0,-1,-1,-1
272,113,796,515,483,339,1.0,-1,-1,-1
272,114,1040,361,304,138,1.0,-1,-1,-1
272,112,494,504,143,102,1.0,-1,-1,-1
273,113,843,518,633,381,1.0,-1,-1,-1
273,114,1014,373,222,127,1.0,-1,-1,-1
273,112,486,518,106,85,1.0,-1,-1,-1
274,113,852,526,739,432,1.0,-1,-1,-1
274,114,983,377,223,123,1.0,-1,-1,-1
274,112,438,523,147,105,1.0,-1,-1,-1
275,114,992,379,196,119,1.0,-1,-1,-1
275,112,431,526,144,104,1.0,-1,-1,-1
276,114,931,395,202,112,1.0,-1,-1,-1
276,112,400,535,150,101,1.0,-1,-1,-1
277,114,905,396,196,113,1.0,-1,-1,-1
277,112,376,542,142,98,1.0,-1,-1,-1
278,114,901,398,193,113,1.0,-1,-1,-1
278,112,343,556,149,99,1.0,-1,-1,-1
279,114,871,400,194,112,1.0,-1,-1,-1
279,112,336,560,150,96,1.0,-1,-1,-1
280,114,849,402,178,112,1.0,-1,-1,-1
280,112,311,566,148,97,1.0,-1,-1,-1
281,114,824,407,177,109,1.0,-1,-1,-1
281,112,282,573,147,95,1.0,-1,-1,-1
282,114,820,411,168,106,1.0,-1,-1,-1
283,114,796,414,162,106,1.0,-1,-1,-1
283,112,244,588,149,99,1.0,-1,-1,-1
284,114,778,420,153,101,1.0,-1,-1,-1
284,112,218,594,146,98,1.0,-1,-1,-1
285,114,771,422,149,101,1.0,-1,-1,-1
285,112,189,602,149,98,1.0,-1,-1,-1
286,114,750,423,148,101,1.0,-1,-1,-1
286,112,182,603,149,96,1.0,-1,-1,-1
287,114,739,429,148,98,1.0,-1,-1,-1
287,112,127,619,157,102,1.0,-1,-1,-1
288,114,721,433,143,96,1.0,-1,-1,-1
288,112,125,624,148,99,1.0,-1,-1,-1
289,114,716,434,134,93,1.0,-1,-1,-1
289,112,93,631,155,95,1.0,-1,-1,-1
290,114,707,436,136,92,1.0,-1,-1,-1
290,112,89,636,152,90,1.0,-1,-1,-1
291,114,690,437,132,96,1.0,-1,-1,-1
291,112,28,647,163,97,1.0,-1,-1,-1
292,114,680,438,132,94,1.0,-1,-1,-1
292,112,30,650,150,94,1.0,-1,-1,-1
293,114,667,448,120,86,1.0,-1,-1,-1
293,112,0,656,154,98,1.0,-1,-1,-1
294,114,655,447,135,87,1.0,-1,-1,-1
294,112,0,658,145,97,1.0,-1,-1,-1
295,114,652,449,128,85,1.0,-1,-1,-1
295,112,0,669,117,91,1.0,-1,-1,-1
296,114,642,451,116,86,1.0,-1,-1,-1
297,114,633,452,122,86,1.0,-1,-1,-1
298,114,626,453,121,85,1.0,-1,-1,-1
299,114,627,453,110,84,1.0,-1,-1,-1
301,114,609,455,107,83,1.0,-1,-1,-1
304,115,488,512,104,86,1.0,-1,-1,-1
305,115,494,511,99,88,1.0,-1,-1,-1
306,115,511,512,101,89,1.0,-1,-1,-1
307,115,511,512,109,90,1.0,-1,-1,-1
308,115,514,513,113,91,1.0,-1,-1,-1
309,115,517,514,120,97,1.0,-1,-1,-1
310,115,529,515,124,98,1.0,-1,-1,-1
311,115,535,513,129,101,1.0,-1,-1,-1
312,115,540,509,135,107,1.0,-1,-1,-1
313,115,557,507,137,112,1.0,-1,-1,-1
314,115,564,506,142,116,1.0,-1,-1,-1
315,115,578,505,152,121,1.0,-1,-1,-1
316,115,584,510,160,125,1.0,-1,-1,-1
317,115,605,508,166,131,1.0,-1,-1,-1
318,115,609,503,176,140,1.0,-1,-1,-1
319,115,630,502,182,143,1.0,-1,-1,-1
320,115,658,504,185,143,1.0,-1,-1,-1
321,115,669,502,178,149,1.0,-1,-1,-1
322,115,695,496,243,164,1.0,-1,-1,-1
323,115,711,497,243,172,1.0,-1,-1,-1
324,115,753,499,260,179,1.0,-1,-1,-1
325,115,758,496,280,187,1.0,-1,-1,-1
326,115,808,493,291,197,1.0,-1,-1,-1
327,115,865,517,413,188,1.0,-1,-1,-1
328,115,915,516,439,195,1.0,-1,-1,-1
329,115,973,495,475,243,1.0,-1,-1,-1
330,115,1032,474,512,291,1.0,-1,-1,-1
338,116,1158,357,434,201,1.0,-1,-1,-1
339,116,1117,367,405,192,1.0,-1,-1,-1
340,116,1076,377,376,184,1.0,-1,-1,-1
341,116,1035,387,348,176,1.0,-1,-1,-1
342,116,1007,390,332,172,1.0,-1,-1,-1
342,117,1237,283,362,201,1.0,-1,-1,-1
343,116,979,394,316,168,1.0,-1,-1,-1
343,117,1196,298,349,187,1.0,-1,-1,-1
344,116,951,398,300,164,1.0,-1,-1,-1
344,117,1155,313,315,173,1.0,-1,-1,-1
345,116,923,402,284,160,1.0,-1,-1,-1
345,117,1115,328,282,159,1.0,-1,-1,-1
346,116,896,406,268,156,1.0,-1,-1,-1
347,116,878,409,258,153,1.0,-1,-1,-1
348,116,861,413,249,150,1.0,-1,-1,-1
348,118,0,680,146,97,1.0,-1,-1,-1
349,116,844,417,240,147,1.0,-1,-1,-1
349,118,0,678,152,98,1.0,-1,-1,-1
350,116,827,421,231,144,1.0,-1,-1,-1
350,118,7,669,150,100,1.0,-1,-1,-1
351,116,810,425,222,141,1.0,-1,-1,-1
351,118,22,670,151,97,1.0,-1,-1,-1
352,116,798,427,216,138,1.0,-1,-1,-1
352,118,29,670,153,95,1.0,-1,-1,-1
353,116,787,429,210,136,1.0,-1,-1,-1
353,118,35,668,155,94,1.0,-1,-1,-1
354,116,776,431,204,134,1.0,-1,-1,-1
354,118,51,663,160,97,1.0,-1,-1,-1
355,116,765,433,198,132,1.0,-1,-1,-1
355,119,475,509,105,87,1.0,-1,-1,-1
355,118,60,659,159,100,1.0,-1,-1,-1
356,116,754,436,192,130,1.0,-1,-1,-1
356,119,477,510,107,86,1.0,-1,-1,-1
356,118,69,654,157,104,1.0,-1,-1,-1
357,116,748,432,187,131,1.0,-1,-1,-1
357,119,480,510,107,87,1.0,-1,-1,-1
357,118,78,651,164,100,1.0,-1,-1,-1
358,116,736,435,180,129,1.0,-1,-1,-1
358,119,485,510,107,88,1.0,-1,-1,-1
358,118,86,650,159,99,1.0,-1,-1,-1
359,116,729,435,180,128,1.0,-1,-1,-1
359,119,489,510,107,89,1.0,-1,-1,-1
359,118,97,649,152,98,1.0,-1,-1,-1
360,116,721,436,178,126,1.0,-1,-1,-1
360,119,494,510,103,88,1.0,-1,-1,-1
360,118,107,648,143,99,1.0,-1,-1,-1
361,116,707,438,175,123,1.0,-1,-1,-1
361,119,500,511,118,96,1.0,-1,-1,-1
361,118,117,638,148,102,1.0,-1,-1,-1
362,116,700,437,177,124,1.0,-1,-1,-1
362,119,504,512,120,96,1.0,-1,-1,-1
362,118,125,637,144,101,1.0,-1,-1,-1
363,116,694,438,175,121,1.0,-1,-1,-1
363,119,510,511,121,99,1.0,-1,-1,-1
363,118,131,637,143,101,1.0,-1,-1,-1
364,116,694,457,169,110,1.0,-1,-1,-1
364,119,515,508,126,106,1.0,-1,-1,-1
364,118,136,630,170,106,1.0,-1,-1,-1
365,116,692,458,163,107,1.0,-1,-1,-1
365,119,526,509,128,107,1.0,-1,-1,-1
365,118,142,630,167,104,1.0,-1,-1,-1
366,116,681,457,164,113,1.0,-1,-1,-1
366,119,532,509,134,108,1.0,-1,-1,-1
366,118,148,629,167,102,1.0,-1,-1,-1
367,116,678,459,162,111,1.0,-1,-1,-1
367,119,538,509,139,110,1.0,-1,-1,-1
367,118,155,629,166,100,1.0,-1,-1,-1
367,120,1295,325,303,158,1.0,-1,-1,-1
368,116,675,462,160,106,1.0,-1,-1,-1
368,119,551,508,147,114,1.0,-1,-1,-1
368,118,159,628,164,100,1.0,-1,-1,-1
368,120,1254,320,344,159,1.0,-1,-1,-1
369,116,672,463,155,104,1.0,-1,-1,-1
369,119,558,511,151,122,1.0,-1,-1,-1
369,118,163,623,178,97,1.0,-1,-1,-1
369,120,1158,350,334,143,1.0,-1,-1,-1
370,116,671,463,148,102,1.0,-1,-1,-1
370,119,573,512,162,122,1.0,-1,-1,-1
370,118,168,620,178,98,1.0,-1,-1,-1
370,120,1105,353,320,144,1.0,-1,-1,-1
371,116,673,462,140,101,1.0,-1,-1,-1
371,119,579,512,169,124,1.0,-1,-1,-1
371,118,174,618,173,97,1.0,-1,-1,-1
371,120,1089,358,334,140,1.0,-1,-1,-1
372,117,603,451,113,86,1.0,-1,-1,-1
372,119,599,513,177,129,1.0,-1,-1,-1
372,118,180,618,167,95,1.0,-1,-1,-1
372,120,1059,366,304,135,1.0,-1,-1,-1
373,117,598,451,110,86,1.0,-1,-1,-1
373,119,607,512,178,131,1.0,-1,-1,-1
373,118,184,619,161,93,1.0,-1,-1,-1
373,120,1029,374,274,129,1.0,-1,-1,-1
374,116,666,457,135,95,1.0,-1,-1,-1
374,119,625,513,193,136,1.0,-1,-1,-1
374,118,190,607,161,102,1.0,-1,-1,-1
374,120,1000,381,243,123,1.0,-1,-1,-1
375,117,584,452,101,87,1.0,-1,-1,-1
375,119,653,513,196,139,1.0,-1,-1,-1
375,118,206,605,153,103,1.0,-1,-1,-1
375,120,970,389,213,118,1.0,-1,-1,-1
376,119,654,501,238,162,1.0,-1,-1,-1
376,118,206,604,156,103,1.0,-1,-1,-1
376,120,941,397,183,112,1.0,-1,-1,-1
377,119,692,504,250,164,1.0,-1,-1,-1
377,118,204,604,163,103,1.0,-1,-1,-1
377,120,913,400,177,112,1.0,-1,-1,-1
378,119,705,506,259,167,1.0,-1,-1,-1
378,118,203,604,168,102,1.0,-1,-1,-1
378,120,884,404,175,110,1.0,-1,-1,-1
379,116,644,465,148,104,1.0,-1,-1,-1
379,119,740,503,292,176,1.0,-1,-1,-1
379,118,204,605,171,102,1.0,-1,-1,-1
379,120,858,407,166,108,1.0,-1,-1,-1
380,116,643,464,145,104,1.0,-1,-1,-1
380,119,772,512,355,186,1.0,-1,-1,-1
380,118,205,605,172,101,1.0,-1,-1,-1
380,120,854,408,160,106,1.0,-1,-1,-1
381,116,641,464,145,103,1.0,-1,-1,-1
381,119,783,512,351,191,1.0,-1,-1,-1
381,118,205,605,174,102,1.0,-1,-1,-1
381,120,831,416,151,103,1.0,-1,-1,-1
382,116,640,465,145,101,1.0,-1,-1,-1
382,119,832,514,374,195,1.0,-1,-1,-1
382,118,205,604,178,102,1.0,-1,-1,-1
382,120,805,420,149,102,1.0,-1,-1,-1
383,116,639,465,144,100,1.0,-1,-1,-1
383,119,917,472,480,281,1.0,-1,-1,-1
383,118,207,605,178,102,1.0,-1,-1,-1
383,120,800,419,141,100,1.0,-1,-1,-1
384,116,640,466,141,99,1.0,-1,-1,-1
384,119,987,481,517,281,1.0,-1,-1,-1
384,118,208,605,180,102,1.0,-1,-1,-1
384,120,779,423,136,100,1.0,-1,-1,-1
385,116,641,466,138,99,1.0,-1,-1,-1
385,119,1058,490,541,281,1.0,-1,-1,-1
385,118,210,605,179,102,1.0,-1,-1,-1
385,120,766,425,135,99,1.0,-1,-1,-1
386,116,643,466,136,99,1.0,-1,-1,-1
386,118,211,605,180,102,1.0,-1,-1,-1
386,120,754,428,133,99,1.0,-1,-1,-1
387,116,643,465,136,100,1.0,-1,-1,-1
387,118,211,605,180,103,1.0,-1,-1,-1
387,120,741,430,132,98,1.0,-1,-1,-1
388,116,636,469,138,101,1.0,-1,-1,-1
388,118,213,605,178,103,1.0,-1,-1,-1
388,120,729,432,130,97,1.0,-1,-1,-1
389,116,635,468,140,102,1.0,-1,-1,-1
389,118,214,605,175,102,1.0,-1,-1,-1
390,116,634,467,141,103,1.0,-1,-1,-1
390,118,214,605,174,102,1.0,-1,-1,-1
391,116,633,465,143,105,1.0,-1,-1,-1
391,118,214,605,175,102,1.0,-1,-1,-1
392,116,633,462,143,110,1.0,-1,-1,-1
392,118,231,598,165,107,1.0,-1,-1,-1
393,116,638,457,143,109,1.0,-1,-1,-1
393,118,231,598,166,107,1.0,-1,-1,-1
394,116,633,457,143,116,1.0,-1,-1,-1
394,118,231,598,166,107,1.0,-1,-1,-1
395,116,632,456,144,116,1.0,-1,-1,-1
395,118,230,598,167,107,1.0,-1,-1,-1
396,116,630,457,146,115,1.0,-1,-1,-1
396,118,230,598,167,108,1.0,-1,-1,-1
397,116,627,459,151,112,1.0,-1,-1,-1
397,118,229,598,168,108,1.0,-1,-1,-1
398,116,624,461,155,108,1.0,-1,-1,-1
398,118,229,598,168,108,1.0,-1,-1,-1
399,116,625,463,153,106,1.0,-1,-1,-1
399,118,229,598,168,108,1.0,-1,-1,-1
400,116,629,464,148,106,1.0,-1,-1,-1
400,118,229,598,168,107,1.0,-1,-1,-1
400,121,1285,283,313,193,1.0,-1,-1,-1
401,116,632,464,144,107,1.0,-1,-1,-1
401,118,214,604,176,102,1.0,-1,-1,-1
401,121,1232,292,303,188,1.0,-1,-1,-1
402,116,633,465,142,106,1.0,-1,-1,-1
402,118,214,604,175,102,1.0,-1,-1,-1
402,121,1179,302,287,183,1.0,-1,-1,-1
403,116,634,465,141,106,1.0,-1,-1,-1
403,118,214,604,175,102,1.0,-1,-1,-1
403,121,1131,313,266,174,1.0,-1,-1,-1
404,116,634,465,141,106,1.0,-1,-1,-1
404,118,214,605,175,102,1.0,-1,-1,-1
404,121,1063,319,288,167,1.0,-1,-1,-1
405,116,634,465,142,107,1.0,-1,-1,-1
405,118,215,605,174,101,1.0,-1,-1,-1
405,121,1067,324,257,161,1.0,-1,-1,-1
406,116,632,465,144,106,1.0,-1,-1,-1
406,118,215,605,174,101,1.0,-1,-1,-1
406,121,1020,342,239,156,1.0,-1,-1,-1
407,116,632,464,145,106,1.0,-1,-1,-1
407,118,215,605,173,101,1.0,-1,-1,-1
407,121,996,361,197,134,1.0,-1,-1,-1
408,116,632,464,145,107,1.0,-1,-1,-1
408,118,215,605,172,100,1.0,-1,-1,-1
408,121,963,345,226,157,1.0,-1,-1,-1
409,116,632,464,145,107,1.0,-1,-1,-1
409,118,230,600,164,104,1.0,-1,-1,-1
409,121,968,358,180,138,1.0,-1,-1,-1
410,116,633,464,145,107,1.0,-1,-1,-1
410,118,230,599,165,105,1.0,-1,-1,-1
410,121,942,365,173,134,1.0,-1,-1,-1
411,116,633,465,144,106,1.0,-1,-1,-1
411,118,230,599,165,105,1.0,-1,-1,-1
411,121,916,370,168,132,1.0,-1,-1,-1
412,116,633,465,145,107,1.0,-1,-1,-1
412,118,230,599,164,105,1.0,-1,-1,-1
412,121,891,374,164,129,1.0,-1,-1,-1
412,122,0,681,153,100,1.0,-1,-1,-1
413,116,632,464,145,107,1.0,-1,-1,-1
413,118,231,599,164,104,1.0,-1,-1,-1
413,121,861,394,155,118,1.0,-1,-1,-1
413,122,0,679,159,103,1.0,-1,-1,-1
414,116,632,464,146,108,1.0,-1,-1,-1
414,118,231,599,164,104,1.0,-1,-1,-1
414,121,838,397,152,117,1.0,-1,-1,-1
414,122,3,677,159,106,1.0,-1,-1,-1
415,116,632,464,145,108,1.0,-1,-1,-1
415,118,231,599,163,104,1.0,-1,-1,-1
415,121,827,395,159,118,1.0,-1,-1,-1
415,122,12,673,168,104,1.0,-1,-1,-1
416,116,632,464,145,108,1.0,-1,-1,-1
416,118,231,599,163,104,1.0,-1,-1,-1
416,121,801,400,156,116,1.0,-1,-1,-1
416,122,22,669,158,99,1.0,-1,-1,-1
417,116,632,464,145,108,1.0,-1,-1,-1
417,118,231,600,163,104,1.0,-1,-1,-1
417,121,796,401,150,114,1.0,-1,-1,-1
417,122,24,667,162,101,1.0,-1,-1,-1
418,116,633,464,145,107,1.0,-1,-1,-1
418,118,231,600,163,103,1.0,-1,-1,-1
418,121,777,409,142,109,1.0,-1,-1,-1
418,122,29,666,164,103,1.0,-1,-1,-1
419,116,633,464,143,106,1.0,-1,-1,-1
419,118,230,600,164,103,1.0,-1,-1,-1
419,121,771,407,138,111,1.0,-1,-1,-1
419,122,34,665,160,103,1.0,-1,-1,-1
420,116,634,464,142,107,1.0,-1,-1,-1
420,118,231,600,164,103,1.0,-1,-1,-1
420,121,752,411,132,110,1.0,-1,-1,-1
420,122,43,665,169,98,1.0,-1,-1,-1
421,116,635,464,140,107,1.0,-1,-1,-1
421,118,231,600,164,103,1.0,-1,-1,-1
421,121,753,412,118,107,1.0,-1,-1,-1
421,122,45,665,169,97,1.0,-1,-1,-1
422,116,634,463,142,107,1.0,-1,-1,-1
422,118,231,600,163,103,1.0,-1,-1,-1
422,121,725,416,129,106,1.0,-1,-1,-1
422,122,48,664,170,98,1.0,-1,-1,-1
423,116,634,463,141,107,1.0,-1,-1,-1
423,118,231,600,164,103,1.0,-1,-1,-1
423,121,715,419,126,104,1.0,-1,-1,-1
423,122,52,662,169,100,1.0,-1,-1,-1
424,116,634,462,141,108,1.0,-1,-1,-1
424,118,231,600,163,104,1.0,-1,-1,-1
424,122,57,660,165,101,1.0,-1,-1,-1
425,116,634,462,141,108,1.0,-1,-1,-1
425,118,231,600,164,104,1.0,-1,-1,-1
425,122,62,659,161,102,1.0,-1,-1,-1
426,116,634,463,141,107,1.0,-1,-1,-1
426,118,231,600,163,104,1.0,-1,-1,-1
426,122,64,658,159,103,1.0,-1,-1,-1
427,116,634,463,141,108,1.0,-1,-1,-1
427,118,231,600,163,104,1.0,-1,-1,-1
427,122,66,657,157,104,1.0,-1,-1,-1
428,116,634,462,141,108,1.0,-1,-1,-1
428,118,231,599,163,105,1.0,-1,-1,-1
428,122,68,655,154,105,1.0,-1,-1,-1
429,116,634,460,141,109,1.0,-1,-1,-1
429,118,231,599,163,105,1.0,-1,-1,-1
429,122,69,655,151,105,1.0,-1,-1,-1
430,116,632,459,143,111,1.0,-1,-1,-1
430,118,231,599,163,106,1.0,-1,-1,-1
430,122,71,653,151,107,1.0,-1,-1,-1
431,116,630,458,145,111,1.0,-1,-1,-1
431,118,231,598,163,106,1.0,-1,-1,-1
431,122,75,650,168,106,1.0,-1,-1,-1
432,116,627,459,148,110,1.0,-1,-1,-1
432,118,231,598,163,106,1.0,-1,-1,-1
432,123,447,503,101,92,1.0,-1,-1,-1
432,122,75,648,171,108,1.0,-1,-1,-1
433,116,627,462,148,107,1.0,-1,-1,-1
433,118,231,598,163,106,1.0,-1,-1,-1
433,123,447,502,105,92,1.0,-1,-1,-1
433,122,75,648,172,108,1.0,-1,-1,-1
434,116,627,463,148,106,1.0,-1,-1,-1
434,118,231,598,163,106,1.0,-1,-1,-1
434,123,449,503,106,92,1.0,-1,-1,-1
434,122,76,648,171,108,1.0,-1,-1,-1
435,116,629,465,145,107,1.0,-1,-1,-1
435,118,231,598,163,106,1.0,-1,-1,-1
435,123,452,504,105,91,1.0,-1,-1,-1
435,122,77,649,172,106,1.0,-1,-1,-1
436,116,630,466,144,106,1.0,-1,-1,-1
436,118,231,599,163,106,1.0,-1,-1,-1
436,123,456,506,103,90,1.0,-1,-1,-1
436,122,77,649,173,107,1.0,-1,-1,-1
437,116,629,468,144,103,1.0,-1,-1,-1
437,118,230,599,164,106,1.0,-1,-1,-1
437,123,452,498,115,103,1.0,-1,-1,-1
437,122,77,649,173,107,1.0,-1,-1,-1
438,116,628,469,144,101,1.0,-1,-1,-1
438,118,229,599,166,106,1.0,-1,-1,-1
438,123,456,499,114,102,1.0,-1,-1,-1
438,122,77,648,172,108,1.0,-1,-1,-1
439,116,626,469,146,100,1.0,-1,-1,-1
439,118,228,600,167,105,1.0,-1,-1,-1
439,123,459,499,115,102,1.0,-1,-1,-1
439,122,78,649,172,107,1.0,-1,-1,-1
440,116,625,470,145,100,1.0,-1,-1,-1
440,118,229,601,167,104,1.0,-1,-1,-1
440,123,462,497,115,103,1.0,-1,-1,-1
440,122,78,649,172,106,1.0,-1,-1,-1
441,116,624,470,145,99,1.0,-1,-1,-1
441,118,230,602,167,102,1.0,-1,-1,-1
441,123,466,503,122,100,1.0,-1,-1,-1
441,122,79,649,173,105,1.0,-1,-1,-1
442,116,623,471,144,98,1.0,-1,-1,-1
442,118,231,602,168,101,1.0,-1,-1,-1
442,123,467,504,124,100,1.0,-1,-1,-1
442,122,79,648,173,105,1.0,-1,-1,-1
443,116,623,470,142,99,1.0,-1,-1,-1
443,118,232,602,169,101,1.0,-1,-1,-1
443,123,472,502,120,105,1.0,-1,-1,-1
443,122,80,648,174,105,1.0,-1,-1,-1
444,116,621,469,142,100,1.0,-1,-1,-1
444,118,233,601,170,102,1.0,-1,-1,-1
444,123,473,502,124,108,1.0,-1,-1,-1
444,122,81,648,174,105,1.0,-1,-1,-1
445,116,620,468,140,102,1.0,-1,-1,-1
445,118,234,600,171,102,1.0,-1,-1,-1
445,123,476,502,129,110,1.0,-1,-1,-1
445,122,81,648,173,105,1.0,-1,-1,-1
446,116,618,468,139,101,1.0,-1,-1,-1
446,118,237,598,172,104,1.0,-1,-1,-1
446,123,479,500,133,113,1.0,-1,-1,-1
446,122,83,648,172,105,1.0,-1,-1,-1
447,116,617,467,136,102,1.0,-1,-1,-1
447,118,240,597,171,105,1.0,-1,-1,-1
447,123,483,501,135,113,1.0,-1,-1,-1
447,122,84,649,171,104,1.0,-1,-1,-1
448,116,616,468,133,101,1.0,-1,-1,-1
448,118,244,596,170,107,1.0,-1,-1,-1
448,123,492,509,132,108,1.0,-1,-1,-1
448,122,86,649,168,104,1.0,-1,-1,-1
449,116,615,467,131,102,1.0,-1,-1,-1
449,118,246,597,170,105,1.0,-1,-1,-1
449,123,493,506,142,111,1.0,-1,-1,-1
449,122,88,649,166,104,1.0,-1,-1,-1
450,116,613,468,132,101,1.0,-1,-1,-1
450,118,252,596,183,102,1.0,-1,-1,-1
450,123,495,503,152,115,1.0,-1,-1,-1
450,122,89,650,165,104,1.0,-1,-1,-1
451,116,602,470,140,101,1.0,-1,-1,-1
451,118,256,595,183,103,1.0,-1,-1,-1
451,123,497,503,160,117,1.0,-1,-1,-1
451,122,90,649,164,105,1.0,-1,-1,-1
452,118,264,592,180,105,1.0,-1,-1,-1
452,123,507,503,165,118,1.0,-1,-1,-1
452,122,92,650,163,104,1.0,-1,-1,-1
453,118,271,590,177,107,1.0,-1,-1,-1
453,123,511,502,167,122,1.0,-1,-1,-1
453,122,93,649,161,105,1.0,-1,-1,-1
454,118,277,587,172,110,1.0,-1,-1,-1
454,123,516,499,172,127,1.0,-1,-1,-1
454,122,96,650,160,103,1.0,-1,-1,-1
455,118,285,584,185,111,1.0,-1,-1,-1
455,123,523,497,170,131,1.0,-1,-1,-1
455,122,98,649,157,104,1.0,-1,-1,-1
456,118,292,583,181,111,1.0,-1,-1,-1
456,123,530,491,194,147,1.0,-1,-1,-1
456,122,101,643,188,110,1.0,-1,-1,-1
457,118,301,582,174,110,1.0,-1,-1,-1
457,123,537,489,195,150,1.0,-1,-1,-1
457,122,102,643,190,109,1.0,-1,-1,-1
458,118,314,580,184,109,1.0,-1,-1,-1
458,123,554,492,200,142,1.0,-1,-1,-1
458,122,107,643,183,107,1.0,-1,-1,-1
458,124,1219,359,380,198,1.0,-1,-1,-1
459,118,321,581,176,106,1.0,-1,-1,-1
459,123,558,495,204,136,1.0,-1,-1,-1
459,122,111,642,177,107,1.0,-1,-1,-1
459,124,1190,377,387,177,1.0,-1,-1,-1
460,118,334,575,169,104,1.0,-1,-1,-1
460,123,586,501,208,145,1.0,-1,-1,-1
460,122,117,641,170,108,1.0,-1,-1,-1
460,124,1144,381,363,174,1.0,-1,-1,-1
461,118,345,576,158,101,1.0,-1,-1,-1
461,123,583,491,239,156,1.0,-1,-1,-1
461,122,123,635,161,106,1.0,-1,-1,-1
461,124,1100,385,340,170,1.0,-1,-1,-1
462,118,355,573,177,99,1.0,-1,-1,-1
462,123,595,493,249,155,1.0,-1,-1,-1
462,122,128,636,153,104,1.0,-1,-1,-1
462,124,1071,400,365,160,1.0,-1,-1,-1
463,116,511,492,139,107,1.0,-1,-1,-1
463,118,366,572,169,99,1.0,-1,-1,-1
463,123,620,489,257,168,1.0,-1,-1,-1
463,122,126,632,188,111,1.0,-1,-1,-1
463,124,1038,403,333,153,1.0,-1,-1,-1
464,116,503,496,143,102,1.0,-1,-1,-1
464,118,378,564,180,100,1.0,-1,-1,-1
464,123,629,487,270,175,1.0,-1,-1,-1
464,122,131,632,185,108,1.0,-1,-1,-1
464,124,1017,405,341,152,1.0,-1,-1,-1
465,116,495,499,143,96,1.0,-1,-1,-1
465,118,385,562,180,102,1.0,-1,-1,-1
465,123,642,481,280,183,1.0,-1,-1,-1
465,122,136,632,182,105,1.0,-1,-1,-1
465,124,988,407,308,148,1.0,-1,-1,-1
466,116,491,501,139,91,1.0,-1,-1,-1
466,118,395,560,175,105,1.0,-1,-1,-1
466,123,678,478,286,194,1.0,-1,-1,-1
466,122,140,631,183,104,1.0,-1,-1,-1
466,124,975,409,301,147,1.0,-1,-1,-1
467,118,415,554,174,110,1.0,-1,-1,-1
467,123,689,473,298,202,1.0,-1,-1,-1
467,122,147,630,178,102,1.0,-1,-1,-1
467,124,943,414,280,141,1.0,-1,-1,-1
468,116,484,511,119,76,1.0,-1,-1,-1
468,118,421,550,176,114,1.0,-1,-1,-1
468,123,714,473,344,213,1.0,-1,-1,-1
468,122,153,631,170,99,1.0,-1,-1,-1
469,118,429,533,172,116,1.0,-1,-1,-1
469,123,727,471,346,216,1.0,-1,-1,-1
469,122,166,623,174,98,1.0,-1,-1,-1
470,118,441,535,180,116,1.0,-1,-1,-1
470,123,765,464,373,227,1.0,-1,-1,-1
470,122,166,622,178,98,1.0,-1,-1,-1
471,118,447,533,181,116,1.0,-1,-1,-1
471,123,800,452,454,266,1.0,-1,-1,-1
471,122,170,621,179,96,1.0,-1,-1,-1
472,118,459,533,170,114,1.0,-1,-1,-1
472,123,823,445,481,278,1.0,-1,-1,-1
472,122,176,621,175,93,1.0,-1,-1,-1
473,116,378,539,146,99,1.0,-1,-1,-1
473,118,480,531,172,116,1.0,-1,-1,-1
473,123,890,440,512,298,1.0,-1,-1,-1
473,122,184,617,175,95,1.0,-1,-1,-1
474,116,368,544,151,95,1.0,-1,-1,-1
474,118,486,530,174,117,1.0,-1,-1,-1
474,123,920,441,522,300,1.0,-1,-1,-1
474,122,192,613,175,98,1.0,-1,-1,-1
475,116,350,550,143,92,1.0,-1,-1,-1
475,118,491,529,173,118,1.0,-1,-1,-1
475,123,994,436,571,331,1.0,-1,-1,-1
475,122,201,609,175,100,1.0,-1,-1,-1
475,124,832,431,198,122,1.0,-1,-1,-1
476,116,337,555,147,97,1.0,-1,-1,-1
476,118,510,526,174,120,1.0,-1,-1,-1
476,122,209,605,175,103,1.0,-1,-1,-1
476,124,811,433,194,123,1.0,-1,-1,-1
477,118,516,525,175,121,1.0,-1,-1,-1
477,122,218,602,175,105,1.0,-1,-1,-1
477,124,808,434,183,118,1.0,-1,-1,-1
478,118,532,522,181,122,1.0,-1,-1,-1
478,122,226,598,175,108,1.0,-1,-1,-1
478,124,784,437,186,120,1.0,-1,-1,-1
479,118,539,519,182,128,1.0,-1,-1,-1
479,122,234,594,174,110,1.0,-1,-1,-1
479,124,783,440,173,114,1.0,-1,-1,-1
480,118,549,517,178,132,1.0,-1,-1,-1
480,122,243,590,174,113,1.0,-1,-1,-1
480,124,759,440,175,117,1.0,-1,-1,-1
481,118,560,518,193,130,1.0,-1,-1,-1
481,122,245,590,173,112,1.0,-1,-1,-1
481,124,754,442,168,114,1.0,-1,-1,-1
482,118,569,515,193,134,1.0,-1,-1,-1
482,122,255,591,183,109,1.0,-1,-1,-1
482,124,733,446,169,114,1.0,-1,-1,-1
483,118,584,515,205,135,1.0,-1,-1,-1
483,122,261,591,183,109,1.0,-1,-1,-1
483,124,727,448,164,109,1.0,-1,-1,-1
484,118,594,512,202,139,1.0,-1,-1,-1
484,122,272,590,173,109,1.0,-1,-1,-1
484,124,709,451,162,106,1.0,-1,-1,-1
485,116,189,603,142,97,1.0,-1,-1,-1
485,118,608,514,219,140,1.0,-1,-1,-1
485,122,278,588,169,110,1.0,-1,-1,-1
485,124,707,454,152,102,1.0,-1,-1,-1
485,125,1281,316,317,160,1.0,-1,-1,-1
486,116,181,605,146,95,1.0,-1,-1,-1
486,118,618,514,215,143,1.0,-1,-1,-1
486,122,292,586,171,111,1.0,-1,-1,-1
486,124,685,456,150,98,1.0,-1,-1,-1
486,125,1226,324,310,153,1.0,-1,-1,-1
487,116,155,615,146,101,1.0,-1,-1,-1
487,118,643,515,219,143,1.0,-1,-1,-1
487,122,298,585,171,111,1.0,-1,-1,-1
487,124,674,463,156,95,1.0,-1,-1,-1
487,125,1171,332,298,146,1.0,-1,-1,-1
488,116,131,620,148,101,1.0,-1,-1,-1
488,118,649,510,244,152,1.0,-1,-1,-1
488,122,307,584,167,110,1.0,-1,-1,-1
488,125,1117,349,291,144,1.0,-1,-1,-1
489,116,123,625,148,96,1.0,-1,-1,-1
489,118,677,505,221,155,1.0,-1,-1,-1
489,122,322,583,172,108,1.0,-1,-1,-1
489,125,1078,352,283,144,1.0,-1,-1,-1
490,116,99,631,150,93,1.0,-1,-1,-1
490,118,695,505,255,162,1.0,-1,-1,-1
490,122,328,583,172,109,1.0,-1,-1,-1
490,125,1039,354,275,144,1.0,-1,-1,-1
491,116,93,636,147,90,1.0,-1,-1,-1
491,118,705,503,273,168,1.0,-1,-1,-1
491,122,335,581,171,112,1.0,-1,-1,-1
491,125,1000,357,267,143,1.0,-1,-1,-1
492,116,71,643,143,88,1.0,-1,-1,-1
492,118,742,498,277,179,1.0,-1,-1,-1
492,122,340,579,170,115,1.0,-1,-1,-1
492,124,613,474,150,99,1.0,-1,-1,-1
492,125,977,367,245,136,1.0,-1,-1,-1
493,116,53,646,143,91,1.0,-1,-1,-1
493,118,753,497,291,184,1.0,-1,-1,-1
493,122,354,579,169,114,1.0,-1,-1,-1
493,124,596,477,145,101,1.0,-1,-1,-1
493,125,954,377,223,129,1.0,-1,-1,-1
494,116,35,649,143,95,1.0,-1,-1,-1
494,118,787,495,323,188,1.0,-1,-1,-1
494,122,361,579,166,114,1.0,-1,-1,-1
494,124,586,478,146,100,1.0,-1,-1,-1
494,125,930,387,201,122,1.0,-1,-1,-1
495,116,4,655,154,97,1.0,-1,-1,-1
495,118,806,491,311,197,1.0,-1,-1,-1
495,122,371,578,161,115,1.0,-1,-1,-1
495,124,569,482,138,99,1.0,-1,-1,-1
495,125,907,398,179,114,1.0,-1,-1,-1
496,116,1,659,148,95,1.0,-1,-1,-1
496,118,847,500,343,205,1.0,-1,-1,-1
496,122,377,577,158,117,1.0,-1,-1,-1
496,124,561,484,138,98,1.0,-1,-1,-1
496,125,880,401,175,112,1.0,-1,-1,-1
497,116,0,661,142,94,1.0,-1,-1,-1
497,118,893,499,368,209,1.0,-1,-1,-1
497,122,386,578,159,116,1.0,-1,-1,-1
497,124,536,491,142,103,1.0,-1,-1,-1
497,125,851,402,173,113,1.0,-1,-1,-1
498,118,919,467,457,267,1.0,-1,-1,-1
498,122,390,578,162,118,1.0,-1,-1,-1
498,124,528,493,141,101,1.0,-1,-1,-1
498,125,826,409,165,109,1.0,-1,-1,-1
499,118,938,470,485,265,1.0,-1,-1,-1
499,122,396,577,162,119,1.0,-1,-1,-1
499,124,520,497,142,99,1.0,-1,-1,-1
499,125,795,416,168,103,1.0,-1,-1,-1
500,118,1041,468,491,280,1.0,-1,-1,-1
500,122,403,576,161,123,1.0,-1,-1,-1
500,124,499,502,143,102,1.0,-1,-1,-1
500,125,796,417,151,103,1.0,-1,-1,-1
501,118,1087,463,512,295,1.0,-1,-1,-1
501,122,418,578,161,123,1.0,-1,-1,-1
501,124,491,506,141,97,1.0,-1,-1,-1
501,125,765,411,157,109,1.0,-1,-1,-1
502,122,421,578,163,125,1.0,-1,-1,-1
502,124,469,514,144,94,1.0,-1,-1,-1
502,125,745,407,154,116,1.0,-1,-1,-1
503,122,426,578,164,127,1.0,-1,-1,-1
503,125,740,414,147,111,1.0,-1,-1,-1
504,122,428,579,167,130,1.0,-1,-1,-1
504,124,449,531,116,85,1.0,-1,-1,-1
504,125,721,428,137,104,1.0,-1,-1,-1
505,122,432,580,167,133,1.0,-1,-1,-1
505,125,714,429,133,102,1.0,-1,-1,-1
506,122,445,582,173,137,1.0,-1,-1,-1
506,125,696,432,127,103,1.0,-1,-1,-1
507,122,451,581,173,141,1.0,-1,-1,-1
507,125,688,434,125,101,1.0,-1,-1,-1
508,122,459,583,171,141,1.0,-1,-1,-1
508,124,377,548,142,90,1.0,-1,-1,-1
508,125,678,435,129,100,1.0,-1,-1,-1
509,122,465,587,187,140,1.0,-1,-1,-1
509,124,349,556,145,97,1.0,-1,-1,-1
509,125,658,444,132,91,1.0,-1,-1,-1
510,122,471,589,188,152,1.0,-1,-1,-1
510,124,343,557,142,96,1.0,-1,-1,-1
510,125,653,445,128,89,1.0,-1,-1,-1
511,122,480,589,186,156,1.0,-1,-1,-1
511,124,317,564,149,96,1.0,-1,-1,-1
511,125,646,448,107,87,1.0,-1,-1,-1
512,122,490,591,201,160,1.0,-1,-1,-1
512,124,310,566,145,96,1.0,-1,-1,-1
512,125,634,449,117,88,1.0,-1,-1,-1
513,122,495,592,206,165,1.0,-1,-1,-1
513,124,287,574,144,92,1.0,-1,-1,-1
513,125,627,450,116,87,1.0,-1,-1,-1
514,122,496,591,222,175,1.0,-1,-1,-1
514,124,280,575,144,92,1.0,-1,-1,-1
515,122,518,596,224,182,1.0,-1,-1,-1
515,124,251,586,145,98,1.0,-1,-1,-1
515,125,611,452,106,86,1.0,-1,-1,-1
516,122,531,598,230,192,1.0,-1,-1,-1
516,124,244,588,142,95,1.0,-1,-1,-1
516,125,604,454,106,84,1.0,-1,-1,-1
517,122,541,602,241,198,1.0,-1,-1,-1
517,124,225,592,141,96,1.0,-1,-1,-1
518,122,563,603,256,211,1.0,-1,-1,-1
518,124,216,596,142,93,1.0,-1,-1,-1
519,122,572,603,274,224,1.0,-1,-1,-1
519,124,190,602,143,96,1.0,-1,-1,-1
520,122,575,622,301,228,1.0,-1,-1,-1
520,124,182,605,144,93,1.0,-1,-1,-1
521,122,603,624,335,245,1.0,-1,-1,-1
521,124,158,616,142,97,1.0,-1,-1,-1
522,122,633,621,354,292,1.0,-1,-1,-1
522,124,135,620,143,96,1.0,-1,-1,-1
523,122,635,647,402,295,1.0,-1,-1,-1
523,124,128,625,141,93,1.0,-1,-1,-1
524,122,689,645,434,317,1.0,-1,-1,-1
524,124,99,631,151,91,1.0,-1,-1,-1
525,122,703,659,480,329,1.0,-1,-1,-1
525,124,94,634,147,90,1.0,-1,-1,-1
526,122,779,667,523,381,1.0,-1,-1,-1
526,124,70,642,143,87,1.0,-1,-1,-1
527,122,816,682,642,441,1.0,-1,-1,-1
527,124,81,646,114,79,1.0,-1,-1,-1
528,122,853,698,746,501,1.0,-1,-1,-1
528,124,31,649,151,95,1.0,-1,-1,-1
529,124,0,654,166,97,1.0,-1,-1,-1
530,124,0,658,153,95,1.0,-1,-1,-1
531,124,0,661,143,92,1.0,-1,-1,-1
614,126,1283,309,315,168,1.0,-1,-1,-1
615,126,1232,317,322,160,1.0,-1,-1,-1
616,126,1202,320,354,155,1.0,-1,-1,-1
617,126,1166,331,305,148,1.0,-1,-1,-1
618,126,1116,337,297,142,1.0,-1,-1,-1
619,126,1055,351,315,142,1.0,-1,-1,-1
620,126,1058,352,279,141,1.0,-1,-1,-1
621,126,1041,360,226,131,1.0,-1,-1,-1
622,126,1016,363,216,131,1.0,-1,-1,-1
623,126,985,367,218,130,1.0,-1,-1,-1
624,126,963,372,203,127,1.0,-1,-1,-1
625,126,956,377,202,122,1.0,-1,-1,-1
626,126,932,383,198,117,1.0,-1,-1,-1
627,126,902,393,195,112,1.0,-1,-1,-1
628,126,881,397,186,111,1.0,-1,-1,-1
629,126,873,397,188,112,1.0,-1,-1,-1
630,126,850,400,174,111,1.0,-1,-1,-1
631,126,844,395,187,121,1.0,-1,-1,-1
