30,35,924,56,239,123,1.0,-1,-1,-1
31,35,899,53,242,123,1.0,-1,-1,-1
32,35,893,53,241,124,1.0,-1,-1,-1
33,35,888,51,241,125,1.0,-1,-1,-1
34,35,861,46,241,128,1.0,-1,-1,-1
35,35,850,45,250,129,1.0,-1,-1,-1
36,35,853,44,231,130,1.0,-1,-1,-1
37,35,823,45,247,131,1.0,-1,-1,-1
38,35,818,46,240,128,1.0,-1,-1,-1
39,35,814,49,202,127,1.0,-1,-1,-1
40,35,805,49,214,129,1.0,-1,-1,-1
41,35,797,49,214,131,1.0,-1,-1,-1
42,35,794,49,206,131,1.0,-1,-1,-1
43,35,781,56,187,126,1.0,-1,-1,-1
44,35,773,56,195,125,1.0,-1,-1,-1
45,35,766,56,196,124,1.0,-1,-1,-1
46,35,761,58,191,122,1.0,-1,-1,-1
47,35,753,59,180,124,1.0,-1,-1,-1
48,35,747,59,183,123,1.0,-1,-1,-1
49,35,741,60,184,122,1.0,-1,-1,-1
50,35,735,62,184,120,1.0,-1,-1,-1
51,35,729,63,184,120,1.0,-1,-1,-1
52,35,726,63,182,121,1.0,-1,-1,-1
53,35,717,61,180,126,1.0,-1,-1,-1
54,35,712,61,182,127,1.0,-1,-1,-1
55,35,706,60,184,128,1.0,-1,-1,-1
56,35,700,59,184,129,1.0,-1,-1,-1
57,35,694,59,185,130,1.0,-1,-1,-1
58,35,689,60,184,130,1.0,-1,-1,-1
59,35,687,62,182,129,1.0,-1,-1,-1
60,35,679,60,181,132,1.0,-1,-1,-1
61,35,676,60,183,133,1.0,-1,-1,-1
62,35,673,59,181,135,1.0,-1,-1,-1
62,36,1316,297,603,487,1.0,-1,-1,-1
63,35,668,60,181,137,1.0,-1,-1,-1
63,36,1292,288,597,470,1.0,-1,-1,-1
64,35,664,60,178,137,1.0,-1,-1,-1
64,36,1268,280,576,454,1.0,-1,-1,-1
65,35,658,61,178,136,1.0,-1,-1,-1
65,36,1244,271,555,438,1.0,-1,-1,-1
66,35,654,61,178,135,1.0,-1,-1,-1
66,36,1220,263,535,421,1.0,-1,-1,-1
67,35,644,62,179,135,1.0,-1,-1,-1
67,36,1196,254,514,405,1.0,-1,-1,-1
68,35,640,61,181,137,1.0,-1,-1,-1
68,36,1172,246,493,389,1.0,-1,-1,-1
69,35,636,60,182,140,1.0,-1,-1,-1
69,36,1149,238,473,373,1.0,-1,-1,-1
70,35,632,59,181,143,1.0,-1,-1,-1
70,36,1129,228,463,365,1.0,-1,-1,-1
71,35,627,59,180,142,1.0,-1,-1,-1
71,36,1109,218,453,357,1.0,-1,-1,-1
72,35,622,60,178,141,1.0,-1,-1,-1
72,36,1089,208,443,349,1.0,-1,-1,-1
73,35,618,61,178,140,1.0,-1,-1,-1
73,36,1069,198,433,341,1.0,-1,-1,-1
74,35,610,67,189,138,1.0,-1,-1,-1
74,36,1050,188,423,334,1.0,-1,-1,-1
75,35,601,65,188,144,1.0,-1,-1,-1
75,36,1035,180,416,329,1.0,-1,-1,-1
76,35,599,66,187,143,1.0,-1,-1,-1
76,36,1021,173,410,325,1.0,-1,-1,-1
77,35,595,67,185,142,1.0,-1,-1,-1
77,36,1007,166,404,321,1.0,-1,-1,-1
78,35,590,67,186,141,1.0,-1,-1,-1
78,36,993,158,397,317,1.0,-1,-1,-1
79,35,586,67,185,142,1.0,-1,-1,-1
79,36,979,151,391,313,1.0,-1,-1,-1
80,35,581,69,187,141,1.0,-1,-1,-1
80,36,965,144,385,309,1.0,-1,-1,-1
81,35,578,70,187,140,1.0,-1,-1,-1
81,36,951,137,379,305,1.0,-1,-1,-1
82,35,575,70,187,141,1.0,-1,-1,-1
82,36,937,129,372,301,1.0,-1,-1,-1
83,35,574,70,186,143,1.0,-1,-1,-1
83,36,923,122,366,297,1.0,-1,-1,-1
84,35,568,69,184,148,1.0,-1,-1,-1
84,36,909,115,360,293,1.0,-1,-1,-1
85,35,566,71,185,145,1.0,-1,-1,-1
85,36,895,108,354,289,1.0,-1,-1,-1
86,35,562,72,187,145,1.0,-1,-1,-1
86,36,888,104,348,284,1.0,-1,-1,-1
87,35,558,73,188,147,1.0,-1,-1,-1
87,36,882,101,343,280,1.0,-1,-1,-1
88,35,555,73,188,149,1.0,-1,-1,-1
88,36,876,97,338,276,1.0,-1,-1,-1
89,35,554,75,187,151,1.0,-1,-1,-1
89,36,869,94,332,271,1.0,-1,-1,-1
90,35,552,77,184,153,1.0,-1,-1,-1
90,36,863,90,327,267,1.0,-1,-1,-1
91,35,551,79,183,156,1.0,-1,-1,-1
91,36,857,87,322,263,1.0,-1,-1,-1
92,35,549,82,182,158,1.0,-1,-1,-1
92,36,850,83,316,258,1.0,-1,-1,-1
93,35,547,84,185,159,1.0,-1,-1,-1
93,36,844,80,311,254,1.0,-1,-1,-1
94,35,544,86,188,159,1.0,-1,-1,-1
94,36,838,76,306,250,1.0,-1,-1,-1
95,35,541,89,190,155,1.0,-1,-1,-1
95,36,831,73,300,245,1.0,-1,-1,-1
96,35,534,95,201,160,1.0,-1,-1,-1
96,36,825,69,295,241,1.0,-1,-1,-1
97,35,533,97,202,159,1.0,-1,-1,-1
97,36,819,66,290,237,1.0,-1,-1,-1
98,35,533,100,202,157,1.0,-1,-1,-1
98,36,813,63,285,233,1.0,-1,-1,-1
99,35,533,101,204,158,1.0,-1,-1,-1
99,36,815,61,279,229,1.0,-1,-1,-1
100,35,534,102,204,159,1.0,-1,-1,-1
100,36,817,60,273,225,1.0,-1,-1,-1
101,35,535,104,205,162,1.0,-1,-1,-1
101,36,819,58,268,221,1.0,-1,-1,-1
102,35,536,107,205,163,1.0,-1,-1,-1
102,36,821,57,262,217,1.0,-1,-1,-1
103,35,537,109,206,167,1.0,-1,-1,-1
103,36,823,55,257,213,1.0,-1,-1,-1
104,35,539,111,208,171,1.0,-1,-1,-1
104,36,825,54,251,209,1.0,-1,-1,-1
105,35,540,112,210,175,1.0,-1,-1,-1
105,36,827,52,246,205,1.0,-1,-1,-1
106,35,540,114,214,176,1.0,-1,-1,-1
106,36,829,51,240,201,1.0,-1,-1,-1
107,35,540,126,219,170,1.0,-1,-1,-1
107,36,831,49,235,197,1.0,-1,-1,-1
108,35,543,128,218,168,1.0,-1,-1,-1
108,36,833,48,229,193,1.0,-1,-1,-1
109,35,547,131,216,168,1.0,-1,-1,-1
109,36,836,46,223,189,1.0,-1,-1,-1
110,35,549,132,215,170,1.0,-1,-1,-1
110,36,838,45,218,186,1.0,-1,-1,-1
111,35,549,133,218,173,1.0,-1,-1,-1
111,36,840,43,212,182,1.0,-1,-1,-1
112,35,548,135,224,175,1.0,-1,-1,-1
112,36,842,42,207,178,1.0,-1,-1,-1
112,37,1492,374,424,365,1.0,-1,-1,-1
113,35,549,136,236,183,1.0,-1,-1,-1
113,36,844,40,201,174,1.0,-1,-1,-1
113,37,1466,361,427,359,1.0,-1,-1,-1
114,35,548,141,243,184,1.0,-1,-1,-1
114,36,849,38,198,176,1.0,-1,-1,-1
114,37,1445,350,422,342,1.0,-1,-1,-1
115,35,550,147,245,181,1.0,-1,-1,-1
115,36,854,37,195,174,1.0,-1,-1,-1
115,37,1437,370,407,295,1.0,-1,-1,-1
116,35,553,157,247,181,1.0,-1,-1,-1
116,36,859,37,192,173,1.0,-1,-1,-1
116,37,1386,347,421,309,1.0,-1,-1,-1
117,35,560,160,243,180,1.0,-1,-1,-1
117,36,869,32,191,177,1.0,-1,-1,-1
117,37,1350,316,437,349,1.0,-1,-1,-1
118,35,560,156,241,201,1.0,-1,-1,-1
118,36,872,32,188,176,1.0,-1,-1,-1
118,37,1328,331,411,294,1.0,-1,-1,-1
119,35,562,159,243,201,1.0,-1,-1,-1
119,36,877,32,185,174,1.0,-1,-1,-1
119,37,1315,327,402,289,1.0,-1,-1,-1
120,35,563,163,245,201,1.0,-1,-1,-1
120,36,880,32,185,171,1.0,-1,-1,-1
120,37,1295,317,406,273,1.0,-1,-1,-1
121,35,566,168,248,201,1.0,-1,-1,-1
121,36,884,33,186,164,1.0,-1,-1,-1
121,37,1278,309,367,264,1.0,-1,-1,-1
122,35,569,174,254,200,1.0,-1,-1,-1
122,36,890,34,186,159,1.0,-1,-1,-1
122,37,1265,293,362,271,1.0,-1,-1,-1
123,35,574,179,260,203,1.0,-1,-1,-1
123,36,893,36,187,152,1.0,-1,-1,-1
123,37,1246,287,362,264,1.0,-1,-1,-1
124,35,580,181,266,208,1.0,-1,-1,-1
124,36,914,32,180,160,1.0,-1,-1,-1
124,37,1202,279,377,257,1.0,-1,-1,-1
125,35,588,182,267,217,1.0,-1,-1,-1
125,36,917,32,181,158,1.0,-1,-1,-1
125,37,1195,274,364,254,1.0,-1,-1,-1
126,35,592,186,272,221,1.0,-1,-1,-1
126,36,923,32,181,156,1.0,-1,-1,-1
126,37,1177,266,358,240,1.0,-1,-1,-1
127,35,592,190,281,225,1.0,-1,-1,-1
127,36,932,32,176,154,1.0,-1,-1,-1
127,37,1176,265,332,231,1.0,-1,-1,-1
128,35,606,192,282,235,1.0,-1,-1,-1
128,36,940,33,171,151,1.0,-1,-1,-1
128,37,1152,258,331,229,1.0,-1,-1,-1
129,35,613,195,284,237,1.0,-1,-1,-1
129,36,956,33,169,153,1.0,-1,-1,-1
129,37,1146,251,317,223,1.0,-1,-1,-1
130,35,620,210,292,232,1.0,-1,-1,-1
130,36,962,35,167,150,1.0,-1,-1,-1
130,37,1135,242,304,221,1.0,-1,-1,-1
131,35,634,216,290,233,1.0,-1,-1,-1
131,36,969,34,166,150,1.0,-1,-1,-1
131,37,1126,234,294,219,1.0,-1,-1,-1
132,35,641,224,296,234,1.0,-1,-1,-1
132,36,976,35,164,147,1.0,-1,-1,-1
132,37,1100,221,293,218,1.0,-1,-1,-1
133,35,647,231,303,236,1.0,-1,-1,-1
133,36,982,34,160,145,1.0,-1,-1,-1
133,37,1094,216,282,218,1.0,-1,-1,-1
134,35,649,237,313,237,1.0,-1,-1,-1
134,36,997,31,160,149,1.0,-1,-1,-1
134,37,1080,216,274,212,1.0,-1,-1,-1
135,35,673,242,308,246,1.0,-1,-1,-1
135,36,1006,28,152,152,1.0,-1,-1,-1
135,37,1068,199,264,220,1.0,-1,-1,-1
136,35,678,249,317,251,1.0,-1,-1,-1
136,36,1013,26,147,153,1.0,-1,-1,-1
136,37,1058,198,264,212,1.0,-1,-1,-1
137,35,684,255,327,255,1.0,-1,-1,-1
137,36,1022,26,142,153,1.0,-1,-1,-1
137,37,1034,192,273,213,1.0,-1,-1,-1
138,35,684,265,352,269,1.0,-1,-1,-1
138,37,1024,185,268,214,1.0,-1,-1,-1
139,35,691,270,360,268,1.0,-1,-1,-1
139,37,1013,178,259,213,1.0,-1,-1,-1
140,35,714,279,362,274,1.0,-1,-1,-1
140,37,1001,174,249,209,1.0,-1,-1,-1
141,35,727,290,354,275,1.0,-1,-1,-1
141,37,992,170,248,208,1.0,-1,-1,-1
142,35,737,302,357,277,1.0,-1,-1,-1
142,37,969,162,255,211,1.0,-1,-1,-1
143,35,743,308,370,290,1.0,-1,-1,-1
143,37,958,157,252,209,1.0,-1,-1,-1
144,35,749,324,385,294,1.0,-1,-1,-1
144,37,949,153,243,206,1.0,-1,-1,-1
145,35,750,328,401,300,1.0,-1,-1,-1
145,37,939,158,240,180,1.0,-1,-1,-1
146,35,779,336,394,307,1.0,-1,-1,-1
146,37,929,149,241,181,1.0,-1,-1,-1
147,35,794,353,390,307,1.0,-1,-1,-1
147,37,926,143,232,188,1.0,-1,-1,-1
148,35,801,366,406,310,1.0,-1,-1,-1
148,37,910,142,231,181,1.0,-1,-1,-1
149,35,804,387,429,323,1.0,-1,-1,-1
149,37,907,137,224,181,1.0,-1,-1,-1
150,35,838,403,420,317,1.0,-1,-1,-1
150,37,903,131,216,179,1.0,-1,-1,-1
151,35,857,405,416,355,1.0,-1,-1,-1
151,37,898,127,213,177,1.0,-1,-1,-1
152,35,866,421,438,354,1.0,-1,-1,-1
152,37,880,128,216,168,1.0,-1,-1,-1
153,35,881,448,454,353,1.0,-1,-1,-1
153,37,874,128,215,167,1.0,-1,-1,-1
154,35,899,457,468,365,1.0,-1,-1,-1
154,37,872,119,210,166,1.0,-1,-1,-1
155,35,916,473,479,381,1.0,-1,-1,-1
155,37,871,116,205,169,1.0,-1,-1,-1
156,35,942,491,510,402,1.0,-1,-1,-1
156,37,869,112,199,170,1.0,-1,-1,-1
157,35,946,517,531,406,1.0,-1,-1,-1
157,37,868,110,195,166,1.0,-1,-1,-1
158,35,960,531,553,418,1.0,-1,-1,-1
158,37,861,111,191,155,1.0,-1,-1,-1
159,35,991,574,569,432,1.0,-1,-1,-1
159,37,862,110,187,148,1.0,-1,-1,-1
160,35,1008,594,590,450,1.0,-1,-1,-1
160,37,862,108,184,145,1.0,-1,-1,-1
161,35,1052,627,616,451,1.0,-1,-1,-1
161,37,862,106,181,145,1.0,-1,-1,-1
162,37,862,103,179,145,1.0,-1,-1,-1
163,37,865,95,176,136,1.0,-1,-1,-1
164,37,865,91,177,139,1.0,-1,-1,-1
165,37,866,88,176,141,1.0,-1,-1,-1
166,37,868,84,175,142,1.0,-1,-1,-1
167,37,870,80,171,143,1.0,-1,-1,-1
167,38,1446,346,472,426,1.0,-1,-1,-1
168,37,873,77,168,142,1.0,-1,-1,-1
168,38,1416,334,498,411,1.0,-1,-1,-1
169,37,875,76,166,142,1.0,-1,-1,-1
169,38,1397,322,488,400,1.0,-1,-1,-1
170,37,878,73,171,143,1.0,-1,-1,-1
170,38,1351,306,479,392,1.0,-1,-1,-1
171,37,880,72,170,142,1.0,-1,-1,-1
171,38,1322,299,471,376,1.0,-1,-1,-1
172,37,884,73,169,137,1.0,-1,-1,-1
172,38,1293,295,458,366,1.0,-1,-1,-1
173,37,888,72,168,138,1.0,-1,-1,-1
173,38,1286,260,427,381,1.0,-1,-1,-1
174,37,892,72,169,138,1.0,-1,-1,-1
174,38,1242,264,430,368,1.0,-1,-1,-1
175,37,891,47,170,153,1.0,-1,-1,-1
175,38,1240,271,397,326,1.0,-1,-1,-1
176,37,892,46,173,151,1.0,-1,-1,-1
176,38,1217,243,402,365,1.0,-1,-1,-1
177,37,893,45,177,149,1.0,-1,-1,-1
177,38,1182,247,391,315,1.0,-1,-1,-1
178,37,894,45,180,140,1.0,-1,-1,-1
178,38,1171,245,378,305,1.0,-1,-1,-1
179,37,924,57,160,140,1.0,-1,-1,-1
179,38,1153,234,379,295,1.0,-1,-1,-1
180,37,928,58,163,137,1.0,-1,-1,-1
180,38,1127,223,369,290,1.0,-1,-1,-1
181,37,933,58,166,135,1.0,-1,-1,-1
181,38,1114,207,361,291,1.0,-1,-1,-1
182,37,941,57,163,132,1.0,-1,-1,-1
182,38,1100,194,353,289,1.0,-1,-1,-1
183,37,948,57,159,131,1.0,-1,-1,-1
183,38,1070,187,354,284,1.0,-1,-1,-1
184,37,951,54,157,131,1.0,-1,-1,-1
184,38,1064,184,337,280,1.0,-1,-1,-1
185,37,960,63,157,127,1.0,-1,-1,-1
185,38,1047,171,329,276,1.0,-1,-1,-1
186,37,968,64,154,125,1.0,-1,-1,-1
186,38,1037,176,316,258,1.0,-1,-1,-1
187,37,976,62,148,126,1.0,-1,-1,-1
187,38,1016,177,318,252,1.0,-1,-1,-1
188,37,985,61,144,126,1.0,-1,-1,-1
188,38,1009,172,313,248,1.0,-1,-1,-1
189,37,992,62,139,121,1.0,-1,-1,-1
189,38,1000,164,302,247,1.0,-1,-1,-1
190,37,998,60,136,121,1.0,-1,-1,-1
190,38,986,154,294,249,1.0,-1,-1,-1
191,37,1006,61,145,118,1.0,-1,-1,-1
191,38,980,145,280,249,1.0,-1,-1,-1
192,37,1011,61,139,115,1.0,-1,-1,-1
192,38,978,140,270,244,1.0,-1,-1,-1
193,37,1018,60,138,113,1.0,-1,-1,-1
193,38,963,137,265,236,1.0,-1,-1,-1
194,37,1024,59,137,112,1.0,-1,-1,-1
194,38,952,135,263,231,1.0,-1,-1,-1
195,37,1027,60,138,100,1.0,-1,-1,-1
195,38,939,128,256,224,1.0,-1,-1,-1
196,38,931,131,247,214,1.0,-1,-1,-1
197,38,928,133,237,206,1.0,-1,-1,-1
198,38,920,132,241,199,1.0,-1,-1,-1
199,38,906,130,245,198,1.0,-1,-1,-1
200,38,901,124,244,197,1.0,-1,-1,-1
201,38,892,117,250,197,1.0,-1,-1,-1
202,38,877,111,259,195,1.0,-1,-1,-1
203,38,866,107,261,196,1.0,-1,-1,-1
204,38,867,104,234,190,1.0,-1,-1,-1
205,38,862,98,229,194,1.0,-1,-1,-1
206,38,859,92,221,196,1.0,-1,-1,-1
207,38,858,87,213,196,1.0,-1,-1,-1
208,38,847,88,209,185,1.0,-1,-1,-1
209,38,841,85,208,182,1.0,-1,-1,-1
210,38,835,85,206,179,1.0,-1,-1,-1
211,38,835,73,197,183,1.0,-1,-1,-1
212,38,832,69,195,184,1.0,-1,-1,-1
213,38,832,64,192,185,1.0,-1,-1,-1
214,38,826,66,184,174,1.0,-1,-1,-1
215,38,826,63,182,171,1.0,-1,-1,-1
216,38,825,61,180,169,1.0,-1,-1,-1
217,38,824,60,179,167,1.0,-1,-1,-1
218,38,824,60,178,165,1.0,-1,-1,-1
219,38,824,59,178,162,1.0,-1,-1,-1
220,38,826,59,175,159,1.0,-1,-1,-1
221,38,827,59,174,157,1.0,-1,-1,-1
222,38,831,59,172,155,1.0,-1,-1,-1
223,38,834,48,169,165,1.0,-1,-1,-1
224,38,835,49,169,162,1.0,-1,-1,-1
225,38,839,46,179,161,1.0,-1,-1,-1
226,38,843,45,177,161,1.0,-1,-1,-1
227,38,850,45,172,160,1.0,-1,-1,-1
228,38,857,44,171,159,1.0,-1,-1,-1
229,38,864,44,171,158,1.0,-1,-1,-1
230,38,869,44,170,157,1.0,-1,-1,-1
231,38,873,45,168,151,1.0,-1,-1,-1
232,38,879,42,175,149,1.0,-1,-1,-1
233,38,882,39,178,149,1.0,-1,-1,-1
234,38,889,38,177,148,1.0,-1,-1,-1
235,38,895,38,177,143,1.0,-1,-1,-1
236,38,901,40,175,138,1.0,-1,-1,-1
237,38,923,41,167,140,1.0,-1,-1,-1
238,38,931,41,167,139,1.0,-1,-1,-1
239,38,939,39,169,140,1.0,-1,-1,-1
240,38,946,39,167,139,1.0,-1,-1,-1
241,38,958,40,164,139,1.0,-1,-1,-1
242,38,967,41,159,137,1.0,-1,-1,-1
243,38,978,40,154,139,1.0,-1,-1,-1
244,38,988,39,150,139,1.0,-1,-1,-1
245,38,999,37,152,143,1.0,-1,-1,-1
246,38,1007,38,144,138,1.0,-1,-1,-1
247,38,1014,39,142,137,1.0,-1,-1,-1
248,38,1015,40,143,134,1.0,-1,-1,-1
259,39,1487,415,431,358,1.0,-1,-1,-1
260,39,1455,398,437,354,1.0,-1,-1,-1
261,39,1430,375,437,352,1.0,-1,-1,-1
262,39,1382,351,443,361,1.0,-1,-1,-1
263,39,1352,343,451,351,1.0,-1,-1,-1
264,39,1311,330,461,341,1.0,-1,-1,-1
265,39,1297,333,435,305,1.0,-1,-1,-1
266,39,1283,328,422,294,1.0,-1,-1,-1
267,39,1248,313,412,284,1.0,-1,-1,-1
268,39,1235,305,399,280,1.0,-1,-1,-1
269,39,1225,294,386,274,1.0,-1,-1,-1
270,39,1183,281,386,266,1.0,-1,-1,-1
271,39,1172,276,372,261,1.0,-1,-1,-1
272,39,1133,273,376,249,1.0,-1,-1,-1
273,39,1128,257,358,244,1.0,-1,-1,-1
274,39,1117,250,346,242,1.0,-1,-1,-1
275,39,1109,241,328,239,1.0,-1,-1,-1
276,39,1080,235,328,228,1.0,-1,-1,-1
277,39,1073,230,319,226,1.0,-1,-1,-1
278,39,1063,227,305,220,1.0,-1,-1,-1
279,39,1051,222,298,217,1.0,-1,-1,-1
280,39,1023,215,304,216,1.0,-1,-1,-1
281,39,1016,193,294,222,1.0,-1,-1,-1
281,40,1489,446,429,365,1.0,-1,-1,-1
282,39,1006,187,287,221,1.0,-1,-1,-1
282,40,1462,413,429,357,1.0,-1,-1,-1
283,39,993,181,281,217,1.0,-1,-1,-1
283,40,1432,393,432,356,1.0,-1,-1,-1
284,39,983,177,277,210,1.0,-1,-1,-1
284,40,1378,360,441,369,1.0,-1,-1,-1
285,39,980,175,269,207,1.0,-1,-1,-1
285,40,1346,342,441,367,1.0,-1,-1,-1
286,39,967,169,266,200,1.0,-1,-1,-1
286,40,1307,327,439,360,1.0,-1,-1,-1
287,39,961,166,260,194,1.0,-1,-1,-1
287,40,1296,340,412,305,1.0,-1,-1,-1
288,39,954,168,255,181,1.0,-1,-1,-1
288,40,1254,325,398,303,1.0,-1,-1,-1
289,39,941,159,250,191,1.0,-1,-1,-1
289,40,1229,317,403,285,1.0,-1,-1,-1
290,39,937,161,244,177,1.0,-1,-1,-1
290,40,1203,311,370,265,1.0,-1,-1,-1
291,39,930,161,242,174,1.0,-1,-1,-1
291,40,1184,299,376,266,1.0,-1,-1,-1
292,39,920,148,245,178,1.0,-1,-1,-1
292,40,1165,289,373,261,1.0,-1,-1,-1
293,39,920,142,235,182,1.0,-1,-1,-1
293,40,1132,278,368,253,1.0,-1,-1,-1
294,39,905,142,235,172,1.0,-1,-1,-1
294,40,1122,275,358,246,1.0,-1,-1,-1
295,39,902,139,225,169,1.0,-1,-1,-1
295,40,1107,258,344,239,1.0,-1,-1,-1
296,39,897,134,222,168,1.0,-1,-1,-1
296,40,1104,251,323,234,1.0,-1,-1,-1
297,39,893,129,220,171,1.0,-1,-1,-1
297,40,1074,243,322,230,1.0,-1,-1,-1
298,39,878,130,225,165,1.0,-1,-1,-1
298,40,1060,232,311,230,1.0,-1,-1,-1
299,39,873,130,223,163,1.0,-1,-1,-1
299,40,1046,227,305,223,1.0,-1,-1,-1
300,39,865,121,224,158,1.0,-1,-1,-1
300,40,1039,223,301,217,1.0,-1,-1,-1
301,39,862,116,216,160,1.0,-1,-1,-1
301,40,1015,217,298,213,1.0,-1,-1,-1
302,39,861,111,209,160,1.0,-1,-1,-1
302,40,1002,201,288,215,1.0,-1,-1,-1
303,39,851,111,206,153,1.0,-1,-1,-1
303,40,990,198,281,211,1.0,-1,-1,-1
304,39,850,110,202,146,1.0,-1,-1,-1
304,40,984,194,271,204,1.0,-1,-1,-1
305,39,849,110,199,142,1.0,-1,-1,-1
305,40,982,188,261,202,1.0,-1,-1,-1
306,39,847,108,197,140,1.0,-1,-1,-1
306,40,962,184,265,198,1.0,-1,-1,-1
307,39,846,105,195,142,1.0,-1,-1,-1
307,40,961,177,247,181,1.0,-1,-1,-1
308,39,846,93,188,141,1.0,-1,-1,-1
308,40,960,173,236,182,1.0,-1,-1,-1
309,39,833,79,210,160,1.0,-1,-1,-1
309,40,933,165,256,190,1.0,-1,-1,-1
